99	53	19	77	66
28	37	61	55	14
55	86	7	38	10
43	89	99	98	76
70	4	16	51	68
76	78	82	100	97
88	33	48	76	63
1	5	2	22	18
13	55	46	21	100
19	11	81	6	87
88	58	66	69	41
98	27	73	101	5
20	82	52	79	90
58	75	92	79	89
79	43	26	11	25
88	5	26	14	14
98	25	71	38	64
41	101	101	12	66
6	91	36	82	52
33	63	5	52	97
6	82	98	51	95
57	17	40	90	4
41	36	51	12	76
5	39	83	22	85
32	5	101	59	19
84	37	81	60	12
51	61	51	71	57
74	57	5	42	71
66	16	56	92	68
69	78	71	49	74
42	82	38	101	95
93	95	84	63	68
24	23	33	58	99
39	81	31	69	100
94	88	74	77	58
90	49	14	81	36
25	68	67	65	74
48	39	47	101	38
68	35	87	51	6
91	3	55	20	78
32	84	18	27	33
69	6	51	32	65
55	32	61	88	85
50	70	94	43	34
50	27	79	56	39
57	52	53	86	37
38	22	32	42	52
7	80	61	4	101
2	99	73	20	69
97	86	49	93	37
31	78	66	4	34
16	98	83	77	16
90	23	4	52	20
66	25	61	33	79
35	26	72	51	31
50	79	76	1	97
98	48	81	53	19
78	67	12	63	20
38	54	29	75	89
37	18	16	75	18
50	55	38	82	75
28	78	4	100	26
57	31	18	78	21
23	69	15	99	34
27	93	50	51	50
21	39	42	7	64
17	101	15	56	35
58	42	60	3	48
11	100	46	26	33
80	42	88	49	2
18	1	6	24	41
20	65	46	10	81
19	60	60	60	70
101	6	101	72	3
61	81	12	18	20
91	49	94	1	38
28	49	49	72	89
84	77	73	44	101
86	66	51	83	17
45	22	97	92	46
98	8	57	29	23
54	20	41	69	44
5	48	67	82	56
4	1	29	16	78
98	17	74	43	82
89	28	4	15	33
97	86	86	34	98
101	80	16	80	60
36	36	86	17	55
17	37	99	47	47
9	32	98	95	90
60	17	17	6	97
46	25	77	84	37
84	82	28	66	59
88	25	53	95	95
35	69	44	63	96
59	71	65	28	1
79	48	13	9	76
99	14	82	1	31
14	68	32	101	76
14	16	60	21	90
16	87	95	50	81
36	19	3	41	99
87	62	4	82	89
28	30	63	64	68
99	36	67	25	56
48	88	57	76	52
11	56	33	73	43
87	100	59	52	3
51	82	29	71	10
94	73	45	31	1
92	65	22	19	98
34	43	43	43	75
33	93	28	72	5
100	28	13	84	20
87	12	101	71	69
64	67	26	6	70
64	64	68	57	23
88	6	80	23	32
35	55	73	29	81
39	71	37	84	9
28	87	9	33	52
66	6	29	84	7
93	92	3	70	24
2	37	80	90	75
32	6	55	92	30
72	60	30	5	21
82	13	44	62	14
83	43	81	33	41
100	46	86	79	92
52	74	45	14	39
12	87	57	13	26
78	78	82	5	61
78	38	99	10	19
6	23	55	57	24
45	25	30	71	39
7	28	20	99	71
6	2	9	24	45
53	45	23	62	77
27	15	89	12	34
64	56	76	78	98
28	53	31	48	29
29	100	80	17	14
11	9	35	42	96
48	25	55	99	79
65	66	42	62	40
3	88	64	63	16
99	50	11	36	66
12	43	24	62	99
73	12	76	54	37
21	91	71	19	35
39	28	83	19	62
75	43	23	7	38
5	61	84	78	65
17	35	101	90	14
69	43	100	76	46
6	9	37	78	101
72	97	86	22	35
1	11	69	70	39
7	7	42	15	33
28	51	58	22	33
32	5	65	85	85
98	33	51	45	47
85	37	79	29	26
44	61	37	96	98
85	64	68	49	87
56	89	77	31	21
67	90	4	61	8
55	69	27	59	94
24	11	2	21	27
80	28	24	99	41
82	81	46	88	83
60	17	68	13	91
12	15	14	86	11
2	87	80	60	79
37	29	70	40	6
50	53	49	80	42
70	21	25	19	51
92	69	50	56	13
64	72	100	96	78
59	99	13	81	91
56	85	31	5	14
92	60	80	10	10
70	51	34	48	32
98	88	63	1	13
51	32	57	14	13
64	9	23	39	13
4	55	47	80	87
11	92	70	17	10
89	69	96	37	22
21	64	23	66	30
82	33	21	31	31
70	47	3	58	6
13	72	40	10	100
71	50	72	39	61
98	42	91	4	96
32	40	27	31	40
54	11	40	51	19
58	50	9	24	32
12	73	75	69	79
35	85	83	90	85
16	65	33	13	31
18	18	77	40	96
47	82	59	23	78
79	94	51	58	7
58	75	11	37	65
86	81	45	94	62
35	73	77	43	26
99	61	33	57	12
15	96	78	73	35
47	32	59	46	8
72	16	43	36	2
2	64	90	52	22
54	86	33	64	43
58	66	55	53	70
9	88	9	18	13
39	89	59	43	44
49	96	40	92	82
67	56	33	13	10
48	87	19	96	99
46	62	31	92	72
20	89	58	76	80
12	53	80	5	57
65	78	12	20	88
65	61	57	101	39
38	57	54	47	82
75	60	37	24	22
33	78	51	84	86
85	14	42	58	81
71	35	40	27	4
70	38	25	81	75
68	26	100	58	60
44	20	7	52	34
15	26	39	4	69
63	14	49	41	48
37	21	47	71	79
100	36	87	59	67
19	90	49	12	86
15	86	61	84	58
17	54	88	27	25
91	8	72	49	27
61	29	11	66	34
54	24	36	74	8
59	10	72	100	10
10	70	78	6	83
94	66	87	22	93
22	56	26	25	88
60	90	72	37	27
15	98	26	36	50
47	6	47	29	67
67	39	53	93	95
2	65	22	90	75
35	65	89	46	20
26	81	63	22	49
46	62	81	77	60
83	3	82	24	7
65	65	58	7	20
70	89	91	49	63
68	99	66	21	31
60	100	5	81	43
80	30	82	92	40
84	99	44	66	90
69	76	15	61	55
17	72	95	56	48
25	81	29	51	97
20	82	97	31	101
32	30	66	35	88
65	70	74	26	97
34	72	12	16	64
70	71	30	17	99
97	42	92	14	60
14	43	42	81	44
85	9	73	100	62
2	53	86	63	99
97	6	12	20	97
95	81	38	84	52
7	40	22	100	12
38	17	55	97	51
27	19	69	32	92
90	25	60	67	48
26	38	77	63	55
29	90	15	60	41
76	6	7	92	52
19	3	11	98	94
77	36	19	75	6
41	3	55	65	7
42	36	23	71	83
44	1	34	55	75
23	13	30	4	30
47	18	89	22	30
39	16	27	72	89
98	69	74	24	32
99	34	54	17	12
61	54	91	71	71
29	39	60	21	11
75	32	18	21	92
43	32	48	12	9
15	53	71	97	35
38	91	56	17	67
81	81	82	24	48
40	63	39	98	33
20	89	81	7	29
99	83	101	32	86
39	15	53	29	39
57	70	56	71	95
50	85	1	56	63
20	46	100	69	79
38	4	65	30	4
52	98	59	38	2
74	23	55	60	46
25	15	41	28	7
18	5	59	88	80
93	74	50	30	70
71	89	16	91	66
9	77	15	69	35
87	84	54	77	34
60	33	19	16	92
70	20	33	91	5
55	34	14	11	57
12	74	25	60	81
20	75	99	78	53
13	60	45	2	50
84	67	75	81	26
26	22	77	90	50
44	86	79	70	69
77	79	10	15	16
76	26	95	89	61
22	32	31	62	89
9	95	37	20	46
71	36	79	100	2
30	43	10	50	61
65	84	60	10	65
38	3	28	100	46
50	64	37	79	80
92	31	20	67	62
16	67	92	37	60
18	21	34	63	24
64	95	17	19	89
83	84	74	65	21
79	88	71	46	50
52	93	60	61	10
72	89	3	69	96
40	18	30	60	85
51	43	28	86	79
55	82	31	41	37
86	43	2	98	45
81	3	67	72	34
56	15	35	86	10
31	26	72	38	92
48	88	49	18	90
92	99	89	34	85
69	48	14	95	85
29	42	21	86	74
5	7	68	13	9
72	37	70	13	63
55	26	100	53	71
58	53	72	38	68
72	4	61	39	48
43	74	6	38	37
97	52	50	65	22
55	34	73	96	71
83	57	46	45	86
41	94	90	63	46
100	63	55	89	98
48	33	92	61	61
10	61	34	14	33
85	42	24	38	67
75	50	68	23	88
84	7	24	7	10
60	11	42	4	59
70	92	74	78	14
7	34	27	70	78
25	84	11	51	22
89	35	78	79	52
21	59	40	18	66
69	45	42	101	97
47	2	84	97	55
47	65	63	98	11
7	68	97	76	47
16	75	33	60	22
26	21	101	44	52
55	74	69	90	87
64	17	16	23	84
69	34	2	50	30
96	71	5	67	73
33	70	56	52	56
40	1	14	99	82
75	92	67	78	7
17	63	6	86	77
31	68	40	47	11
16	78	41	35	31
41	84	89	69	68
63	37	96	74	10
53	21	84	83	44
64	47	31	100	76
15	43	63	12	87
83	47	87	25	18
100	71	1	80	86
14	1	13	77	100
72	40	72	3	76
54	39	49	57	52
82	58	7	95	31
12	93	62	18	8
14	52	7	72	15
36	56	41	20	92
25	8	64	14	96
71	20	6	29	18
43	7	80	15	43
3	72	1	48	59
8	101	53	47	101
2	64	71	28	19
51	92	75	21	87
60	51	4	10	81
41	18	64	70	24
57	13	46	34	40
38	84	93	48	37
21	2	42	2	57
31	83	93	86	46
8	76	85	27	37
35	99	11	11	52
87	73	65	44	67
53	3	22	27	31
26	44	87	98	14
73	92	45	86	52
37	11	94	72	92
93	18	91	21	39
40	69	40	96	30
96	16	39	59	40
30	57	57	44	32
71	3	98	13	29
85	12	16	40	60
38	48	40	12	64
4	59	19	82	55
32	62	22	19	50
55	81	2	26	67
91	52	60	25	101
101	92	66	98	7
44	54	52	30	5
54	51	40	70	15
29	40	27	27	76
37	62	10	14	90
63	63	37	12	63
67	61	37	3	4
59	15	41	76	26
29	29	82	81	38
36	61	84	51	48
55	78	19	25	74
45	45	90	54	72
81	23	89	7	42
58	35	29	52	27
40	61	71	50	22
6	64	64	76	70
9	65	14	21	86
31	90	87	51	40
90	46	45	50	48
73	58	51	85	94
25	58	15	10	78
30	57	80	58	81
94	18	101	56	1
99	41	65	6	98
34	97	39	65	65
70	32	77	96	21
46	27	20	62	49
53	71	67	76	94
8	15	93	27	90
73	63	42	54	27
63	52	21	65	51
22	73	99	42	99
27	80	41	55	11
13	14	69	79	1
47	69	14	47	43
5	54	62	22	32
83	73	78	86	75
41	41	75	10	96
101	101	61	6	67
63	75	54	5	85
17	24	77	63	100
69	85	13	29	75
28	40	51	74	99
53	81	98	68	31
77	55	18	96	12
36	75	52	86	70
75	21	25	25	27
72	16	46	6	24
44	38	2	65	20
65	4	97	10	1
83	96	88	28	36
80	34	56	45	95
96	14	99	90	92
15	46	2	89	37
24	31	63	34	67
57	24	55	2	69
90	32	57	37	77
40	63	13	20	25
82	15	14	57	52
30	13	38	78	27
96	84	5	83	72
67	51	77	23	25
65	92	81	74	4
30	24	58	52	40
22	32	35	48	57
54	30	61	46	82
95	80	24	97	35
18	18	57	13	45
101	87	27	96	59
79	58	4	22	93
1	101	18	68	74
6	57	9	34	86
39	7	86	50	80
52	97	37	23	45
93	21	101	13	83
74	7	55	42	72
45	66	43	44	26
60	25	6	6	18
98	101	56	97	38
99	29	10	13	58
46	44	52	86	25
52	83	45	7	18
32	71	8	17	30
78	41	7	51	100
58	89	83	40	36
14	19	31	24	80
62	95	3	98	16
76	36	47	32	93
13	1	19	87	97
73	5	19	82	35
52	25	50	10	96
83	26	91	6	91
28	16	60	76	31
61	34	14	95	15
79	64	85	76	63
95	48	40	44	9
13	80	17	84	83
39	61	94	8	7
55	66	92	9	64
79	3	47	91	8
24	12	43	41	93
53	94	76	37	75
53	25	52	75	97
82	54	25	6	30
6	42	49	90	99
67	16	62	25	96
10	90	16	88	64
2	77	11	98	40
56	56	89	60	17
49	65	25	4	3
68	89	71	94	3
15	22	45	68	81
41	65	15	77	16
77	35	86	58	88
66	2	31	60	51
6	87	92	101	49
74	74	9	81	23
81	30	87	96	11
81	97	11	31	64
26	40	64	33	99
42	58	33	10	68
46	58	96	29	82
6	64	69	20	3
80	47	91	33	51
45	54	47	95	94
62	29	45	19	88
45	69	40	62	2
81	53	37	48	26
81	28	6	47	10
11	88	64	20	66
85	14	7	26	65
62	72	74	21	98
53	88	98	99	100
38	101	45	92	79
96	43	94	82	48
92	37	7	75	58
96	101	72	7	66
31	15	74	8	78
45	49	60	17	77
70	83	53	58	89
89	71	74	10	60
24	47	29	78	21
70	52	66	100	75
99	96	74	44	50
72	36	57	14	14
85	41	16	64	1
54	25	41	69	20
60	16	16	79	91
74	68	67	67	94
15	62	19	18	58
78	52	30	35	5
72	21	47	71	92
101	80	26	78	53
53	2	4	43	60
25	16	78	75	19
75	93	25	42	66
45	64	47	27	43
36	66	20	35	66
84	96	92	96	53
43	16	43	92	92
25	59	29	6	4
47	91	92	28	73
101	30	12	42	19
22	6	40	22	43
77	5	55	32	53
88	17	71	19	23
69	15	78	74	39
44	50	100	24	49
33	67	98	43	93
37	10	21	79	68
6	41	75	99	43
50	16	90	36	66
6	10	62	77	45
19	11	50	85	61
45	94	8	36	88
33	12	90	44	22
101	50	82	15	13
31	25	72	25	2
69	81	45	64	63
8	85	86	64	74
56	54	51	93	38
97	92	93	36	3
63	3	81	21	33
89	94	25	37	18
56	46	74	29	12
90	85	101	2	25
6	36	66	49	39
95	56	79	22	79
4	8	90	84	50
93	19	5	6	101
72	95	73	10	34
1	63	79	49	81
66	70	26	7	8
86	47	100	89	81
86	61	36	14	87
6	11	91	3	17
83	72	89	34	76
42	13	45	85	89
83	21	11	39	23
70	5	97	2	43
18	29	39	52	94
79	66	76	41	28
12	48	7	54	32
91	62	37	24	70
77	48	69	20	16
37	42	51	86	33
3	96	17	39	91
41	25	84	97	23
5	31	89	83	70
84	15	76	71	11
9	14	50	40	85
55	30	57	30	89
42	101	36	96	69
6	26	65	23	69
51	60	77	43	90
30	77	70	20	83
99	12	85	68	47
78	17	57	73	25
53	84	65	81	33
36	93	20	5	25
33	10	65	16	99
48	28	2	7	79
73	96	83	27	74
9	90	72	19	41
57	100	98	22	96
18	25	80	101	79
18	78	52	31	44
66	61	50	60	26
33	55	40	10	47
94	67	87	81	20
14	27	96	44	95
25	92	97	66	87
41	13	18	35	36
28	54	10	7	62
83	72	3	62	93
14	39	92	88	61
72	80	54	34	49
55	28	100	91	100
71	70	76	42	31
11	5	89	13	66
30	26	12	20	86
66	26	89	78	83
10	46	82	17	90
2	78	13	88	65
19	46	88	97	63
39	28	76	35	9
56	20	52	18	77
66	74	74	25	98
9	51	92	101	10
101	1	8	92	56
57	43	99	93	36
24	81	72	69	62
51	64	90	62	6
68	88	32	92	77
97	56	92	82	5
86	52	99	23	40
63	19	2	78	2
40	41	41	91	56
7	83	83	45	73
11	71	88	76	63
22	52	15	43	23
90	6	63	42	21
23	16	16	46	37
76	12	16	71	22
11	61	15	76	24
67	66	77	6	76
69	89	7	90	51
7	95	30	15	10
94	31	76	34	20
99	40	40	66	101
100	7	96	2	77
8	89	74	4	87
81	61	70	3	18
40	94	16	76	60
90	6	8	55	38
1	79	10	64	61
4	95	58	79	73
19	95	8	71	55
44	46	76	5	82
28	8	101	66	57
92	12	80	90	48
20	32	34	32	10
2	76	61	71	97
3	22	17	40	82
3	21	95	56	101
60	101	9	38	12
3	41	95	49	11
47	29	5	13	70
41	95	101	79	14
94	76	82	81	78
83	17	30	52	29
18	8	88	100	42
97	28	74	53	44
68	43	53	85	17
72	6	34	79	78
101	45	65	31	94
47	76	75	49	79
65	48	98	86	46
66	76	27	61	96
96	44	92	14	48
4	29	6	33	17
1	100	26	25	79
14	5	27	95	73
5	98	88	36	83
47	25	2	57	76
86	79	32	22	38
23	42	64	34	65
90	55	84	64	100
66	80	38	97	67
10	39	40	59	39
67	83	66	58	76
3	68	62	94	78
8	30	24	65	55
39	15	28	83	13
2	71	72	20	39
77	51	79	64	67
79	66	60	7	47
100	86	46	23	18
30	99	67	24	27
33	79	57	5	12
74	57	2	15	55
49	52	70	29	97
95	20	19	67	39
43	101	22	9	29
28	49	41	76	52
66	22	69	97	59
77	44	97	64	18
89	57	10	84	71
32	93	41	91	79
100	17	27	4	37
37	72	30	56	57
69	80	72	67	29
68	56	48	70	74
95	86	47	2	32
49	19	2	41	81
65	39	89	24	33
11	20	85	9	98
34	11	72	60	89
20	54	9	95	6
45	44	27	58	92
97	100	30	32	78
50	55	39	2	12
75	89	56	28	4
11	19	63	62	40
7	46	43	28	11
28	59	16	56	57
92	75	79	55	2
8	26	83	4	80
86	8	6	14	18
85	29	87	17	94
59	25	11	87	69
18	92	34	35	101
58	13	28	36	94
18	21	58	32	28
65	46	6	40	26
16	96	1	16	95
40	80	53	3	18
38	72	79	43	93
16	40	23	86	11
77	96	33	7	101
18	55	86	8	15
15	50	52	37	61
32	21	95	27	79
50	27	74	28	76
52	68	38	34	5
65	62	85	52	42
77	69	49	76	33
17	40	34	30	61
19	93	98	52	60
36	15	100	35	82
49	84	18	91	12
97	25	13	53	42
78	55	2	24	19
79	20	23	54	5
96	26	36	89	59
67	31	58	22	84
96	68	20	59	30
69	46	74	69	34
61	78	23	62	93
20	49	21	8	79
67	57	97	21	93
30	80	75	13	87
78	6	54	71	14
8	11	55	101	27
80	11	48	34	24
49	90	38	9	45
97	1	69	77	21
21	15	25	81	11
23	76	55	1	79
38	80	71	66	27
87	30	97	37	30
89	26	3	86	69
33	30	96	4	36
86	38	10	8	89
16	62	92	18	29
74	76	20	6	9
92	39	68	39	12
95	95	51	98	6
28	84	73	53	38
18	64	49	87	96
9	52	43	16	42
58	30	6	80	10
30	32	71	85	80
77	57	15	56	54
32	15	14	62	53
71	101	52	81	95
20	56	80	9	89
83	80	73	1	42
29	19	73	63	60
33	43	40	40	62
43	74	100	25	97
6	62	8	100	22
31	30	62	27	101
14	12	88	75	91
48	82	49	41	42
78	47	25	84	71
33	24	73	70	68
8	31	11	63	5
49	62	2	58	63
100	30	90	14	8
91	41	21	19	23
6	6	33	92	58
56	41	8	53	101
11	64	54	4	93
11	101	85	49	21
53	99	33	23	101
54	41	28	15	100
49	47	96	43	97
80	82	93	22	74
100	17	54	37	70
90	6	68	82	60
6	84	76	54	58
24	22	85	98	2
97	6	10	96	50
88	13	25	81	53
101	21	59	93	47
31	7	95	77	64
28	41	96	93	56
44	99	93	64	34
30	24	54	53	6
85	89	63	82	7
27	63	16	92	6
45	29	36	71	56
12	76	32	79	40
4	67	89	56	1
48	17	88	26	30
53	81	73	43	27
18	97	42	19	79
67	96	73	9	50
101	53	37	85	49
25	72	89	33	66
18	12	65	87	25
20	45	83	88	10
19	76	21	8	7
93	97	63	84	32
12	41	95	86	71
71	54	14	26	28
50	95	73	58	41
24	39	43	7	50
20	96	34	22	73
24	43	25	62	71
88	20	83	57	68
37	14	21	39	31
26	10	101	19	10
45	55	87	18	63
62	58	68	17	53
72	79	50	10	25
63	69	31	50	70
71	99	81	35	5
64	5	3	64	59
28	21	63	12	77
21	38	39	95	51
42	18	51	82	25
35	94	58	1	33
87	80	48	94	37
35	99	27	67	90
92	52	44	42	96
41	33	92	92	81
10	43	37	52	4
7	28	38	1	63
69	76	70	10	49
84	97	64	19	25
6	22	68	95	82
1	10	30	40	10
35	72	28	30	11
34	70	66	62	26
19	40	71	49	67
32	78	69	38	62
30	9	35	90	94
20	36	33	46	60
20	37	48	21	6
59	26	54	98	2
74	68	38	12	92
45	84	16	46	91
97	18	70	73	81
8	88	94	23	75
94	42	16	51	81
90	101	47	16	88
77	14	29	63	72
28	13	1	15	52
34	47	91	71	22
92	20	15	69	40
46	56	22	30	65
39	40	81	48	78
74	72	32	2	87
35	5	72	84	87
54	38	12	17	100
23	88	29	57	19
22	63	65	23	94
53	12	42	34	42
56	23	11	85	21
9	81	37	82	29
93	61	78	1	37
16	91	43	87	65
100	21	81	21	34
70	61	4	53	48
18	48	46	70	101
51	91	11	82	94
55	69	55	101	61
64	45	92	67	38
7	65	67	28	18
100	56	99	58	81
53	78	22	85	16
62	65	85	80	21
28	76	23	37	60
4	90	101	48	26
1	46	72	19	61
62	64	83	15	13
58	21	14	50	12
12	51	79	61	88
38	32	88	92	62
67	64	27	23	37
91	30	46	48	2
96	46	5	44	84
21	42	89	64	43
50	42	89	14	33
28	33	24	19	10
73	2	92	3	94
101	100	53	4	70
101	35	39	33	48
95	2	19	1	21
32	92	49	6	96
62	20	5	28	23
16	57	48	58	57
49	61	57	38	69
84	91	63	68	5
62	47	43	2	61
16	88	72	94	85
40	73	9	49	14
100	15	12	93	101
85	80	45	38	71
28	9	63	32	56
37	37	57	80	15
69	82	83	72	43
5	48	54	60	43
95	50	76	23	34
9	41	7	62	61
40	94	44	4	91
19	32	75	78	53
64	101	36	56	62
39	83	20	26	88
55	83	89	77	92
21	30	14	51	58
19	100	52	47	54
