200
1000
124
772
570
20
862
394
756
535
270
49
129
212
474
543
497
490
773
92
68
902
293
840
434
285
693
765
340
60
650
145
836
477
970
25
169
347
643
362
445
292
930
894
351
396
968
61
379
812
143
348
833
789
723
522
353
640
133
366
30
239
128
115
828
619
571
729
523
731
308
75
492
185
857
241
169
278
736
114
361
456
294
325
383
355
8
172
968
732
488
377
774
366
58
701
859
134
207
635
807
83
257
607
349
191
363
62
649
434
30
577
576
380
875
328
494
654
992
883
876
826
191
448
882
189
58
241
706
681
144
668
371
924
948
896
977
494
397
598
600
251
391
766
278
299
405
396
345
458
471
287
349
4
246
348
247
243
730
935
839
842
802
384
588
418
305
591
693
120
490
729
470
528
665
618
250
532
539
866
922
131
81
186
905
787
544
329
489
547
113
179
906
834
307
521
24
588
163
255
870
839
6
851
700
64
31
12
772
900
554
422
416
679
215
718
204
476
370
140
523
725
335
157
44
805
385
309
380
165
288
793
960
415
12
131
418
16
350
921
127
909
909
50
32
415
321
573
748
869
196
66
884
848
449
379
881
538
265
721
432
170
549
81
873
828
715
612
204
907
43
329
196
139
830
165
38
897
300
672
224
284
884
579
414
710
941
63
274
902
382
509
613
801
678
439
980
613
318
541
121
310
139
967
868
761
964
382
945
437
820
466
738
305
281
375
602
782
282
802
117
551
499
825
22
571
755
913
700
331
724
964
945
50
301
71
468
657
813
927
13
765
902
872
191
296
937
60
353
593
276
27
491
806
291
381
422
78
123
125
33
583
656
507
218
801
190
493
158
725
168
723
231
494
746
491
726
762
878
978
494
803
726
5
368
134
893
554
858
599
588
471
543
593
470
246
832
305
62
912
36
409
632
312
309
842
412
699
61
297
849
699
614
249
481
296
47
796
12
994
23
356
931
790
351
939
228
374
694
946
23
855
31
897
840
212
715
828
804
782
156
387
589
271
459
562
27
622
670
354
26
698
621
221
642
440
999
767
134
348
405
32
513
301
59
607
633
680
172
954
824
686
36
37
639
962
892
414
224
266
844
111
397
627
757
605
363
633
414
943
362
976
886
796
353
267
533
439
51
934
339
678
190
666
272
632
492
365
282
693
725
199
452
39
83
37
323
230
83
778
93
956
568
338
248
333
162
209
243
120
343
712
983
375
863
278
78
969
693
279
185
625
955
603
16
474
239
1000
353
821
470
351
214
121
403
852
195
338
975
681
157
277
759
148
575
949
657
895
867
258
737
783
103
107
776
167
177
404
117
826
687
225
423
780
782
126
925
306
339
598
662
605
617
304
607
240
280
394
206
719
267
722
115
436
986
334
233
697
480
837
22
354
846
573
487
267
5
435
283
636
193
165
775
665
383
649
709
272
541
611
285
93
905
273
731
814
783
568
129
860
212
682
202
264
920
379
13
999
462
661
411
418
95
100
153
257
255
381
734
292
372
590
177
273
557
693
194
687
288
536
108
189
906
167
754
654
295
805
726
157
935
580
933
501
580
643
860
303
681
542
361
207
970
931
748
974
50
676
794
959
98
947
576
21
759
10
77
525
237
114
666
827
461
314
497
848
277
331
778
808
50
655
459
945
862
247
13
158
460
101
68
825
605
440
47
181
832
871
916
146
173
750
396
643
574
442
720
391
254
402
947
134
822
922
223
809
352
216
240
801
384
475
12
719
411
207
362
966
156
283
421
73
128
432
122
83
403
374
463
738
464
744
387
79
828
337
826
959
38
463
219
63
821
5
116
478
794
300
208
644
934
136
478
728
32
690
184
962
827
397
86
558
247
827
223
261
108
504
958
383
805
757
382
878
393
430
328
692
766
448
444
791
602
162
166
135
729
247
395
611
201
380
711
201
62
962
93
445
847
920
630
318
667
836
176
891
221
282
524
560
99
261
73
586
435
803
328
764
827
895
533
378
773
51
31
579
798
39
652
994
796
794
956
409
135
359
201
520
266
613
38
181
639
48
582
919
955
478
205
138
323
377
894
55
338
195
368
895
557
627
979
823
34
675
229
252
711
844
311
82
223
925
550
775
967
560
398
431
576
709
183
720
506
443
783
466
125
761
524
501
682
544
353
185
398
853
772
263
211
170
633
304
768
601
404
209
876
7
432
899
920
524
714
241
162
628
230
914
778
928
991
851
845
414
404
814
352
203
924
574
306
526
277
791
547
283
867
504
587
664
744
584
572
745
276
252
469
354
136
169
968
571
