1000
200
125
990
677
993
690
470
910
180
496
466
940
99
542
168
670
943
433
472
431
579
875
556
713
738
27
647
473
335
441
328
623
430
51
738
193
625
451
755
264
913
506
499
621
935
666
325
175
977
926
138
274
559
989
109
842
308
676
353
390
47
54
465
402
676
903
876
597
634
5
982
326
282
627
589
252
369
566
797
837
6
491
260
47
897
239
894
605
633
348
961
334
95
770
255
820
784
858
245
561
551
629
945
41
592
960
592
41
401
69
552
445
5
275
325
650
460
885
236
653
719
506
921
756
787
15
68
294
105
293
887
13
407
205
136
323
74
595
262
189
64
903
341
437
745
48
566
167
998
17
170
324
295
479
303
448
672
923
314
827
596
982
717
329
388
552
407
475
558
571
314
446
77
153
908
618
430
81
71
765
876
699
302
147
934
301
259
66
101
33
379
921
425
612
983
768
71
945
956
764
101
128
779
806
521
993
480
587
679
176
848
852
559
502
623
996
192
256
73
922
372
80
989
872
465
316
633
5
690
934
781
522
190
343
630
162
475
393
255
901
582
36
661
141
911
695
452
179
92
164
830
704
635
518
153
433
332
518
886
604
191
70
493
32
308
905
659
386
458
656
236
860
932
796
602
786
316
293
736
596
784
233
536
243
222
695
374
356
133
828
549
197
676
131
994
661
351
633
997
676
862
144
746
934
752
642
966
616
710
453
412
216
941
173
2
605
485
843
560
59
874
657
445
428
456
962
706
138
766
346
355
274
659
464
386
299
641
143
725
923
740
53
631
538
30
807
492
35
47
946
514
694
708
846
190
223
65
323
961
326
53
958
114
403
932
375
337
861
212
444
679
764
381
866
51
925
214
199
911
504
85
122
254
67
573
722
543
964
752
961
365
325
722
399
411
502
20
751
797
612
531
639
365
381
466
187
860
535
669
528
222
161
722
895
656
92
765
679
984
743
493
630
530
354
480
297
17
218
986
842
425
968
257
129
297
683
898
371
284
274
853
396
971
856
161
238
615
33
27
762
844
47
7
180
601
382
30
120
877
116
365
185
542
117
443
699
471
372
183
243
990
400
669
554
764
476
194
65
406
91
402
462
293
269
931
961
967
707
8
530
56
361
802
538
458
306
293
633
680
188
76
451
410
673
210
654
953
630
500
863
898
991
337
281
570
104
37
545
814
393
523
190
866
185
732
864
903
579
32
234
981
598
952
71
973
381
687
657
902
183
590
819
728
263
647
87
239
703
702
79
828
44
775
764
372
370
617
618
210
665
602
631
235
351
189
850
240
772
659
270
599
872
741
116
169
621
25
967
59
243
166
927
811
799
723
434
487
400
731
291
565
264
484
904
508
858
904
642
254
98
548
883
815
733
592
885
437
866
109
704
766
40
242
952
429
609
470
350
621
6
904
239
926
39
337
196
619
425
766
57
935
201
373
545
926
286
737
492
492
102
948
788
880
499
812
15
977
680
182
762
112
855
220
807
141
215
646
128
469
665
261
313
794
127
454
370
257
301
974
113
265
227
708
593
50
542
202
201
914
668
595
912
620
708
693
245
1
967
975
900
263
860
442
981
267
671
485
503
360
566
669
742
82
951
651
538
752
572
894
407
183
90
562
226
692
881
962
517
883
206
973
477
708
577
938
546
859
111
848
784
578
951
363
414
616
338
994
467
965
717
661
871
726
395
663
203
413
7
723
654
651
136
444
741
89
672
256
6
747
657
424
474
658
201
502
192
379
838
433
693
843
141
840
716
497
534
763
92
18
130
314
347
942
950
357
237
295
501
723
163
453
695
361
892
939
29
196
599
109
328
376
375
791
740
238
379
973
723
497
318
897
918
600
86
402
522
145
442
30
417
246
582
411
184
860
540
107
649
363
817
757
571
975
603
604
983
350
751
300
811
868
204
663
297
711
43
238
868
166
517
918
209
905
158
220
681
457
933
135
298
539
623
525
291
311
172
887
554
167
143
68
732
101
471
153
306
984
773
79
123
326
922
624
850
377
490
811
838
831
531
445
72
688
382
104
73
149
711
673
633
749
145
989
932
199
510
2
731
750
527
926
297
956
249
271
280
10
717
774
57
441
351
508
682
327
209
821
106
854
43
874
95
898
562
552
991
429
562
58
129
592
871
227
209
332
19
427
840
717
842
586
338
808
323
104
193
260
652
595
565
306
342
833
438
538
601
510
384
762
43
838
187
831
814
636
774
234
338
702
564
602
810
368
940
821
874
235
282
852
358
625
765
1000
113
693
78
542
687
896
277
556
