1000
460
669
376
401
900
634
971
699
316
775
677
423
901
637
67
822
127
527
680
522
296
659
989
227
907
554
811
58
279
292
508
813
482
475
518
794
176
314
627
194
763
561
405
286
401
56
468
582
271
401
348
298
96
753
904
84
507
285
603
535
308
394
489
791
351
347
170
18
567
153
338
641
137
456
370
92
786
728
975
762
658
565
295
91
639
724
8
164
522
231
740
515
114
510
796
53
863
760
497
292
862
187
512
492
28
421
598
367
876
771
834
717
113
208
438
26
969
343
271
323
144
302
89
630
478
327
416
234
272
56
352
869
772
347
817
313
622
215
900
212
971
244
968
716
250
498
430
471
88
597
894
352
787
116
953
478
107
284
311
488
74
640
433
330
295
827
298
848
990
287
415
780
854
844
98
568
185
800
533
4
870
739
930
316
166
479
538
111
214
802
375
751
514
905
751
883
231
935
534
214
208
272
838
407
54
303
358
357
147
646
40
576
39
948
685
265
491
807
504
74
178
336
739
743
384
516
533
448
440
698
114
935
256
765
708
663
276
99
704
640
12
587
221
515
55
578
470
363
418
889
238
3
673
991
442
589
466
313
837
418
561
941
91
825
516
21
460
533
135
731
649
680
504
705
58
772
154
700
532
128
889
550
308
937
91
360
103
45
555
556
220
144
841
778
668
441
265
980
516
466
203
825
561
880
630
691
731
608
790
549
667
668
794
13
10
137
487
797
116
568
860
323
424
504
810
930
962
97
569
919
954
935
50
197
660
132
241
448
361
876
147
973
384
367
304
168
878
582
194
6
297
244
480
506
740
200
767
881
289
638
100
764
225
85
639
473
619
904
303
245
392
102
703
779
746
775
412
575
288
365
851
160
25
243
99
939
399
786
418
138
530
790
18
703
937
685
837
95
845
532
611
100
216
29
751
756
190
453
512
648
639
970
251
82
748
968
61
480
976
366
352
165
86
156
690
712
487
194
494
659
548
595
270
977
901
898
331
296
441
292
104
353
689
70
827
570
140
356
283
455
895
284
42
747
112
823
388
861
158
666
919
744
491
101
442
424
837
136
374
158
610
327
398
547
396
93
296
340
498
725
723
438
1
804
879
543
589
142
449
247
491
489
997
802
421
92
838
671
365
995
662
794
929
840
650
304
687
105
704
276
338
622
159
285
906
701
140
295
115
465
648
710
135
25
492
163
648
322
391
774
731
718
360
281
300
331
67
162
768
692
188
520
949
264
144
259
248
862
146
391
256
355
595
260
345
674
415
962
831
312
483
194
606
464
99
140
606
350
927
552
634
681
942
970
949
142
452
297
814
988
363
859
508
53
311
985
352
942
560
996
467
908
901
432
205
429
526
888
452
766
818
204
897
564
779
983
767
999
257
529
602
668
827
48
707
586
190
812
663
737
841
666
759
982
499
911
105
911
329
990
982
39
846
154
299
926
282
151
1000
866
904
422
378
8
126
548
724
454
457
709
199
397
408
937
185
672
499
150
324
47
74
802
647
20
858
303
631
321
429
615
525
242
307
186
122
588
354
29
462
190
895
104
708
65
279
277
892
337
494
537
853
598
277
878
367
332
351
338
146
701
554
552
385
102
180
172
153
863
114
4
88
767
40
120
546
240
941
923
100
221
140
836
720
274
935
482
224
486
287
70
694
428
864
421
269
31
895
739
626
854
690
486
857
867
593
672
991
200
239
308
676
606
760
469
278
729
346
442
253
859
494
670
340
373
238
850
974
338
254
461
503
718
774
423
440
242
996
442
631
492
232
257
937
300
190
175
564
906
919
923
38
840
685
845
618
851
777
25
866
2
81
723
183
956
778
904
679
198
127
155
350
291
842
530
674
448
356
316
264
348
199
657
879
17
4
770
340
899
63
861
489
577
371
192
690
934
59
850
762
547
186
433
35
209
71
218
541
998
47
748
287
157
21
380
757
530
23
846
424
89
898
392
362
771
796
3
677
191
358
620
695
488
64
776
684
139
962
326
924
923
788
813
138
313
808
766
596
961
822
729
284
440
909
830
749
335
981
247
474
637
521
274
555
702
543
145
902
937
741
502
469
793
513
10
886
865
917
447
423
133
290
52
280
718
290
20
368
283
504
739
91
255
30
160
447
673
192
746
215
968
155
29
607
853
352
721
934
816
168
738
90
973
325
974
867
24
533
46
796
257
893
135
807
921
961
745
863
453
38
895
894
806
105
695
984
768
632
686
30
706
214
10
713
637
195
8
945
571
280
537
599
997
228
597
285
448
631
629
336
78
