-7763
-344
-2195
674
9128
-8033
-7139
-6848
-1156
2417
2442
-5621
5298
-7662
4941
3340
-680
-1392
-8881
4722
9317
7134
-4880
5004
-4640
9588
6675
-6476
8985
6454
6556
8179
6427
6828
258
6523
36
1466
-1231
2601
1736
-7936
8131
8038
1861
-7703
8332
9074
-5827
-5365
-6239
-3145
-7059
5105
-3193
1881
-9452
-384
2985
-5901
8560
3300
3583
-6287
-7362
-8201
-9736
-3852
-6479
-8096
-6222
-488
-9880
4938
-3282
1361
-635
-4868
6531
5419
2916
-2480
-3652
-7905
6922
-762
-1539
-9128
-5582
-5749
3903
9374
8903
7982
292
7908
-8570
-8698
-3407
-6834
865
592
-9679
9677
6063
-4801
-9456
-672
-4864
-3777
-2000
7823
-226
4687
1502
-8644
6765
-3057
-4612
131
7329
-2146
9209
7568
-4522
-8528
3943
-5633
3433
1945
-2676
-3943
-8169
4312
4408
-1657
-5773
-1437
-3987
5448
426
1378
4188
4808
-1091
7870
7705
-4668
9200
4990
7316
3648
8733
-438
-4674
-9917
-5884
3445
9712
-4986
5759
1089
-7506
-5849
3742
1551
-567
-7152
-2423
8339
-5055
-9431
9918
7473
-4593
-8446
-8725
5373
-7695
8239
4964
-7987
-999
126
-1165
-4080
-956
-8239
5369
-8774
-2194
-8471
5885
8358
6180
7451
-8869
-5996
4462
5698
709
8513
5102
-2789
-8248
-2520
2400
-5482
-9555
433
4616
8256
4411
3298
5221
7326
8712
9279
-8913
-1993
-1337
1498
-8706
-3441
-3693
6816
6845
6406
-3604
6966
9371
6650
8643
1728
-5198
7080
-3251
1636
7702
-384
2037
-2665
-8959
9852
9843
-1047
5284
-2444
9181
7862
1596
-105
1855
-6074
-6040
9781
468
7508
-4529
4172
8479
-6567
-8983
8787
2992
5862
5711
6686
5767
8602
162
-7615
-7811
-5259
-384
-43
-2917
9604
3899
8817
-7684
7405
9199
-4669
-4597
-9383
-9344
-653
-8142
-8650
-4430
-2880
8139
-8081
8735
-4289
718
-3657
112
-9892
-1612
7817
8109
6051
3991
1143
-1853
5978
6285
-239
6583
-5463
1536
-8791
957
-473
-206
-7740
8119
5757
-6654
-882
-7661
6137
9212
977
-3389
2898
-4066
-6179
1088
3708
-4300
-9960
1362
166
-5103
6141
1856
-3950
9303
-9789
7587
-6733
-3137
-2218
-5063
-2520
-9719
-7861
9163
-6263
1710
-6185
7206
-7483
-4060
1589
-4182
-1845
-4292
-6369
7736
-1953
6996
-6523
6927
8862
-9849
-8273
-5887
4198
9796
-6179
9284
-6540
-8512
-2174
8738
-3363
-8495
1624
5848
-4210
-8314
3385
-7640
-25
1555
7594
-5171
131
-5629
-7273
-2463
-4554
1252
8295
-3365
-8455
2649
-6559
-6571
8795
7775
3582
5185
748
-7021
3228
-5321
9411
-8936
-5571
-2300
4912
747
-6460
-5979
-1097
-4182
-5725
9179
9814
-9587
4610
-439
-4589
-2999
2761
2355
-822
-4598
-3676
2311
4232
5476
3595
619
-1583
-4589
-757
-8470
1766
2829
2675
-7678
8461
7024
-558
-9476
-2641
3584
4103
7053
5138
-4510
-5948
9950
5236
-5450
3780
-5365
-9043
8414
-4240
-6107
8722
2270
1522
6231
-8390
5126
-3019
-3132
-5377
4660
1397
-7796
5283
7651
-2350
-3378
-525
3984
-2475
-5979
-5417
6939
781
-4287
-6297
-4124
-6246
8728
-3841
3957
7268
9024
-5561
-3656
-8090
-9099
2396
-1186
3240
1827
2942
-975
-7236
-7888
4988
-6594
-7846
-9659
-3913
9651
-6980
3821
-5960
510
2431
71
-175
-9564
9118
4111
970
-4784
-4041
-1357
4871
3626
5503
-7839
6786
-4003
-4521
-4992
4010
1681
3915
4693
2617
-3385
2059
2783
-9768
-4991
-4888
-734
9295
1687
-1504
1249
-9538
-9381
2697
-9466
-8433
5461
-3837
-1756
-2033
-2239
-618
-9780
-4024
-8319
102
8952
-4336
7608
5835
-7361
7843
5502
5164
-2070
-8121
-511
8204
8729
-2091
6133
2393
6585
5474
3690
-5933
9626
-5838
-9534
8347
1878
-9611
-5343
-9947
-9743
8756
-493
-1834
2552
-8255
9682
7752
-1181
-6031
-458
-2994
-5225
3948
6939
-546
-6246
241
3989
6773
6555
8682
9016
3374
2970
8159
4012
-5806
-9881
-7441
-8608
6776
-3380
-7703
8048
-4775
2095
-6984
-3675
8776
573
-9937
1846
-7144
4458
7122
8779
8565
1296
5451
5639
1737
2938
2894
-1755
9056
2803
6814
3748
5708
9448
-1203
-2888
-1568
-3931
1464
-9795
5604
516
-7412
7762
4117
9330
-4265
-3310
-4019
-4102
57
906
-8901
8143
851
5721
-4963
9214
8423
4281
9598
-4017
-7337
8301
3823
-92
-3256
-605
1702
-1623
3011
5583
5430
5284
8157
3560
-6785
-493
-1939
1104
-7536
2442
8179
-70
5063
6513
4217
-434
-8336
-934
8177
586
9498
5329
-7233
608
-5799
-1029
1453
1552
2796
6129
1178
-8310
-3147
6421
-7530
-387
-2391
-6051
-4991
-883
-5279
8149
-4392
-4818
-8796
138
-1069
-5077
-6472
-301
9763
683
-9679
6474
-1628
4747
-8059
419
-1763
9313
-99
-4796
1632
-7418
1846
-7519
-8450
-6958
-9319
3168
-5346
-6081
-3800
-3070
7475
3711
5490
7946
-3565
-9901
-6715
-7021
-8791
-8489
-8118
6480
2751
-6043
9853
7643
-4330
1922
-2102
9821
2833
7733
-100
3163
-1626
-7223
-4307
-8915
-8293
1690
-5786
-2396
-7621
1802
-2178
4167
-1452
1688
-4883
-2628
-700
3154
-621
-7989
869
-4575
-7474
1332
-9182
-7
8816
-4314
-9444
6080
3474
6079
-2117
-6304
-7097
-6488
6773
4131
-2739
-4186
-8758
4868
1247
7859
-2868
-9461
3063
-8325
8382
4764
-6023
-6364
-57
2609
4895
2331
2643
1480
5930
7075
-4142
2846
4768
-9216
-4623
1673
6267
207
4961
-491
-1437
-6432
-8058
6676
-5818
-3207
-8358
-4468
-9450
3537
7659
-1503
-2202
-4457
-8346
8774
2838
-8929
-372
2477
7770
-2088
2247
443
2523
-4615
4013
-2311
-9833
7803
584
2262
9972
8093
3801
4877
-9681
5116
-6134
-1465
-9238
-8545
-9017
7763
2352
-8780
-9974
-772
-9427
-7973
-3848
-5825
4956
89
8563
-2723
-4214
-5315
-22
-4580
7900
-5652
-8172
-5665
4850
826
-1326
4314
3837
6337
810
-6079
113
5461
-4550
5503
4731
-3344
5539
4501
955
-9757
-7847
-4089
4431
9646
6641
4420
4654
6145
5326
4648
8888
1089
-8460
8477
-9413
-1740
2953
-4815
-845
-4187
-3503
-4851
-6696
7115
5207
3058
1702
-4860
1296
9248
-5441
-4331
4595
3556
2862
3467
-932
7402
-1983
-6159
-7345
899
-9581
8281
6687
-831
9011
6918
-8215
1051
-1338
5722
-8676
3427
4940
-3608
9807
9376
5696
8501
508
-9550
7306
1432
-4987
-5243
9609
7686
7476
3226
-6886
-478
-8576
-8873
1817
-1843
7025
7036
4123
8426
7137
3635
-813
2563
3063
-6525
5046
-3233
307
8788
-236
-5636
6482
1448
5670
-3104
4073
1554
-5779
9201
-7084
-4528
7371
8733
-3600
-1071
-8439
8333
8776
-8997
1730
9731
-4437
-8377
1534
6243
-2741
-7135
-6895
4022
9315
-2083
-830
-7434
5958
3089
-1555
-2866
-878
-5187
-7652
-2353
-7048
3821
9494
-8668
-8052
-9900
-4734
1343
-2929
1154
4975
898
6315
9574
-6854
1153
-9897
5809
9790
-3027
-1348
-6761
1657
-3741
1918
1134
-1989
-3231
-7771
-4084
-9617
-7372
-7437
8661
-8885
7084
-7168
-1263
2414
-3748
-8774
-2595
-5623
-8385
-7905
-6628
5008
-9946
3064
-8826
-3347
7124
7659
2625
8399
5107
1225
-2373
-141
-5892
-2061
1832
-981
9709
5290
9712
4900
2383
-1224
7821
4361
-1435
-2932
-4939
-9535
6979
5192
1113
-4040
2761
-4668
3291
-2587
9777
-7032
7464
-3276
7723
-1469
-6799
-3017
-9471
6033
-7112
5159
2079
-8713
5398
-7177
-1189
3946
-186
-788
-4336
-1686
7089
4569
-2821
-5220
2599
-2365
7996
-1728
-5739
3403
8374
-3586
-9289
-6962
-8106
-6338
9474
-9124
-4939
-4835
-8628
-7532
-6090
4992
-4790
8127
2143
1290
-9211
9269
-8118
-9742
-50
1927
4238
-7247
3508
6966
7059
2422
-3525
-71
-9395
-8181
-6987
-4534
-4995
-1750
8606
3714
2082
7154
8851
-9458
-2418
3401
-7125
8299
-5742
-6632
-3072
7465
4120
-9109
8979
-8004
-8353
9719
-1371
-4775
5637
-7146
5496
8954
7497
-4364
3950
-3840
-5028
-6561
5430
6357
-5015
4993
9278
-6244
-3492
698
3536
-1752
-9987
9448
5961
-5001
2988
6439
261
-5218
974
6700
3221
-4030
-9746
-7752
-3870
1304
2137
-6913
-5928
-5196
9045
-1949
-8530
1867
-8099
1605
3473
-5363
-3931
1672
727
-8764
-562
-5647
-8447
-9907
8036
9249
-321
-2797
-2120
-8203
6936
-7057
9444
8820
-6295
-3653
-8509
7857
-1044
-3294
2715
306
1341
9743
-7534
-8344
-5318
6755
-7259
5696
9136
-5353
-6625
6546
9819
-8755
6708
8769
-387
-2898
3942
1077
-3866
-5208
2675
4285
-1202
1953
5381
-6554
-3887
-1574
8233
-7739
-648
4809
-9115
9623
4948
9990
-4457
8436
9361
5381
-7498
-8343
-2839
-1255
-8869
-3910
1036
-9403
-6441
-617
2640
7209
498
1300
-7098
8162
-6722
8529
877
7840
-2850
-8534
-7341
-4190
-284
7516
3623
-2224
6852
7235
-3313
8819
-4415
-6204
-8871
706
6297
438
-8059
-3785
-114
4323
-8451
5441
6300
-5029
-2883
6846
608
-1351
7513
6285
3809
-1185
-1775
-3726
7831
927
4710
-5364
413
9483
-4730
2508
5288
9537
-7803
9281
7110
2490
-6049
6808
920
-2573
-5063
1084
1838
-1960
-7088
-8726
-1711
3516
1649
4788
-3986
-6314
-3623
-2250
-816
2400
-4675
-4350
-1019
-7581
6325
-13
-7150
-7781
-4905
-3068
-5302
-9099
698
5352
-8084
-333
1941
639
5293
-8822
-8724
-115
-6936
-5313
-1413
514
366
4601
-8010
-2207
5738
-3234
-4776
6416
-3610
6777
-3987
543
-5422
240
9912
-5053
-5424
8272
2900
5285
-4546
7867
-4758
-1587
3343
7446
-2250
-3219
2017
-5695
-1077
3193
-5286
8224
-6993
6370
-377
-6580
-7612
4330
4598
8894
5364
9702
-9819
-8856
5769
2849
9476
8139
2097
-8354
4951
1729
-4566
3507
2026
-8172
9279
6075
-7412
3656
-5331
-4931
-512
9434
-9410
-1158
4095
-9259
8182
-5890
632
-7557
7704
6490
4410
2102
8220
64
8401
-4841
9581
877
4754
1711
4565
2857
3430
7665
-7590
-3572
887
-1068
-250
-4632
4764
-3482
8120
-4478
7892
800
-2441
3496
1467
6215
-5611
5401
-4082
1502
3165
8710
409
8697
-3411
8742
1077
7936
6375
-9549
464
-4233
4293
4356
-5634
6571
-4748
-14
-4834
-8820
-1838
9625
-5315
7883
2146
-3934
9759
-6956
-4171
6553
7104
-9359
8261
-9496
436
6428
781
8700
-14
-4894
3489
-7004
-7085
-1640
-4201
4342
9481
3632
-3549
8294
-8708
-9741
3923
4870
-4818
716
-8048
2098
530
7398
-6903
1486
-3356
-8472
-1306
1919
57
4131
-3502
-9985
6397
8248
-4450
-7595
1987
-1269
6842
2025
7171
9864
-7826
-9370
8599
2426
21
5612
-429
8070
3521
-3033
-5877
6056
-5235
-5875
-6135
-3916
-682
4515
1189
-4207
1917
2828
9925
4539
9161
6247
5772
2471
2761
-5975
3035
1688
664
5786
5530
6662
-3778
1214
-3363
9174
-6452
-1962
-9636
1499
-3074
-4468
-3775
-1555
-9020
1498
-1941
-4151
-7159
8798
5427
-6006
-8935
9103
-7245
-2076
-5094
1503
-9778
-7256
4849
-1054
3002
-6644
4030
-2740
6581
8199
7202
-9319
-3087
6262
5932
2076
-3682
-768
-8117
-4799
-502
2004
-5718
-7181
6251
6538
-9098
7905
2373
-3101
4551
6937
-2599
-3855
-701
-8671
3409
7501
-1532
-4718
-6152
-9245
-4589
-8410
1432
9828
4667
-1411
-8007
8148
-3194
-3531
3069
7710
-7945
8439
6053
1961
-4313
2129
-7864
2285
-6179
1140
-2991
7873
1028
6532
-9791
-2973
4198
-2363
-6057
6216
-5862
-464
6727
-9857
5254
8588
-6094
-5364
4002
1233
9706
-9949
-9587
-2268
-8219
-7420
-7376
-5629
-4065
-921
-8164
-2723
-7804
5684
-5521
7016
-3739
8714
1387
2213
426
9543
-84
-4041
-8838
5755
5028
-1086
-3140
6944
-3890
5757
-4027
-7691
8261
-7452
9714
8074
1681
6037
-4406
8493
4811
-6246
-5256
-7732
5210
7591
-9028
6199
-921
7843
3583
-5806
-4371
211
1427
-8514
9329
3945
9276
3085
4238
-9889
-9724
4452
-4405
9395
-9824
1608
-8275
-5841
-1610
-4730
2906
7811
-2961
-4767
-1578
-9657
-7893
-4566
4103
-4923
-7448
6991
-2654
9587
7360
4140
569
-4665
542
8745
-1878
-5331
-1537
-4525
-8678
-5580
-5320
-9445
-8638
2466
-5080
-1073
-3372
-7454
4983
2951
2609
7427
-4768
-5319
-6595
-614
996
-2692
-4845
-5286
9549
-7589
-6169
-9626
4470
-3520
2676
-8117
9467
7255
-5035
-7967
-7684
712
-5327
-7806
-5464
9005
-2610
-2814
-4794
-7457
-8543
2006
-4437
-8310
-135
2991
-4478
9334
2764
-7297
605
-7896
-5348
9625
-2968
-4033
8555
-2388
-1741
5731
3720
6328
-4924
-9887
4866
-6097
2353
2216
-8075
-8284
5125
9013
-2479
-1481
1189
-4548
6928
6199
1066
9489
-5907
8699
-600
-6637
1041
-8397
-8451
4216
3388
-9532
3573
3197
-2417
3823
2185
-9811
9734
5258
-3177
-1013
3017
6716
7575
9408
-1666
-3936
4494
-9114
6773
1387
3058
-4939
6568
-8625
3682
-7309
1481
-9028
-6334
3540
-556
256
7167
9036
-626
-4405
-7843
-8413
1951
-3588
4767
-9462
3588
-8000
4370
6990
-8129
-6467
6469
2588
-3254
-9817
-2765
-9988
-6121
-3935
8502
-4266
-3949
1484
1150
8280
-6803
-3231
-8359
-2385
3131
-4842
9811
3050
4626
7155
-620
-6386
-8581
7019
5157
4809
8839
-6615
-8489
-7430
-1225
4582
1500
1153
-9872
1790
6954
-8095
-7914
-2700
8603
1527
9363
-5860
-1159
-3666
-8882
9307
-5601
-2785
-4032
-2276
-4695
-9820
689
1808
9945
7049
3970
-8888
1192
-4012
4427
-7942
-8225
-7939
6942
-8011
2847
-6015
7487
-9065
9585
3985
666
-6781
-1557
6957
4353
-1917
957
3288
9306
-4146
6738
2509
1116
-5711
6439
-5125
2125
-3363
-6804
2682
7406
-314
-9488
-7637
-3507
-9225
-6320
-8763
5827
-3712
6281
-6862
-151
1316
-7383
-819
-3309
3607
-2953
-517
-1127
-5341
-4322
-6728
5771
3824
-7987
-6804
-9858
-6233
-6264
8542
758
-2849
-448
-4043
-6556
-9308
5027
9745
9130
-7499
-793
166
3753
5310
-9906
2726
8069
-8937
-2496
-7308
-379
325
7907
-3105
6059
-7956
661
-653
-5517
-6366
-959
729
2451
8052
-5219
-152
-2025
-4190
9217
9378
-3064
9426
-3977
2371
9549
4286
9832
-2368
-3684
189
-5022
-359
-27
1657
-7319
48
-4001
7647
-260
154
-9912
-3064
9014
-5404
-1524
8855
4591
-8835
-7035
-9867
4686
-6025
-3909
7966
-3162
-2314
4380
-2653
-728
7242
355
-601
9239
-7582
-8320
1708
-6851
2230
-1298
8754
7289
3789
5296
-527
-5581
-8594
-4949
-7205
4326
9427
6606
-2714
-8024
-5583
-7210
-9941
1757
3848
6791
-1194
-1500
7258
-8939
-8410
-8815
9289
9958
3683
3330
7328
9264
9552
4402
-1837
-2603
-5424
-8639
668
-9222
8447
4865
-2253
-9187
3402
-311
-359
5468
-5722
5341
-9458
-3811
-367
8460
3151
7954
6739
7654
-1830
7074
2048
6759
2690
3358
-2305
-2075
-4295
4686
-2672
-9425
4908
2897
1207
2294
9085
1148
8630
6804
8725
-3312
-9315
2533
9678
-278
-6486
8164
-8826
-1339
-6809
6324
6978
4603
3184
-9372
7682
9362
10000
9805
2729
4195
4879
-8813
-6979
6736
3653
-8416
8710
-4510
689
-1292
9598
1172
-1272
-6003
-3706
-7203
7388
-6619
-7558
4380
-1007
6153
5974
-6388
-4866
-8892
4142
8088
-5319
9935
9072
3958
9914
-1045
-5267
8155
9087
166
-7255
-1320
5468
-4534
-7799
-6699
9
4667
-1951
-865
-7255
-5657
992
-2156
-7002
-8087
7221
7341
-8260
9036
9270
-1603
7586
-255
5445
2599
-1185
-4688
5994
9501
4645
-3032
-130
-4131
-277
5818
2333
-8121
8034
7480
-3809
7231
9974
3372
4207
9266
1223
-5617
5371
7910
-3357
4596
8440
4996
6979
-3922
-748
7994
-2951
2373
-8310
-933
4497
3410
2395
2854
-3204
8035
7421
-6965
7919
-1123
6006
9779
-3428
7038
-552
2737
-1157
3577
-1353
6355
4230
-4013
1724
-532
4873
5675
4433
-3698
-6297
5307
-5469
5207
-5091
5608
9145
-6750
7106
2118
4186
9792
6407
-8560
4964
-2802
-8278
-1597
1688
-6183
-3937
-6150
7023
-9801
-8218
-6846
-1561
-2779
-2765
-2712
-2589
-3650
977
-7219
9522
7004
9714
1746
641
1375
4242
8007
5186
-9827
-6962
2888
5191
6510
3446
-9196
-6759
-5952
8586
5967
4075
2086
-3308
9847
-4323
-7031
-5996
3600
-624
7000
-8307
7941
361
-7142
7651
9725
6166
7428
-7838
-313
-935
-3842
6174
6884
-9567
-2103
-7740
104
-1982
1708
-6488
4311
-5725
-1772
282
7319
-959
-2471
-6298
-1404
8946
8767
8763
-7654
-622
5239
-9439
7877
3231
-8485
6654
5207
-1675
5297
8667
-8621
-2021
-4055
1558
1512
-3905
5925
-9375
9124
6993
-11
-741
7857
-1886
9191
5161
-6223
5326
4419
7029
4721
4013
-9561
-8600
5624
-2693
-3352
-82
182
-7039
-4397
-1076
-7692
2189
-4092
-6592
-8134
5607
2306
-4350
-9250
-7819
-2137
795
-6181
5185
-7572
5223
4972
6974
-677
-6513
-596
-2461
-5151
-7018
-4874
-485
-6221
-7119
-9249
7473
9768
-5159
1919
-9369
8528
-2046
-6171
-5278
4683
-1295
4888
-2856
2422
1548
-6698
-6564
1127
4204
-7699
-8516
31
-7877
259
7116
-324
5787
727
6869
5747
-2137
6094
9131
-954
-3844
-1207
-1212
-2336
3093
-1627
-3948
6495
-3133
-6261
-8771
1536
5409
-9736
-4319
-8583
-5497
-6603
4682
5405
-7400
-6683
-1013
9870
2661
5935
1475
7719
-3747
1768
6994
-1169
5711
3991
101
1435
3181
-2074
8024
9937
2972
5715
-5630
-2029
-962
3113
1729
2144
9525
756
3389
3411
-8621
-5210
5101
-8001
2709
-9807
7828
-571
-6125
-2107
-369
-3489
-2268
-8613
4105
33
-6193
6316
-6532
284
3402
2079
3452
-2415
-8327
-9043
-1915
6059
-5935
6011
-1325
-2488
-8346
1787
-6774
8772
6029
3055
-8185
-463
-3179
9362
-2149
-8794
6714
1271
-3245
-2830
7113
6087
3052
-7731
-9792
6556
-1650
2255
9787
9271
5339
-925
-9539
9516
963
-6732
1406
805
-770
-9774
1410
-43
8690
-5660
3631
419
8106
2909
7924
-98
-4045
331
-1456
-5237
2953
-5188
1917
-4944
8163
8475
6905
-5072
-684
-7527
-5432
-7742
-3928
-7654
-2895
-2309
-5173
-8295
-2343
-8584
8588
3574
8202
-9647
-989
-4475
-6592
817
-7161
7040
6207
-9804
6746
-5870
1519
8463
-5240
-3922
9120
-8990
-7699
3890
-2631
-3609
-3839
-4080
-6856
6618
-4311
351
3221
8027
330
-1110
5921
6559
8216
2973
-3811
-266
9072
-5775
-8119
-5607
5244
-6109
910
-2934
4561
1744
-8485
8309
1725
5977
-1845
-820
6692
9096
22
3401
-9511
2896
8819
2491
1773
-1873
-3465
4107
4178
-4334
-1258
5464
230
-355
-4489
2808
3719
3236
226
-9496
-710
-3409
-2855
-4055
-1556
-4018
-5163
2157
8212
-6827
-7821
8274
5402
-7685
2843
2008
-6382
1637
4429
2521
9004
-8323
-9941
551
-2763
7775
8004
-9801
-808
-159
329
464
-9202
-7549
-3060
-8769
2997
-9373
-7504
5560
-1116
2344
-6876
1766
8647
-8768
-1889
6035
5227
-3051
-153
-4920
3677
-5058
1584
-9454
2977
-4276
508
-620
-901
-7665
2548
8536
7166
-4165
-897
-6666
4975
-1364
-7947
-6151
-1406
-9181
-8802
-956
-6848
2319
1488
6843
-1777
7786
-2966
-9891
-9165
-4038
5998
3398
-9013
-2686
1776
-8375
1726
-2673
-9226
-8932
-5668
-5667
8135
7597
527
-1258
1500
-6543
-3147
5069
-1683
-8397
-9224
-3097
1007
-9433
-9263
-2358
2142
22
7462
2745
-4232
191
6378
-8621
5706
-8576
-9635
9382
2217
9609
-7708
-5931
8604
-2206
2730
8878
8863
-7645
5427
-805
8936
7610
-4868
-7754
-6927
-8534
-6219
-3458
5184
2515
-1317
-6562
-1113
9187
-8662
6678
4981
4744
2481
-7197
6415
-1547
-1188
3341
3485
-3810
-6659
7335
2538
1005
-775
2833
-8248
-1982
-1306
2333
-6139
-2899
8041
6786
-4717
-2279
-4005
-6311
-4498
5698
-2058
-7494
9801
-6856
-9185
3880
7733
-6330
-4692
8057
8403
2908
-3524
-7187
-2096
-9154
-8248
4997
3998
2623
-5788
4051
-7083
4872
5112
-1849
-3315
-7845
-7857
2837
-8944
7761
1655
1499
-806
4382
6388
6523
4161
-6859
-9370
-228
-6762
-5118
7652
-7547
-1525
5840
-9001
-6798
9632
-283
-9442
4473
4970
-8511
-836
2887
9011
-6405
714
-8298
3422
3039
-6420
7210
8926
-839
4918
2861
6708
-6624
-4425
2380
6566
8885
9312
9005
-351
-3411
6597
-4055
2782
7888
-2934
4204
9520
-9964
-1972
-6269
-5615
-5230
-855
8409
-5275
5947
2183
2086
-4537
3928
8127
-4260
-242
6635
-7450
-5297
-2543
2542
3305
1356
8866
-4240
9124
4799
1176
-6646
-6656
8375
-1835
-4533
-6563
-2623
2154
2581
-7406
-925
-9537
-1112
7065
-7829
-7738
-6738
-1146
-3097
2350
-8301
4825
1043
-8587
-2442
6694
-8799
-1697
-1411
-1180
4852
-7538
7191
5774
8717
991
589
-3854
-4727
7007
-4706
9613
-5922
-4321
-2986
-4866
-6811
7621
-339
9537
-1394
9237
5720
7203
694
-3265
1159
-9144
-272
3851
4405
-4702
8862
-9576
-497
8487
4503
-2788
4953
6740
3628
457
-2633
-8510
1659
9477
-7622
5151
4803
-9843
4857
175
812
5112
1872
-8337
6869
2333
-8470
2252
-5249
1435
-6188
9795
4389
-1474
-2097
853
-6835
278
6474
4521
5945
-3744
3423
1704
6961
-24
2448
-5346
1534
-3834
4129
8002
-9278
-3895
-4914
-5857
-2382
-108
-6154
8829
6060
-4429
-6571
7129
-7693
2109
3386
-258
-3614
5562
4501
-5414
-9057
-4595
4328
7313
7768
-2420
-8738
-8809
-4885
-7321
-2983
2944
-4125
-1390
7903
1378
676
-8894
-6628
5968
-543
-772
1393
3107
-6000
6355
1813
-2159
-5816
-8572
459
-2247
-8970
-6283
-329
6300
370
803
6481
6186
-4663
-5285
-6119
-4609
4151
-5991
9117
-777
2629
9733
5650
2880
-6811
-7866
-2011
-6780
2694
-8758
847
-8362
7072
-7639
-6107
5348
-3228
-7907
858
5131
9597
-3483
7958
3429
-6192
6839
5415
8243
8823
-1626
6099
-3485
-1444
8002
8692
1464
1004
392
3163
7966
6995
-3391
-9580
-8350
6656
-9123
-5293
-5910
-9777
-7163
-7591
3584
-6331
-3284
-7775
-3524
2277
-9616
-9761
2852
-8679
1051
5879
5291
7415
1598
625
-2019
-5048
1236
7120
1961
-4619
-2960
-6610
8387
2752
7720
-1225
-9661
-7278
-6118
-8054
4792
-3245
4421
-1459
-6641
1071
-3911
-6944
7279
1493
-8597
475
-8064
2590
4253
244
1316
-2877
-3237
-8261
-8615
-4541
-7041
2331
-7176
8276
-396
2509
7735
-9722
-6442
7827
9774
-190
324
-8312
8522
9842
-7923
9119
6516
-4166
9215
3757
-3116
-7564
-9247
-7988
-1574
-2423
5869
-3304
-4583
2939
9144
-7834
-3192
5281
5568
7355
829
-2858
5506
4033
2919
7510
1142
3199
-2726
-1238
-872
5558
4565
8365
-5385
6145
337
-8964
1132
4588
9241
-1653
5427
-3550
3741
-9018
8815
3405
3086
1873
9954
-226
6356
-4274
7238
192
4954
-781
8336
-8491
-133
-626
-5923
5866
-241
552
-5458
-2463
-9505
-3021
4372
-8668
2398
-3800
2161
9158
-8492
-9242
2340
6601
-3607
8680
-4547
7137
471
969
9157
1648
2580
-3777
5516
1431
-182
-5586
-6129
-7407
9035
-1438
6427
-9890
8014
-2498
8006
-3327
4246
1850
-7216
-7633
-4552
7902
-4381
-4107
9785
-1148
8598
7455
-3633
4692
1151
-2390
-1708
-6023
-886
8351
-5043
4546
-4519
8063
-3384
-4841
3413
-5890
9943
4091
-1322
4622
586
4955
9959
8825
804
9136
1389
6821
1507
-3340
5075
-2686
-9891
4703
5992
6900
-9072
9180
6700
8489
2190
-6156
-6138
-1243
5199
4772
7901
-686
3441
106
2262
-725
5095
-1505
6097
-231
-4721
4589
8581
169
9484
-9024
-4853
-7404
1752
-8724
-2259
-5231
390
-7961
6230
-1087
-9399
5761
-2713
3299
-7598
1657
417
-8896
-9255
-6368
-9797
7060
1696
-5503
-757
3992
-7123
-2930
-7958
-4734
-7464
2190
7557
4576
-194
-2279
-3003
-9341
5683
-9408
-2689
-2893
1725
3946
-20
7744
7997
-9546
3189
1967
-2186
-8582
648
-8059
-8992
-6295
2539
361
8183
2007
2300
-7617
-9514
-3786
9221
-7950
-2224
-2913
9393
5928
2957
2153
751
4659
-1586
9539
5393
-8639
1052
1040
-7046
-1746
4830
-4110
-5248
-2378
-8934
3258
4915
-3857
-454
-1624
8797
-5993
4276
4826
-1866
640
-9550
2063
-7801
-9671
8647
-9230
-7039
-1120
-9562
5163
7445
-5108
-9766
-7654
7610
3801
-2969
4508
337
-8527
-7894
6805
4584
1553
2256
-1570
6408
-5567
2683
-5581
7326
5051
-988
-165
-13
-3999
-4500
363
-9844
6933
-925
8635
-907
-1267
-6187
-6477
-277
-7901
7331
2544
-4406
7738
-6198
6497
6988
-8867
-6129
-5376
-2221
1470
9120
-4806
-3433
5600
5121
-6664
9810
2291
8891
825
5747
-6514
874
5011
-6966
900
9059
7465
-7872
6687
26
6664
2769
-1426
-4114
-1737
233
-7625
-3973
2820
9788
-4164
-3303
6101
5856
-2400
3587
9120
5466
915
-6853
-207
7750
-4814
-9748
-2993
-3695
4648
1544
-9394
-6916
8198
338
3796
5791
7131
9311
231
4561
8197
8953
6123
-4411
7231
-3691
3591
-6367
4330
9340
-2978
-7495
9592
5310
-9295
271
2346
-2719
7757
9495
-994
5772
9144
5498
4495
8417
-8589
6039
5970
-1971
-898
-9222
5265
-863
2239
-2544
4870
-647
-5841
-4797
5898
8671
6031
-8281
6842
-1291
-8221
-2643
-4565
3492
-6008
5636
-9785
-6860
-9627
-6021
-4664
8701
688
-6116
-4063
-9962
-6364
-260
6563
-9095
-2657
-9648
7563
8215
-6687
2847
9230
-6838
2877
6139
-5821
2837
-4494
8743
7255
8782
-1960
-9296
3708
-5967
8055
2730
-7612
-8372
-1421
8349
3398
9893
2428
6056
3617
4529
-987
6015
1209
9501
8607
6096
-3326
-7397
-2393
-7758
9454
7947
-4863
3805
-2751
-4083
-4737
8408
9371
-394
9316
1111
-7396
-9862
4591
-8407
-6582
-7008
-4259
-7323
-7904
2684
-8037
-2214
-9878
-3424
-8099
1303
4234
9830
2058
3266
3419
-7824
-3274
8810
-7260
6768
5229
5703
-7464
2880
848
-8475
-5961
9705
-3932
8496
-7977
3941
-4103
412
-8304
-8398
8158
-947
8470
-5942
5213
-7689
4805
5958
8760
447
-2936
-6869
3284
6884
9093
-9138
-7450
-1681
-8699
3104
7490
-7022
6101
-3209
4395
1461
-4377
5727
-6421
-3791
5506
7247
-2294
-4633
5009
5558
-1012
-3198
-7267
-429
-5682
-8427
1278
-450
-977
9009
-7761
-723
9358
-7726
7578
6861
-3144
-8153
-3397
3834
-1562
-2405
6172
-7100
-7957
9610
-6577
-1343
-6546
9650
-960
-5052
9224
-8129
-1457
-34
-1189
-7974
-4651
8618
9486
8141
-8210
5439
-1166
8221
-6664
9325
-113
-3132
1941
-8386
-4247
9626
-4560
6699
-6902
5398
2653
-6516
-2578
4364
3644
3082
3709
-3824
2939
2215
-8489
7049
-7988
3972
-591
-4563
7414
8754
6731
9691
-8871
-7236
7578
-3972
-5652
5239
-9322
-3328
7551
-2023
-1618
5434
5284
-4709
4720
-3337
-726
-5376
8416
-1417
285
-1449
-2171
5141
9923
2477
-104
2344
7491
-8872
831
-5434
-3517
7986
-7901
3277
-3679
3741
6684
509
-1371
6717
-7908
3108
-6676
2992
9977
2321
-6543
-426
-9948
6660
2956
1440
4558
929
-3748
-2955
5790
8037
109
4025
-3521
1379
-5396
1452
-2639
315
5596
-4155
-486
-9326
8521
10000
-5050
-7990
-2519
-2851
-660
-5093
5098
344
-8724
-3834
9758
2690
2907
-8994
-4676
5849
6491
4438
-3793
-3403
-873
-3229
9501
9029
-9583
243
7194
-3417
-8549
8497
4862
-288
-1739
-5809
-3711
-859
8670
-2394
-2869
8094
-4003
-8263
-8797
4038
4552
8161
-6331
9076
6038
3850
-1093
-255
6737
-5304
-5501
263
-6781
3979
-3586
-8641
-1028
-6454
-866
5543
-3243
-3288
-198
4593
2294
7292
3737
-124
-6054
6951
2175
-7094
-5880
-9257
4037
8623
1171
7293
9597
-9535
5355
3418
9056
-2523
6953
-3333
2417
7474
4043
-7593
155
-5302
9644
-1874
5648
-3957
4032
-8769
5976
-6868
3678
7068
-1150
-9677
-7123
-8679
-2369
3976
3770
6814
2266
-5679
9891
3916
2483
-4665
-9446
4402
-391
7884
5296
4799
1183
-5493
3626
-6175
3965
-3458
-1962
-763
-1244
-9952
1462
-9848
3790
-2630
-7640
7683
-3327
-5411
5418
-6713
8138
-7797
-8432
-6794
1672
-8934
6563
-500
-9870
5396
-827
-692
-8303
8258
2481
-4513
-1448
-7998
-8528
440
4233
-3163
5372
4107
-9127
3129
-2491
-617
-3880
-1523
3083
7465
4727
-1718
-3024
-3832
8423
-239
-4329
7247
-5688
-9365
2045
2472
2564
6263
1944
-762
6677
8904
-6651
2763
-7855
-5492
8890
2965
5853
1586
1252
2706
8081
8248
7630
-5541
122
-9888
-1069
-8099
-4535
4379
-539
-5337
-7425
-3316
2352
-5730
7180
-4152
-5350
6351
8305
-2666
-4621
1343
8542
-5012
-4618
1740
-2347
6247
2661
-9772
-4323
1206
6810
7028
-2012
3791
-7097
-8723
-7182
9973
7752
-7044
4468
4289
9564
-3417
-939
-1591
-1588
166
-6800
1948
6117
9589
-2050
2143
6086
486
-4227
6480
-1861
2989
-1462
1487
-8223
3602
-7537
4587
4012
-9911
-6182
-4686
3368
179
-2952
-4527
-7084
-3846
9261
9395
3788
-7450
2461
4398
-2219
9755
7650
1077
-1012
-3656
-3272
-5998
9167
1946
166
6995
-1224
-2204
-9980
-6985
-7808
-3240
8425
1396
-8559
-8344
-1497
7773
2470
-9248
1651
-525
-1999
6966
8620
9132
-3419
7556
4799
-4865
642
-2690
-9367
6559
5412
-5269
7280
-4100
3623
6570
-6933
1632
7298
-3133
6790
-8259
-5839
6717
9366
-4452
-7324
-713
5149
-2389
-7497
-3613
8693
1327
384
-2356
161
9901
7123
7917
-8491
8877
5613
-3321
-2489
2519
9207
9194
-7399
-1892
6532
3784
5508
5581
-4911
8733
6493
4203
-6644
-7508
7136
-1905
8220
-2655
9093
-789
4725
8699
-6404
758
4666
-9714
-2556
3519
9114
-1940
9356
3940
7068
3079
1926
-7461
-6276
-7466
1572
7089
2997
5668
1706
9691
7562
-9845
-8163
8928
918
-5977
9201
-131
8602
9141
-7698
2529
7362
9874
2308
4392
-5582
7586
5862
1578
-5943
-718
6427
-3370
4282
5063
3728
9461
-7496
2231
6839
-1360
-881
-4454
-4526
5365
7224
-4458
181
-957
4782
3722
-8565
2481
-5455
4153
7028
7655
-7189
1801
-4582
-8017
1606
-9678
1453
-1085
5089
-37
-1309
8320
-6670
-1744
9496
-739
-7081
-1152
3874
8028
6365
7955
-9816
4432
7677
1831
-9191
-2793
-1771
6253
-8153
-5032
2704
-6708
-9892
1544
-2731
-3697
5978
6249
-5670
-9725
7940
6746
5450
6202
-2811
5945
868
8220
-816
-6690
4180
-2778
-9883
4043
2462
8804
148
-3107
-2742
-2034
110
6897
447
7227
70
-1425
-1021
-9384
1666
4536
-2678
-1272
4864
-2215
5721
-448
-2298
9193
542
-7752
1826
-8646
2702
2115
-2517
-1312
-3131
-9178
3908
-7956
1308
7931
-1513
-7964
-2204
9878
-306
8953
3109
9432
-9762
-3164
-892
-6123
7033
8027
-3604
3751
-7252
8559
-3783
4464
-9687
-6163
-7972
5894
5986
-9466
605
-3418
5648
-1944
-5744
-8435
-3494
5863
-8030
-4598
8951
2340
6428
-2006
7095
6778
-1084
1897
2788
-8180
-4611
3358
-3317
2985
1667
4578
7182
1620
-7338
-9059
2654
5937
-8525
6769
-6093
5561
-2172
-1021
-3952
-9899
-4213
-9808
1270
8201
-2658
-39
141
-1724
3425
-23
-106
-5625
-2852
1613
3926
870
627
9755
9965
-9897
-3222
144
3653
-2469
-282
359
-1914
-4105
3701
7136
393
-7111
5335
-4906
1744
-6444
7447
-3797
-8613
-1916
4434
2299
7526
356
1080
5414
-7690
-5102
-9100
-2810
-6788
-2982
8122
-7824
4961
-5612
6607
4068
4014
5787
-5330
5597
3126
6711
9916
1554
863
3782
1069
786
1608
5067
3211
-2521
7889
5873
-305
-5721
9387
5975
760
3209
-5219
8977
2720
-273
9879
4850
1255
7027
-4771
-8710
7829
-930
-8527
-4326
7872
4165
-3089
3662
4118
-8734
-9938
6277
6095
-4560
8465
-7572
-827
622
-352
7981
4467
4489
443
1709
6566
442
-1444
3549
7229
7401
-6938
2763
1094
-6980
-7020
4073
-4838
193
7282
1457
2930
5252
-9748
-7744
4720
-8956
8542
325
-2080
-1932
9935
4327
-9874
-2840
-7962
2322
-2829
4473
-5741
4250
-8908
-2446
-8609
-91
9384
-1659
-5000
957
-5472
8264
1943
-1552
1071
429
1469
-4092
-9913
-7631
2727
9037
-8392
7029
-1816
3638
-2069
-7906
-3545
8500
9660
-7778
-5776
398
-9596
4467
4107
7418
-3317
-8794
9594
-7548
591
-8544
8004
8941
-7665
-2427
-1912
3698
2320
2379
-4415
2426
-1159
-1659
2461
1706
-8381
3983
6521
-9571
4410
-390
-5526
7273
8736
5791
-6224
-9057
-8508
1974
136
-5011
-2789
-244
-8510
-2672
-2235
-3791
6831
-1654
-4840
-6693
-8365
-5832
-8219
-3339
-9994
9960
492
2479
-566
-1076
4862
2993
6470
8878
1869
-8512
6736
1619
191
-4867
-8318
-9278
8944
8263
-5279
7732
768
-9456
899
-5246
1015
-5627
-7044
-7322
7008
-157
9324
-5338
-1403
-7252
40
-7552
-1504
2708
4810
-4491
-3060
2783
141
8514
-6378
6709
-6216
3017
9743
1770
-484
-684
-6494
9333
-3142
1263
-6503
7422
5234
-2417
-3092
-7946
-3204
9464
-4487
3727
-6666
-2371
-9065
-7078
-4057
8994
-7613
4799
-9616
2984
5878
3616
7477
952
7967
-6840
-6017
-587
-3994
-9536
124
2301
-3846
-4865
2029
7461
3906
54
5854
-1877
2472
2064
-215
3039
-7790
-8503
9173
3206
2335
5338
2495
9630
-729
8015
8952
-7825
-1918
5588
-5467
-3572
-8514
-2366
5279
-3365
-9841
7708
4084
-7859
-8735
-6563
-5999
9470
868
2474
8086
-5571
5011
8866
-9475
5991
7549
1130
-2249
371
-7395
6166
5128
9844
6865
7089
-3773
-951
2436
-3541
7252
-9259
7280
200
1360
7627
-4341
-8543
-9086
-8996
-8738
1943
-3796
-2716
-1217
5456
-944
-7399
9077
-262
426
-6884
-2532
8449
-245
5530
-1458
9061
8988
-8506
-6506
5353
2029
-8875
7082
8062
3287
3916
-1332
-581
536
1860
-697
6869
8064
-4875
-1250
-7660
6361
9694
-9356
1840
6015
2138
2979
1897
6408
2282
-4085
-2553
-1207
6984
-6198
2920
7035
5057
-5507
993
3223
3178
9252
-5541
-6569
-889
8369
5215
-2916
8156
-6400
9293
3235
9967
-8640
7685
-2097
5082
-6175
-3415
-8769
-2557
-9829
-2341
3429
-7397
5968
-4586
2832
-2565
6062
-7475
-8296
-5567
-4899
-258
-4195
-1865
4174
-3826
4649
-8599
-305
556
8263
7265
-9590
252
347
1121
6937
-1322
-3734
-8009
-2845
-7609
-2390
-723
-3040
1458
-9522
9118
-6385
2768
8857
5827
-379
890
4585
-6979
-8428
2597
-2838
-7728
-2991
1368
-2334
8714
-9934
-3249
-3697
2699
4243
3404
2011
-2441
-3393
4174
8417
-6024
3629
4079
-5851
830
-8691
-2207
8076
5449
-5114
8599
821
2919
5808
4506
-5799
7396
-3216
-3152
-6413
-744
7901
5699
8565
-9830
7977
-3714
4033
1867
8808
-764
335
5441
-2080
242
3119
-5373
4365
-7633
3927
990
5938
7322
-6505
9487
-5751
-9495
-4909
-246
-6697
5661
-9247
8766
4209
332
-6004
4524
5702
-1614
48
-1369
-2029
-7019
8455
3491
-1140
-495
1375
-918
-1530
6160
3166
-7565
-2044
-3719
7566
-5415
656
6729
-1286
-8507
4799
7190
-5343
-5695
3679
6117
1837
-6050
5289
6039
-4613
-4647
-6309
2936
-4385
6348
3848
-1361
-1799
-7316
-9139
-6890
1657
8016
-8173
7023
1102
7097
-3489
3678
8442
-8340
-9029
-2201
-202
-767
-1954
-8322
3829
-5071
4251
3320
4525
5286
-3080
8185
4016
3597
3617
-4972
1136
2873
3716
-4959
7466
9283
7968
-5228
-9983
-1528
-1103
-5029
4565
-4953
5377
6321
-5905
4860
9985
6934
-2485
-9362
1228
-136
-7151
-2961
9557
903
-3929
5280
-2680
1758
2119
4586
-8175
-4625
-8068
7574
4160
4872
8108
5826
-8403
4400
-6681
-4887
-9562
8246
3053
5864
-8535
7076
-9198
-7819
-9849
4809
-5420
-4637
2533
8649
-9808
-7461
1614
5289
-1832
-2125
9181
1409
942
7706
-7839
-7162
9045
-7480
227
7681
7219
5890
-7773
9450
5846
-6780
4509
6138
3439
-4528
5887
1745
-6056
460
-9984
6199
-9505
335
-4468
8384
-8868
9703
-1253
7968
-879
4991
-5279
-8806
7815
-7099
-1377
-4947
-9691
6347
6746
-5862
-9847
-4933
1766
-9346
-7112
5751
-5150
-5490
6966
6301
-3607
797
-9053
-3414
2524
8858
-7167
-662
8133
-4893
1811
127
6650
6089
-4240
4331
-6930
7037
5134
-3880
-4409
-1799
-5738
-6398
6860
-2575
6851
2050
-2778
705
5485
-3706
5828
6607
3345
8255
8966
-2346
-5219
-1029
1534
-5965
-5711
-8388
9641
2052
8459
-4194
-3327
4659
3710
-9048
4094
2891
9316
376
-6531
1073
-1069
-4896
7272
125
-6377
7693
8737
-5272
8115
-4676
1091
3511
8835
-8867
1549
-3799
-5475
-3406
-1189
-2814
-1564
-8654
-9103
4607
-4596
1043
2753
-8837
4044
-9131
-3167
-9671
8591
1130
-4743
-5526
9103
-7859
2235
969
-1182
-5272
-7666
-1835
-2639
-1369
-7325
-8465
-4782
-4710
-1696
-1634
-2036
7178
-4342
-6232
-7449
7512
-5419
-405
2792
5708
-1310
7314
-8539
-17
-8401
-3063
-7502
-204
3411
-6506
-5099
-8388
-8087
9352
352
2969
-6889
-7758
815
31
6256
3268
9346
8260
8696
-2215
3192
-4733
-6198
-3029
5150
5692
-5292
-9466
-608
-1779
6415
-8272
-6543
-5642
2322
2769
2908
8131
-7218
2073
-7392
8849
-2744
-350
-8429
8659
4396
2341
6641
5704
8746
4064
-7807
2306
2437
-4555
-3601
-7181
5209
6553
-5299
-6290
1086
-2501
-7402
8261
373
4403
-255
2552
558
-9225
-8438
-5914
49
-3708
-3936
-234
4226
1695
2007
35
-7322
-7688
6419
-5925
-8904
-6920
8020
-3330
5758
9513
4191
410
-7209
-2013
-2970
242
3080
16
6249
1237
1025
-1014
-4465
8257
380
6087
-4957
3905
-1721
9375
-9111
-9810
-8470
3830
-1776
5907
1155
3912
-3700
6109
516
2065
-5932
-9237
-7910
2221
2914
4599
3547
2549
2637
-6040
2638
5320
-5933
7746
2712
9377
-2119
-1608
838
-3590
-3242
-2601
7374
-9160
5355
9968
-3429
9244
-440
3543
6830
-7220
4499
1649
-1621
-1171
8082
6525
-3291
5682
-2702
-2286
8142
5440
-5674
-2391
4988
4639
-3889
4109
-2062
5558
-5610
-3577
-9364
2050
-1813
-8274
-6926
-6107
-8600
5236
-8293
-9670
7260
-9872
4503
2014
7185
4280
1506
-434
7150
879
-1988
-978
-5647
5443
-6039
6546
4678
-7381
-8048
-2963
181
-721
8732
7124
-2486
-9209
4693
-8583
3814
2906
-620
1700
8139
-1095
3601
-6670
-3111
-606
2179
-8076
-775
-1640
-1263
-2052
1246
7256
-1786
1801
-5153
-5086
407
-378
-4288
-7766
434
9743
-2260
5901
-3554
-4267
9895
5159
-9356
756
-9965
-4913
-8681
2708
4195
-7528
6972
-8382
-2463
-7526
7150
-2301
5215
8113
4504
9362
8845
-1013
1897
-7394
-4063
2257
9366
-7022
4468
778
9060
321
-1423
6578
3338
2313
7498
7963
6664
8459
4522
-9092
-7475
7060
5541
-2210
-5171
-4799
-6862
-732
-1906
9243
7711
6139
1144
130
1666
8373
1784
-7264
496
6836
-9823
7076
966
6808
-490
-7797
3542
-7533
934
-5642
8830
-931
-9388
-1112
2530
-3958
4373
7967
647
9511
5182
5087
-3821
2578
9096
6904
-6039
-8091
3542
-3359
-4373
-6202
1687
-278
-3830
-8234
-1413
-6201
7013
-7137
6902
-5244
-2372
1079
-8953
2856
4625
1246
-5052
-3794
-9657
-7133
3621
-9112
4244
-478
-9250
739
1177
-431
-7405
1264
-3772
-3635
-4954
-603
-2445
1517
1529
-4829
983
3666
9244
6948
1180
8801
2445
-7327
-9523
-6268
-5667
-9155
-8061
-415
-433
-4335
448
-5045
2000
-9992
-1184
6585
-1066
-7230
-1120
7445
-8868
4074
-8268
-6342
4748
-7864
-7664
5495
-283
-4368
-7662
-4912
8669
3046
-2056
-8512
7187
8459
-3274
-1743
4008
2138
-6441
2094
-9132
9183
-6355
-387
9329
8060
-4594
2614
-5076
9910
-8394
4862
-28
3004
-4463
9685
7027
-6821
2365
3668
-3364
8084
2147
-2157
7465
1761
-8662
8833
3708
1768
-4991
-9942
-7149
-1421
509
3074
5303
4747
-7455
-7428
-9338
-4694
5906
-5850
-6561
-1970
702
4158
-5491
-2210
8374
3298
3541
-5524
-1997
-8591
-8807
-9809
6482
6952
-9541
-5143
-2698
3453
9621
-5401
-1187
8583
-7433
4684
3461
6305
531
-9357
3689
-2294
5331
7325
-6972
5754
-219
6713
8221
-2274
-4419
-9522
-3033
3194
-1517
7949
-2379
9187
-9750
-9638
2595
9966
-8900
-5085
6536
2486
3129
7565
-3769
-8186
-5297
-7674
2180
9510
8711
-969
-5043
2500
-209
-8309
-3407
9754
-1800
4969
5808
4634
1320
3095
8363
-5001
104
-7568
42
5422
-2381
-1054
-2807
3073
-1955
5936
-429
8177
5645
-6885
-3811
9539
9384
9783
-149
-9671
-6956
-3782
-4080
-5621
3782
6768
-8869
-1908
1477
3216
6450
196
-6681
-4311
825
-1579
2759
-8452
2952
-1069
2286
-3067
-2031
6440
5591
-5329
7332
-5652
3627
6953
5648
-1906
-3636
9653
6909
-1313
-6605
-7752
2137
7350
3251
6216
-6285
-6118
388
-3913
-1750
175
3855
2028
-7143
-4273
-4261
7871
6359
9750
-9192
4916
-8873
2291
-6793
3022
2781
2640
-6734
3459
2448
965
774
6347
5387
7212
-8575
-4027
-9072
-9906
904
8568
7737
-9116
-4263
-8666
7991
4051
-3708
7370
-1404
-158
3680
-1480
-1960
9848
-5908
1193
-9163
-2960
2326
2905
-7888
1218
4742
-8451
5173
-2078
-7054
-6249
4279
-1110
-4493
-5992
-2097
-6943
5630
-3178
-1985
-384
4068
7513
2884
-8660
-6861
-3933
4261
-7258
-3234
6974
9430
-9090
2658
6084
-2068
4457
-668
8581
-3911
5560
229
5848
9709
6296
-4283
-1380
-4203
-6282
4464
-8325
-9480
-6997
-3172
2715
6999
2931
1570
2880
1766
-8199
-9668
3538
-2122
366
4802
1639
9216
1157
7605
-5287
7003
9925
-7244
-5137
-6420
2158
3092
6765
-9960
2773
-2801
2414
-6880
-2657
-5644
-7166
-9240
1079
-1587
2882
7874
2756
37
4900
2095
5319
-8409
-5473
-4237
-818
-5874
-3398
9776
1579
8508
-2059
-6028
5227
3963
-5738
-3153
-5029
-6426
9167
1657
5050
-9052
-6685
5120
4558
4786
1496
-2393
-1232
4311
-3935
-6187
-5229
-358
-4976
-2427
7699
-6108
7350
-5001
-5555
-88
1488
4926
9028
-958
8332
-2799
4702
-4151
-5524
890
-6642
1178
-5828
6391
-6603
-5989
2692
-6473
-7906
-8139
8364
-2947
-8043
410
6368
-2395
-6466
-4078
-3245
-4832
5226
1561
-7448
-6376
3833
4925
6065
4228
-9465
-9473
726
-6573
-6088
696
-7173
442
-9758
9524
-4983
6493
7642
5584
9399
125
-9177
8180
-6124
-1652
-6919
-8248
-3344
-633
3691
-4651
-712
4262
7820
4165
-1413
3294
2924
-2471
7194
4095
4741
3243
-2120
3878
4155
-2927
-7349
2541
6764
-1348
6036
-2447
5967
8639
8540
-6465
89
9939
-2405
-560
115
-8224
818
8883
7755
1026
8589
-3198
-4334
1070
-2890
8825
-7147
5869
2990
1816
-8302
2602
-4703
3529
1672
-9889
-5865
-6778
31
-553
-6777
4424
-9291
-231
8736
2870
9562
5876
-3075
-1390
-6664
5525
169
9886
-2515
5735
2073
-2744
-278
8113
-1303
-5892
-6198
-1927
9932
4683
7410
-3549
-7599
6276
-2445
-1622
-6135
65
7268
543
-7244
-9982
-470
8742
5512
-1823
2075
3798
-207
9381
9187
1089
7435
-5873
7848
1971
-5467
7106
291
5429
6236
367
7697
-6306
3765
-3808
-6326
-339
-1508
2787
3367
5987
9170
8244
-8063
-5495
6623
-3125
-9945
-166
7438
8729
-6749
5459
-4007
-7526
-6384
-1258
-7660
789
4151
8992
438
-383
-1837
7819
2130
-9987
-6708
-5978
5970
9100
-8031
-2253
-5627
8448
-8370
5262
-7240
-6403
-5317
-850
-1712
-8988
2016
-9769
8553
1239
-4956
5073
4527
-1163
-9709
3013
-1381
-6430
8881
3735
-654
-4308
-9962
1398
6458
5147
-9682
-8249
8155
-5990
1826
-1139
-3774
-640
5063
-1186
5806
2341
-4926
-823
5714
-1578
9904
-8700
5642
2239
-4609
-4961
-1571
-5163
2028
7021
3621
-7221
-3562
-586
-4391
3641
1226
9016
-4119
-8894
-4955
1925
-667
-9340
-9174
-8551
-8137
-7590
-6456
6747
3281
9216
669
-9803
-8230
2823
-3493
509
7434
-8105
2980
1388
-6190
8868
9822
4810
-2046
8463
7311
-2555
-2900
-5917
-2478
1739
2796
-3288
-6214
8273
-6834
-5082
-6469
4153
-8966
-5287
9699
-2470
1714
-3041
-9675
9582
-3890
-9178
-4951
-2155
8191
-214
-6538
-4773
-585
6261
8241
-7214
3280
6542
-1238
9671
-4646
-6331
-3880
-4310
8136
-2680
-1520
1891
-9509
-2972
-5204
4986
-8510
3266
4479
5186
-3730
-5828
-3887
-9119
-7237
-6980
9532
9830
946
-1408
-8568
-2533
-7850
-5665
669
8468
8284
8073
3183
2957
-7582
6824
-4743
2477
6208
6251
1802
8734
3339
-1094
-522
-4394
5915
5639
9348
-5933
-6300
454
-3610
5035
-8054
-8893
-6824
939
-8644
-2040
-3334
-9949
743
3313
3639
-562
-4031
2576
-140
5461
-9239
-4661
5468
4417
-8509
7501
2138
-8079
-7360
-7633
-7579
-7154
6528
9663
5211
-9382
-1703
7599
-7881
-2772
-7658
1594
7248
5151
3956
3558
4121
4113
8470
3244
-53
-2443
-7769
6605
-1248
7444
-1160
5607
-9811
-984
-1897
6338
-9057
4331
7620
2473
8541
-7281
-3689
-1691
874
-4975
-1923
-6665
-7736
-7415
8786
1020
-6560
-8380
5989
1050
-3560
258
3722
8917
-7828
-9255
6390
-3817
389
9490
-2881
-7461
-7951
1792
-702
7735
4887
-5426
6914
-7177
-3660
8822
1621
8442
9900
-7363
5210
4980
7713
1852
-4969
-9940
9364
-9435
7232
611
6453
4229
-1660
8691
8113
1168
-3139
9249
-6420
-7577
-1326
2149
-7486
8089
3822
-6635
-8721
5623
2025
-8229
-2549
-9190
3299
-2235
2893
2100
-3832
8071
-1846
-779
-8456
3713
-4312
556
-5913
5179
5150
3119
-4022
-2508
4289
-4477
-1660
-283
-3898
-9890
-429
-2159
-2494
-9841
-8693
2910
9458
-7920
4521
7659
251
-7828
-5665
-4486
3282
-6330
-6280
2242
-5847
-2988
1612
5714
9040
1902
-4197
787
5995
7182
-4084
-3503
-8865
1863
6660
4385
6048
7865
-455
-3086
-1732
2877
3287
1512
6491
-3351
-6671
1546
1027
-994
-4080
7856
-1800
-7002
-349
4795
-1948
-3921
-8994
9720
9632
-7537
3588
2939
1862
-9416
-3099
5885
-2669
2381
7584
3959
-3924
3727
2716
-8915
-8217
-295
9355
5900
9162
-3377
7610
2532
-5744
-8284
-9779
7555
-3981
3219
2362
-6112
-570
-3958
-5885
3925
-3332
-9504
-6916
6566
5464
419
3573
-5006
811
-3443
-3453
-820
-4732
5050
-1735
8990
-1996
264
9662
-7813
-8478
9809
-5744
8663
4441
-544
4011
8184
6687
2625
-938
6370
6495
4083
-2039
2329
85
5702
-3037
-9297
4120
4461
-6043
8341
5494
3420
-7378
-8865
-3158
-7247
513
6791
496
1375
-3506
-2818
7899
-1400
-1039
-3994
-5976
-5832
-7409
-1738
601
-4537
-5937
6067
6684
1922
-7701
-1567
9342
1189
-1746
6665
-3336
-8438
-3425
2353
-891
4195
243
-1368
-1804
-5460
819
-8533
7791
-5738
7041
-6470
-4291
6628
5432
-7398
1285
2725
9998
-8690
-3806
6530
-1972
1471
-115
7754
-8070
-6755
-9629
5769
3643
8269
5564
-3270
4982
-4662
1727
8917
3801
-3247
-4859
5947
1674
-6172
7874
-866
1200
-495
5782
4943
5292
-5138
6993
9272
5736
8527
-9712
1728
-2307
3626
6702
4613
8230
-8044
5525
4604
7599
8870
8413
-6143
-2516
7571
5331
-1503
4809
-8932
-3921
-6894
6547
-8460
-3975
4534
6629
-5575
-9712
8331
-6052
-7167
-797
4610
-625
-3909
-111
-139
2184
3848
1013
-5339
2060
9609
-8117
8234
9828
-9421
-3323
1678
-8468
3225
237
4335
-287
6203
1393
694
2108
-6543
-111
-4048
8453
1817
2981
-4852
1679
-6382
-4764
2589
852
-9144
-864
3742
7147
-1250
-8681
-4491
-296
-8282
8411
-1548
9112
3135
6233
6318
-3425
7471
1426
-9225
1705
6302
2403
785
-5307
-2811
7629
-6610
3216
8917
-2422
-7644
-4831
-1051
3192
-3802
-5131
-233
3228
-45
-1170
-2502
-1095
3844
5367
-3489
870
-9927
-4797
8162
6065
-1096
-6746
-3429
-6910
8128
-1333
6619
331
7557
-1194
-5416
-7287
-8649
8234
4029
-4131
-9021
-5241
870
-9356
-4495
4681
-2510
2594
-9933
3839
-8776
3257
169
4750
7536
3699
-6002
9162
-4998
426
2161
6687
-1728
7257
5121
-1967
-3462
6875
1571
7225
-3123
-5411
7486
-5197
8453
796
2087
-1587
1627
-5681
-4461
-6104
-8020
1059
9165
4497
-2736
-1013
-2672
5003
8344
6009
5043
6745
3916
9383
8550
-4320
563
-2742
3904
5842
607
-1623
5939
-9017
8100
-7584
-4752
-2624
-4360
6267
-9506
1066
-919
411
-8679
7966
-8064
6703
-4419
-3637
769
-8562
-7043
1527
-1684
-5653
-6132
-4402
-8269
-3611
-9653
-2112
1313
2115
9480
-711
-1839
6699
4512
6493
8875
-5798
8507
9807
7336
-1765
8171
9719
-4926
926
-8041
-4329
8212
-1363
-7971
-9292
-6224
8660
4229
-9380
7116
-2058
-3918
7744
2302
-5322
5247
-4941
-5340
-5129
9080
-6505
5616
-422
6540
-1551
7382
-1172
9857
4425
7751
-3330
-7803
-4009
3778
8279
-6396
3188
4528
6370
-3220
-7116
8606
-6157
-3703
-7569
-7000
3860
8429
-1080
-7288
-6408
6996
-8143
-8336
-4398
7640
-7893
6729
-5790
1160
-8535
3624
4587
-4601
-7202
-8208
9301
-3757
8196
7808
654
-7318
3514
4052
-7810
1075
-859
8330
-4361
-4665
-2409
-9471
-666
5260
231
4704
-5383
1823
-5524
6072
5701
-3462
2835
-5491
3742
-8999
4903
-6777
1911
5261
9017
-7825
-587
-7106
-9068
-6428
1543
8710
5529
1143
-7269
9033
4186
4522
3238
4751
-9419
5824
-3655
8553
-7214
-7257
-9925
2855
-1061
-4938
-9145
-5353
8015
6054
-5813
-5737
4495
8839
-4737
-4981
5519
4583
-1864
5614
-6401
-7279
6770
5438
6257
365
-7023
8074
4071
5159
-1306
-77
-6947
-5250
-8405
-7094
2617
-4288
9647
-1751
-87
6732
-5588
-3637
-8675
8433
-1668
-1624
5512
-5363
-8546
-8631
2876
-7810
3126
-6293
-2871
-9685
-4387
6510
-3322
9862
1701
1849
-4576
9799
-7974
-1620
-964
3567
-3527
8685
1435
-5141
3063
4184
-49
-4103
6568
1429
8614
6982
-3961
-3
-4816
-1077
9381
-8520
8803
7366
-992
-9641
-1251
-1459
-4354
5693
8880
1299
1140
-7730
-1236
-6426
5559
5013
-1560
6855
2699
-5498
-693
5822
1449
7508
4774
136
613
-1168
-7338
3367
9257
-4997
8989
-2116
997
3829
8008
-9045
-553
-4351
922
3887
9936
9400
4622
9443
7133
-7932
-1220
1051
4891
1651
4373
-5288
6772
-6205
990
5114
-1002
196
454
7451
-8195
-7949
-9049
-5488
8092
-7009
-6433
-1656
-5585
-4937
-8302
-4272
3540
-8721
3561
-6650
-4911
3564
-7355
-9227
1475
-9685
-1831
-1775
-6128
6800
-7010
1515
-1641
2312
5534
6804
-9250
2077
4909
66
-9572
7590
8784
-5353
-9489
3276
-9312
4858
8518
-1513
-3204
2601
-1419
1663
8126
-5264
-5570
-4906
7927
-1577
-4046
-2905
2998
9162
-3904
7454
-391
-1846
8955
-5037
3673
5363
-7035
-460
3149
4801
-6721
7805
-8806
2035
4616
3057
6234
6415
-7180
6180
3746
6674
-5135
3112
-6961
-3180
4716
-9601
-7707
-7246
8310
-5854
1040
2535
-5865
9620
496
-1797
-3291
8660
4500
-4737
2631
6122
7187
-8939
2403
8135
984
-2556
-3147
3825
-3970
3537
-5709
-7232
7805
7365
-9760
-4025
5113
-6491
356
-7813
4809
1127
-2846
873
1073
-4739
4087
443
-3529
-9906
2580
-8861
1440
3383
6331
401
-4452
-2212
5754
-928
6836
-9379
-1481
9491
4780
-4361
8045
-2616
-1071
7989
-8416
-2157
9433
8609
9986
4691
4256
833
-456
-2517
-5803
-3235
-6255
1892
-5196
-418
-133
1009
4870
1734
-5745
9786
-3053
-5247
7532
-988
2031
3389
1371
-3318
-3617
7274
9175
-8022
5800
734
7183
-756
6743
-7294
-1139
-2346
2739
-4065
1509
-8467
8606
9186
1732
1899
483
-7438
-8141
-5936
7985
-1263
-497
7552
2473
-9670
5930
-5399
-2931
-4679
6479
-2176
7670
6699
-1229
3708
624
7062
6006
-4384
9242
8472
-1025
-8986
5399
-7190
-2741
-4573
-6442
1996
-8164
-3618
-7090
1131
-7851
8131
-7660
-8224
-2441
-9026
2575
-5834
1047
5320
-7262
9162
8968
-9690
5019
8378
7617
-7225
-6616
-6058
3227
-5954
7287
-8702
-6824
5017
-8838
816
-9480
395
6533
-7993
-9021
-2196
475
889
-9926
-687
3497
-4751
8245
-1693
6527
-3546
6634
2251
7629
610
757
-9377
-1694
-8493
5213
-3887
4540
-557
7345
-3373
1343
-3746
-2830
3703
-6016
8141
9135
-496
8016
-5053
-1649
85
-646
-1557
-5931
2282
2618
-1951
-4724
-7057
6297
1484
-2989
-6772
-8572
7953
4538
-3876
-2985
8723
5909
3196
-1496
-6724
2672
5286
4345
-1512
2022
-4755
-1719
4941
-9378
-2418
-1840
870
-9940
-2329
-9276
7545
6702
3541
-4837
-856
8813
-684
8687
-34
1234
-1032
9691
8736
-782
-3525
-8063
-6897
2137
6506
3673
5366
6578
679
-6996
-8386
-9637
363
5364
-7859
-4120
-7072
-5780
164
-4960
-2551
-6707
5798
-9892
-9429
5059
3485
-4584
8697
-4108
-41
5164
529
7795
-531
-4724
3573
-7068
-729
-4875
-890
-3291
-2995
-4372
2072
4926
-4152
9818
1157
9204
-6497
129
-6157
-8072
8729
-7654
7098
-2180
6618
2202
4672
3692
-3137
-488
-8590
870
-6848
7865
5614
-3877
-4174
-5920
-6662
7590
199
4119
-9921
7801
1441
-3262
-5444
5583
1193
1907
3948
5185
-1095
1958
8229
7382
-5994
1335
6977
-8293
852
-3100
118
-9532
1401
8564
-7975
-8116
-4800
-2780
-8958
-862
-8597
2929
-6144
9400
1618
2576
-9401
7263
9592
4322
-1947
-740
4643
8658
-4934
660
1355
2497
8457
3798
-1616
-4464
3457
-2222
91
1123
-7677
2035
11
8424
-3137
-4167
-1046
5090
5266
9805
-9475
1499
2636
-1952
-3680
3046
-3812
2392
-626
6172
-7828
-6172
-8527
-7144
-2854
2020
9795
5366
5197
-3422
-5107
8911
-5932
-8378
7587
2999
5005
9382
-9253
2771
-8033
8536
-9742
-2041
-7961
8830
7602
-7647
3980
-6102
6846
-5400
2309
3312
-3323
-4751
-186
-9735
6297
3450
-8119
-6040
2832
-4228
8177
8849
3972
1985
7604
661
9900
-4667
-9051
-3798
-6727
-1612
270
9341
-2104
5702
-2109
-2000
-8908
-4634
5234
7227
-4591
4339
2329
4077
-7606
2931
9554
-5283
-3194
1941
-5585
-2158
4381
7336
-6218
-9682
1715
-1061
-9932
334
5668
-8728
725
4759
104
-2309
8867
-5490
-7276
-7336
-4709
8805
-1336
1268
9091
-9240
-7975
-5702
-7826
-823
5831
711
2725
-3583
-105
6832
-375
2841
5594
-4914
2901
-1982
2240
396
-655
-7496
9013
-5958
5048
2602
6258
431
-4903
-9720
-6512
4382
127
5939
2726
8969
9257
3802
-5165
1308
7059
5507
-5925
-7475
-9131
3484
-6025
-3030
-8801
8546
5180
9879
6305
-7899
-5727
-5745
-6575
-6911
6246
9331
2233
1978
-4779
4088
-629
7033
-1016
-6866
-3029
4855
3943
4523
8817
-2669
1333
-3857
1699
-7198
-510
4623
-9675
-670
-7806
6260
4686
-4785
4939
2356
-6230
9221
-2549
-9936
-7740
6580
3736
-7189
-2545
8399
-8350
-996
-6126
-8494
-6262
-1060
8831
-5207
9851
9051
8997
1804
-1333
-2627
-9349
4725
-2363
-2076
2966
3298
6677
421
352
8620
-9891
-7604
-4190
-6215
1905
5852
-5461
4885
9235
-1563
-7054
1854
-8121
9353
9197
3145
2963
-4304
5800
-3316
4903
6736
1223
-8152
-8467
-3699
9095
-5764
5702
3854
3191
2147
4810
4589
-1793
1612
2745
8986
169
4838
7262
2506
-9393
-5699
7030
-3489
-8780
5363
-8182
6990
-2515
-7456
-5250
-9011
6685
6735
497
2624
-9161
-8512
6273
-8279
3482
-4747
679
-7639
3679
-5453
3160
-8603
8466
6406
630
2746
-4572
-1075
-4411
8821
-6083
9330
9259
-9376
-2233
285
-8236
-9566
-1135
-1058
6062
-4983
-808
5597
7453
-6563
6737
1866
-7947
-8705
9320
-7647
-5729
1236
-2582
-3686
9989
-2345
3159
-215
-3164
5221
-5873
2073
-124
-1058
7816
8187
7967
8277
5468
8813
973
-95
9862
7494
3951
4908
-1471
4183
-4204
-2625
-4227
-1012
-9084
8628
4803
-1945
9372
-7300
-8613
-5690
749
3845
-2495
-6445
-9653
-8752
3536
5879
-6224
4011
-120
3728
-1636
675
8140
7620
-5769
2572
-7399
7998
-8517
1775
-6499
-4469
-3544
4194
-9382
-6134
-6878
-178
-4633
-3988
-4034
6411
-5538
-1200
-8833
1380
-9648
5756
-1321
29
8883
-3275
7281
-7891
2146
-2324
9681
4117
-5661
-3519
-3084
-7833
98
1197
7665
-3750
5477
1908
8725
-8898
-3752
-3628
-2006
-870
8249
2510
-3523
-7491
-4770
8374
-3728
-2156
-5233
-1300
1049
-2574
1589
6258
2976
-2995
7648
4419
7162
-7657
1402
-7348
-7269
992
-1341
2458
-5419
4809
3182
1491
-8007
9088
-8558
-1616
6806
2937
-3428
9045
-4039
-4695
-251
-1509
4507
-9492
-7162
-2121
-9229
1729
2680
-2138
8783
144
-8149
-6364
6670
8421
-8942
4061
918
-6698
-9739
-4513
1793
-8872
9249
-3081
5234
7401
4726
5399
-3713
3335
1145
7215
9705
132
-2844
-8626
-8196
1529
-671
-17
-5455
-741
7990
7206
4841
-5977
-2723
4991
-273
-138
3352
-4055
-441
-9098
-4107
8349
-5177
5167
-8317
6176
-7310
6163
2799
7880
-1054
-285
-7195
-8513
53
-2245
6667
-5739
6724
494
-6214
1661
-6790
-9877
-1387
5860
-408
6672
-3502
368
-7375
4141
6666
7317
-176
5054
7907
3401
-5059
-6145
-6109
-5738
9039
3676
4785
724
8950
9310
-4945
8200
2130
-840
-8392
5803
-1687
8235
-5406
348
-7145
-6144
-1736
450
-5726
8870
-9571
-3382
-8133
5247
4424
-4509
-6623
-8841
-4517
8053
-6740
-8604
4784
4618
-2962
9448
9910
4449
-135
-8691
-3921
-1036
2962
-5814
6570
2038
-6706
-3227
1302
3209
917
-8707
-5204
-9132
6765
-5870
-5689
-5321
4058
-9475
-999
4825
7507
171
2584
-2597
-8515
-664
-4979
2866
971
5997
-508
3785
-333
667
-3320
-2779
-4460
-3238
9290
8957
8882
1280
-9170
3308
-1386
-6540
7635
-1755
-2016
-7797
1274
4009
-8219
2421
-950
-6993
9059
-5484
2461
-1226
-9985
-3642
-1455
-2596
-2388
7244
-4783
5582
4891
-4753
-8695
8135
599
-2988
-1754
-245
-1571
7919
605
-3759
-6940
-5418
-682
3321
-8441
-2735
-318
4682
8022
-1611
-3565
-5884
-765
-6715
9854
8519
-5493
-5920
671
-5739
2413
-9990
-3321
-8344
-7608
-1721
-2393
2572
3258
-2500
4452
-6020
5881
-8442
2226
-6747
-5626
-9073
8524
8141
-9896
-373
-6061
-2024
8463
-7728
-9031
3429
5322
4804
-62
279
9589
2751
-1868
-399
5753
7398
-754
9731
-5061
5554
8941
-4692
-1270
-6008
-1624
6298
-5148
-2358
348
9547
-7807
5092
7212
8378
119
-5564
-9902
8581
6585
-704
-4325
-9870
-8955
-2101
120
-2265
-1467
5737
-6584
2609
-5104
8866
-1798
-7555
6894
-3493
-1888
5914
4498
6860
7756
-4297
-5058
7508
-2815
-814
-3050
-2207
4719
2687
-1029
-3144
7200
9995
8051
991
-4931
3552
5951
-1811
3832
-1324
853
2687
-9375
7887
5451
-576
2005
3200
-4579
-3506
-2146
-7428
6902
1916
7242
-1236
-5072
4905
-6562
951
1584
-6382
7339
-5423
7469
-7860
3385
-3948
-6866
1157
4475
-5923
-5499
-514
-447
-3024
2517
-8345
1066
7615
7492
-8490
1898
-5149
4288
7839
6865
1791
-7817
741
8383
5145
9462
-6129
-8271
-756
8738
-4559
-1266
8718
-1157
225
-4346
1001
7311
2878
-273
-6095
-3042
-1991
-9663
4630
1947
2077
7724
-4059
-1014
-7951
-6824
-5735
7423
-2152
-9919
6115
-550
-8565
-2267
4573
-6943
-458
3458
-5026
8100
4412
-7434
24
-6599
-3348
-6490
2780
5298
-8330
-1287
-7833
746
-1139
9587
3353
-6983
-9944
-863
7579
3755
5080
3647
-4256
-3269
1971
-1616
-8404
-1194
-8108
2968
7739
8816
-3551
-2762
6209
-8331
1263
9357
6245
7502
-1235
3788
-5370
5484
-4934
3457
8093
408
7957
3082
9416
-1569
1203
-7529
5790
6438
8266
5729
-952
5909
-8360
-2964
-8447
-5982
2758
-7707
8351
1172
-2000
-2521
2581
-5027
-2685
-6510
-7985
6421
-6552
7945
-8289
2265
9649
-5910
-5825
2393
3013
-7125
403
-811
-6986
4745
2944
-8159
3009
5408
-7339
1526
5762
-1254
6707
-2978
6742
9003
8290
-636
3827
-9174
-1206
7862
8626
9606
-7400
-4935
4424
7950
8065
-9968
2429
-5373
3479
-2918
2106
2526
-2496
923
8695
-6988
8682
5375
-7989
-8002
2995
-3076
-7550
6378
3420
2709
-7996
-6181
8121
-1934
-1392
5324
-4085
-6367
4403
4000
8133
8443
-2320
4646
-6546
858
-5538
9778
-7649
1746
7762
4590
-7984
6071
2729
-528
7514
1196
-1003
6968
-1934
-1757
634
-7517
6432
6054
8314
653
-6837
8228
-148
1648
-7699
-854
-4251
-3532
6478
8137
-3124
-3369
6499
2948
-7955
-554
-4340
-1971
-8740
9147
1719
8760
2980
9103
-3051
949
8698
-5168
3645
-4663
-9891
-2095
9524
8751
3534
6903
-4126
-6628
70
9138
9086
7361
2996
-5042
4433
-5923
-5790
8697
443
-1191
3739
-6669
-3856
-5317
-1816
-7358
6607
1424
2493
5161
-1136
-7878
-7368
9708
-7106
-5550
-1384
-9064
-733
-1500
811
875
7534
2377
-4108
2682
9161
-9873
7004
-5594
-9736
3743
1638
-4552
4946
3748
2970
-9174
3484
9582
-3639
8213
5245
-4671
-5540
812
-5325
6726
8065
4760
-7242
-2386
-2687
-647
3576
1112
-5135
-5956
7416
-7408
-3220
1505
-7278
-7779
-219
5269
-1148
8020
2466
5554
1474
4381
-3455
-3677
-2403
6505
-2554
-2596
-5415
-5921
-8946
-3109
5445
6102
-4286
-3564
-923
5668
4554
-1641
-9500
-5883
5285
1014
-9671
-7617
298
8519
-2882
1582
2705
-2749
-1529
6515
9634
-9028
2357
1556
1563
9172
4719
2916
2867
-2714
-2550
-3564
5602
-6571
-1906
7001
6029
2513
3478
-1389
-6827
-1922
1972
3759
-6832
-2920
-9867
2914
5885
-4917
-1661
8554
-3543
4580
8073
-6061
-9258
6638
-7423
-1313
2559
4138
-5887
2007
9992
8005
-1625
-4396
7802
-1702
9312
-1347
-3699
-482
9943
2145
-6901
1539
-6238
-5948
-5751
4312
989
-8507
4042
6769
5871
-6314
5126
-972
9870
9771
-3644
-5559
-6834
6456
-269
-8490
2302
-1478
5825
-3384
3713
-9347
-9145
5042
-9657
1648
-5819
7450
198
8176
8073
8198
2232
5076
7293
9120
-4263
1708
-4587
2259
9303
-7377
5866
9575
7966
6114
2378
-9216
1848
-4122
-6689
8247
-718
8750
8621
-4569
6901
-8046
-4014
1712
-5506
1887
-6274
-6811
476
-3263
5095
-5944
-4472
8563
7091
1310
-9968
1805
2113
-9393
3737
-8746
-7972
-25
5841
-1013
1401
-6275
-4219
7621
-3569
2840
-7081
-3501
9882
-2390
-5355
2921
5314
-7775
228
-6895
-5972
2768
-6702
-3345
-3609
-3797
5671
-1801
-4938
5279
-8484
-9832
-508
-1590
-3373
-9439
3622
-7154
-4914
-8472
-7168
-8254
4049
3495
8295
-2646
1650
-4859
5996
9322
-1424
8463
5593
-6528
-3664
9114
-3836
-537
-9049
8141
3448
4010
4211
5530
-2862
-3709
7715
2885
-9140
-8728
-9973
-9942
-4637
-3882
-7517
-6605
2963
5742
-7366
4268
-5827
-8741
133
-5301
-8432
-5612
-10
740
5637
-7382
4582
7870
-6840
-5507
-976
4274
7472
9302
-3799
1498
-4759
-5357
7001
-1829
-6078
1748
123
4615
6962
7127
-8261
9075
6943
-9366
7050
2822
-9019
-3903
9321
-6155
8810
-3567
-3983
8059
2309
-3196
659
-6728
5953
1231
6726
-9873
9700
-9138
6645
1268
9763
-3788
8248
9474
2423
