876
-8787
2896
7606
-6246
-5831
-4584
-1216
-5833
-51
8124
2366
-6114
-292
7457
-9611
-588
-6548
-9790
-8902
3159
1205
-5042
4062
4978
9903
5282
1794
-3709
-6010
4984
-9848
6271
1694
3933
620
-7312
-5517
8156
9633
8835
-5636
-8133
1626
142
-3741
-1658
6778
-7452
9699
6355
2827
-3618
-2120
9165
-2018
-7627
6726
6622
5130
-6471
1242
-7501
8788
1247
2296
7054
4362
-8314
-707
-5166
7169
-6
7306
-370
1325
7388
8531
7758
6883
-2410
-1162
-5113
-228
-2782
-9328
-6592
-9166
888
8379
-8946
1087
2949
3467
3551
5089
-8388
345
9270
5028
-2112
-9325
-3815
8382
-2246
6868
7414
-3363
-2206
-4419
-7988
-3867
-741
-1870
4692
2760
-9226
-3505
5979
8854
1445
-457
9762
9959
1482
-9272
8317
53
-4939
-6523
-9552
-4806
-4935
-4412
8923
6283
-4426
368
817
565
-5470
-570
-667
3184
-4871
5883
-2870
8624
8800
-675
-7592
-5547
-5490
2741
-5488
502
-4778
-3083
5179
-5985
590
-2378
8625
1439
-1616
3634
-5648
3779
-9732
-8269
-4956
-9072
5430
3334
-3916
6821
-1933
-566
-4065
6720
522
-8846
-7307
-8671
-3402
2562
-5365
-4454
8748
-2321
-5518
7662
2222
-1313
3663
3407
-5609
-9683
7641
8534
-7421
1212
-4811
3734
6716
-878
2102
-6678
7252
-8680
-8098
-738
3527
-6984
4045
6128
3695
1403
-8516
-3927
4180
-4639
8099
-5745
7179
2066
-2712
-8004
-6401
-9957
3157
9432
-8234
-2672
2303
6177
2771
-3652
6839
3280
-3286
257
-1206
9932
7827
9817
3865
-9814
2668
-2864
2684
-4312
-4028
-4009
-5981
-6049
9346
9955
419
2196
161
1204
1662
-2427
-451
-2137
8461
-6648
7641
-1311
-9526
488
-6299
-3548
-7090
-5688
-2818
-7210
-6834
-8735
9052
875
-3818
9347
-9805
-4359
-7775
1411
6381
3945
8675
-2400
6493
9944
-5938
4688
1335
4387
-1523
6457
-2180
5133
-5659
-2403
-9450
2870
5431
-8930
-7818
-8181
2754
-1561
-4169
-1796
9067
7023
369
-6512
1480
2842
634
-2566
9465
3408
-6563
8224
9701
-5937
-5807
9151
7636
5805
-8181
7696
2318
8882
-9896
1891
-5514
-2083
-7059
6420
-9327
34
3032
-9454
-3145
-4267
-6288
7286
7424
6721
5592
-8794
2732
0
8265
4163
2190
-5102
4171
7761
2161
-3341
1929
7487
-9653
3310
-3353
-9298
379
1065
-6927
2544
-563
-1129
-9190
-927
-8881
2428
5647
4484
4995
2776
5779
7458
2100
-9256
9421
6007
-885
-275
-9537
1513
9645
-7119
4588
4578
2981
101
6430
8768
2538
-8681
-837
-332
-8795
2774
5833
-8288
-9683
4782
2291
-2884
903
8773
-6796
-4997
8363
-9324
8604
-4364
-4747
8725
-4656
2979
846
-7961
-2254
777
-113
-896
-3846
-6523
7922
4246
-9487
6256
1303
-6600
-9497
1362
-4018
-8801
-1696
8227
9516
5876
1131
5491
-240
-5397
2788
-9428
-1103
-101
-9710
6117
-9930
-683
9346
-8446
-9585
-8382
2607
-8095
6735
-5471
5121
6317
7552
-5110
-1442
-9716
-6459
4053
6834
6835
811
413
-493
7623
-4370
7750
4759
3916
-3950
-9600
5493
-5664
48
-3657
-2939
3629
5194
-6154
-9211
8383
-7815
-3745
-5155
-7137
6630
4229
5606
3451
5752
969
-7012
-9257
-5758
6907
8178
876
-849
7464
-6883
4459
-6338
9391
7000
4605
-392
8147
1311
3115
-3189
-3638
1555
5787
-88
5655
-2073
-6537
4585
-9227
-8417
6692
-4691
7105
-4382
61
-5923
-2943
1309
5512
-7582
-8859
7178
9004
3085
-7130
6092
-7921
711
-6347
6673
592
8470
-1511
-3530
-9278
1285
-2671
67
9137
9385
1036
-8781
2650
-490
-4607
-7709
4035
-7173
5000
-366
5210
-6794
7896
6737
-2739
9519
-5317
666
4888
-6927
2417
9825
-2986
-3738
-7551
-1356
8025
9280
-4247
-8047
-9885
-772
-2536
-8660
1622
-4593
4602
-4658
4788
501
2092
-102
-5423
5541
-9313
-1142
7282
-1033
9866
-3355
-6879
-5118
1292
8968
6666
3494
9808
-8156
744
3851
2481
4177
3884
394
7102
-6953
2300
-6829
-2284
6357
6976
2027
7838
8483
1103
7202
7714
-4409
515
-8991
6878
1406
5876
-3624
-1
3719
-2736
-2288
-3848
-3765
2797
-7152
9148
-6408
-668
9589
9511
1137
-4662
-3477
1266
-5304
-2366
6508
-8300
-5787
-4121
-3038
-3765
-4695
1277
5144
2007
8935
-9485
-8167
4118
-1396
-3897
2033
-656
-727
9356
-5538
5902
-6625
1828
-8947
8659
7283
1274
-9338
8383
8119
-2304
-6339
8822
9782
518
3211
182
5045
-5742
-5728
-8638
5686
4906
-3602
-55
6914
-9917
6612
-1477
9878
-7231
8248
-9271
5576
8618
8209
-146
4966
-9281
-3168
3256
534
3926
3195
6894
2652
2326
-6521
-9709
-620
2148
5248
-1385
183
7199
5097
-8642
-5952
-8349
3632
9795
7202
-646
1147
2769
-2874
-8933
-6627
-7765
4808
4931
-8438
7793
3125
-1802
4988
-8698
4951
7469
2248
-9555
-5709
2721
7588
-2883
-5857
9620
8819
9514
-8191
3867
-7799
-3251
-3237
-621
-9007
8557
-1372
5987
4208
-8880
-2926
7950
7600
7378
-9513
-7994
-9582
4893
-774
6099
-6568
9422
-3698
2175
9288
-1426
-7115
-6750
7932
-9564
-2924
2066
-8621
-849
2308
8758
-4636
-1953
278
-4374
1376
-1353
9755
9558
5891
6244
-639
8907
-9570
-5155
3198
-3142
-234
-8192
-6073
8367
2104
7377
5954
-7437
-4255
-8421
-9062
-1443
-7436
-9723
-56
1592
-7687
4440
934
7142
-8537
8190
3868
-9046
460
3936
-2953
-2968
7871
-5131
-5611
4380
6308
501
-2128
388
6438
7965
-6171
-339
-1048
-5614
-4812
9167
2186
6844
-1669
-6547
-9899
-7978
-9479
1482
2067
-6836
7780
-5792
-9779
-4767
7428
6580
-4929
-2861
-8363
-4239
7081
8399
2423
-349
3951
-3363
-8472
5000
6896
-4876
1049
9792
6157
-8186
8386
-4319
110
795
-9036
-3790
1470
8052
400
2885
9187
-9732
5945
-8690
-1445
-5986
2631
5224
9871
8409
5872
-2450
-5436
-8230
-7244
-6039
7302
6319
3184
6492
6623
7199
-1919
9996
1525
7067
-8035
-9484
8418
-1175
-8567
5762
7249
6721
6517
2016
6372
5528
-9602
-9001
614
5993
3349
7621
-2966
2933
-9720
-9903
1060
4913
766
-5775
9420
674
-6453
1262
5928
-9208
6690
-3841
-8625
5727
1434
4881
4586
4784
2658
187
-838
-6535
-2716
7570
7390
-2567
-6171
3508
4631
-6690
5043
2071
-4784
-1199
1829
7891
7783
-3117
7364
1579
-7533
-2990
-4752
4805
2280
7901
9057
-2159
2112
9664
5722
9702
2305
6481
5804
-1285
5091
3543
782
6678
2420
2584
-3024
-7508
-9677
-3319
805
-7211
-4613
9233
7780
-4628
-516
-5304
6910
-7376
-6707
701
-4493
-1980
-5183
4480
-6805
-9028
9971
-8513
-2337
-7633
-882
4477
-5465
5891
2060
-766
3546
-8062
1916
-8934
-406
594
1663
8033
-6682
-2956
-7910
-7301
3589
1259
-3435
-600
-4088
6621
-3013
5432
9973
-4514
-8241
-5622
7034
-1694
-8630
7751
2387
-6417
2785
-7755
7543
4344
-6917
3177
7028
7924
8816
3140
8494
838
-8497
5308
9146
-1622
-4114
7379
2664
3702
-6081
3777
1765
3629
2014
1817
771
3988
6916
-4813
2000
-410
5787
-3808
6605
-4548
1205
5238
-1974
-7961
-8774
9048
-3528
-71
-3171
4174
1183
-2523
-7032
-7964
-8956
9408
-5678
9670
2390
-497
865
-8723
-8239
9190
-8400
9286
1244
-301
-6716
-2094
-2622
7922
498
-9694
4841
-3424
1974
9106
7391
-9276
-3352
6784
5295
-2734
-2018
2211
-4862
-1269
9824
3103
-4675
3270
-8135
-6352
4503
-9331
-3097
6681
-8614
-7856
7208
8978
6210
-1204
7200
-4637
-8571
3656
4019
5499
8972
-5896
3789
6563
6688
8922
-3995
-2211
-8899
1435
-3654
-8634
7290
-1801
-2800
5086
-392
-9452
-3960
2548
-7662
8281
7098
-2233
292
-4199
9964
-6590
7094
6124
-3031
-8588
4400
1004
5990
8989
-5244
5364
-8527
-2644
8347
-500
-3252
-1001
-9734
4183
-3052
-7086
1932
8028
9198
650
-3322
-2109
-1027
8446
7859
1022
-8083
-7729
2768
2471
8731
-5346
-8273
-6094
-3135
2893
-883
3632
-570
-4849
-1943
3841
-6446
6343
-1356
4458
-1779
-8502
-4560
-7809
-1345
-2054
2916
1213
-2730
-5422
2724
-1821
-3666
9108
-6886
1898
6025
3846
3005
-3696
756
1891
5675
738
-9487
-1857
-116
4547
-6845
-4052
7571
1151
-3163
7656
-7985
-6454
-7108
3387
-1534
-9943
-1415
-9930
-2216
5675
4819
1289
4673
-1605
-9193
8220
-1644
1402
6257
-2622
-6200
-5864
6897
-6474
-5510
-1963
3591
-3077
5479
4504
-5334
-9718
3515
218
7933
4988
7864
1417
6871
-127
6761
-1108
4824
599
1926
7540
-9454
-9328
-968
7973
1272
6906
-4682
-7199
7408
-5367
-4595
3486
-8858
5431
-5601
-531
-6808
-7573
-1575
5848
2715
1693
5582
7902
-695
-7077
5651
-8718
1562
-7034
9838
-6851
-1032
-3235
9954
1848
3608
-7231
8270
-6909
-1829
4932
-2235
6272
5012
-5665
-666
6271
-1706
1423
6533
1586
-2395
-6974
-2751
-3207
473
-3164
-3412
2172
7196
9811
6374
961
2079
9827
426
-2500
-2044
9438
195
3302
8809
1467
-7373
-2533
2241
662
-4844
-8101
1513
-7620
-3476
4593
3379
-7897
-2449
-10000
-4703
-484
6330
2976
-8043
5887
5110
-9473
6494
220
-1759
-3211
-5913
-6652
3429
-9348
-5571
4692
5035
4713
-180
-1217
3681
-9285
-1052
-7762
-8121
1534
-5985
-3442
-1250
-3623
-4816
-6925
234
-303
-2820
-9292
-4101
-4645
9929
7749
6226
-2852
3492
5366
-770
7589
-3341
7271
4680
-1392
-6209
5361
-7259
-4601
5474
2904
9802
-3269
8704
8355
-9155
9193
3833
5109
-3739
-1351
-8856
3248
-7712
-7048
4209
-5607
5243
-1991
8168
-9236
6946
7224
-6931
-2001
-4102
7607
-4654
-951
-1590
6132
-655
-5371
9773
1027
3786
5798
-3481
8268
-604
5721
-6677
5435
-6702
2463
767
9108
5135
1261
-7800
-9516
3349
-163
1393
-7693
5519
45
2746
458
-6185
2375
-7401
-2
3598
-2608
-7118
5638
-2370
8168
-1891
-1425
-5640
-9331
-10
-8738
-970
-7263
9109
-5217
8425
4755
8849
520
-3911
-8107
3911
-3891
-7442
9301
4978
8354
-223
1146
9672
2645
-8494
-7187
-2967
-2206
6499
-6684
-9334
7429
1224
7378
166
-4555
2373
-535
-221
-6243
-4053
6323
-8619
-5319
-5728
2666
-839
-1781
2312
-3726
-8368
5551
-9833
6480
4405
-889
2482
2166
6992
7861
8364
-9833
-1258
7815
-3391
1257
-9656
5711
-9538
7011
3534
-2381
-2276
4962
-6693
-9667
2837
3845
-7430
9606
-8818
1817
-7301
6939
1152
-863
-5438
5512
-6040
-6864
-8021
5170
-2420
6751
9954
8092
6214
-9159
-2747
-5853
4687
-1544
571
6412
3054
-9910
2690
-1837
2923
-8583
2960
-3218
-6451
8603
-2890
8672
-6902
8353
-5423
-8682
2579
3285
500
9191
9663
-3235
57
-7184
-3690
-7464
-8066
1020
-4411
3648
-2828
4867
-8742
-9967
-2888
-4448
6407
-9838
-4395
7163
-5053
8652
1536
-9562
1651
-1261
3103
-6564
-7436
-8556
7715
1014
6947
-4796
854
8633
2957
3683
2592
8328
4969
-4515
-5882
-7723
-524
-4556
-342
1914
102
338
5736
3927
9390
6793
-880
9539
-9395
4908
-2295
-2448
4419
4339
-6089
-5626
4756
6603
-1620
1179
5819
-1590
-2516
1014
-8416
-7150
7369
6476
-9782
-9529
8308
3872
-5460
-2763
184
-2288
8818
-4429
-3364
-49
5791
7383
3652
4291
692
-6999
2621
-4334
-7772
4962
5177
7922
9993
-896
-9464
9861
4619
6220
-4133
4025
4390
-7307
5377
7951
-3041
-2529
-2458
-7859
-9926
-5476
-6841
-3430
3002
1821
25
-6281
2056
8130
-5628
-7074
-3298
9915
7278
7940
-5961
7463
-8116
-5123
9582
-6879
-1333
7834
-4477
2124
3889
-7646
932
6391
7214
6982
9272
-9987
7750
-2261
933
676
7413
8312
2119
7280
-2063
4224
8993
-176
-9857
-4403
-2853
-2241
5710
-6879
-2301
3453
3920
6942
-9758
-5783
2763
3072
-6751
-7092
6171
-4398
2625
-8965
3419
3211
351
-1932
7384
-5734
1169
7571
-6776
-1533
-7596
5161
7937
3561
6049
-5134
-2865
3754
6011
8069
2315
3008
9386
7255
-764
-21
3768
5020
6152
-9898
4057
426
154
-4591
-2971
4783
-4673
-3281
-6704
-3279
5883
7922
-5539
5478
-4484
3799
-4323
-573
-1997
1803
5007
-1494
7768
-8484
-4929
7607
1802
1912
-2906
-3875
2117
-7266
-3839
-1554
2381
5258
1838
9864
-9555
8918
9896
-2257
-8601
-6493
-5397
-5473
-7331
9450
-3087
-5917
9117
6110
-6901
-4812
4648
-1694
-1793
7315
6680
4240
525
-1582
2413
5932
1470
1564
-8836
1746
-4645
-1193
3017
4026
4943
4924
295
-8591
-3655
-5029
-3157
3651
5226
2778
-3642
6230
4502
3305
-3860
3513
727
-1103
-3921
-6161
-2685
-2074
-8591
-7264
8447
-4446
-4631
-5416
2625
8585
6514
-6426
-84
-8722
-1386
-8935
-3072
-4611
9992
7126
9546
-3236
1864
4316
1286
7403
2467
-9336
-9256
1235
3805
-3804
-5263
4049
6782
1851
-530
-996
-6592
-635
-5740
-4523
-7799
-1689
-4026
-6901
2516
-5048
9881
5454
3579
3391
8334
3822
-7049
4203
1382
7365
4834
3424
-3493
2817
-9336
2800
1364
-4570
-326
8091
-6218
2818
-6906
9678
-1756
1232
9289
3078
-4343
-2313
6385
-7258
-2084
9131
-6242
9254
8511
-2257
-4972
-3246
-2711
7936
-7006
576
8080
8223
6282
-1066
9120
4613
9008
4336
8992
-3282
-3868
-811
-707
9494
5000
-7371
-2599
-1332
6653
-67
6064
-4422
117
-3675
-4672
-4992
-8873
5685
7730
-2966
-6785
6035
8069
1285
-9050
7701
1184
956
3336
3317
5285
2358
1127
7391
-6166
-5436
-574
588
-2344
670
-2531
8107
7227
-5222
-5005
593
457
7974
608
-6890
8389
641
-9923
8682
9957
-4758
4808
8203
6073
530
-2525
6037
9070
9669
6617
-7760
-2818
-677
-3996
3673
-9631
-1448
-5395
-7888
3784
2895
-4046
-7910
5739
4581
-1642
9845
-1502
-2058
7137
6845
-9855
-266
5138
-290
-4752
-7301
2884
2585
-3524
3646
3651
-2126
-4373
-2828
6292
9272
4482
-6028
5141
-9565
-786
-5952
-2979
-509
4191
-9196
-1977
3717
-57
6891
3604
8909
9297
9404
7668
536
1649
-4280
-968
796
-8160
-9426
1449
5175
7175
6474
7554
-1917
7551
-9041
-1821
8496
-5025
-9402
3913
8379
-5067
-663
-8584
-9236
4590
-233
-9947
7736
8173
-860
8339
-1621
4592
1013
-7094
-4062
-9009
-5602
-9053
-6222
4839
2183
1827
9757
10000
9641
6523
-9408
-8772
-1771
3097
-7009
3925
97
-3947
9118
-1121
-4132
-9744
-4192
-2530
-1455
-2873
7705
-5188
5331
5702
202
3331
7232
-2907
2117
-3211
-7681
-185
-8521
1602
6120
-5734
-9388
-7591
-5612
4679
4046
9308
7993
-740
-9116
-9349
-6500
6148
9251
6685
-5188
8678
9508
1781
-5581
-1296
8707
-4553
-1979
2228
-626
-7029
-4467
-2618
4918
3920
-9843
-663
5099
-6442
-2210
-8468
-4225
4613
4456
-6715
-7706
-1706
-6722
-6524
-6039
-9778
3024
-43
8720
-3320
6029
4834
-3527
-3070
-9517
-3183
-3258
9927
-9130
-722
2380
-2212
-332
4950
6575
2564
-1846
5052
-8278
2172
-9584
-7688
-5293
7286
4727
4553
-1022
-6327
1486
-6557
1571
9485
-9539
1287
-1634
8963
1508
-9133
4346
-8678
-9024
2100
7005
-5349
3185
-6288
-2020
-6329
-9937
7937
-827
-2970
-5483
1615
5288
-1799
9699
-2585
5108
-6714
6301
-6760
-1728
-8650
-7751
1178
-2431
4640
1738
5256
5999
-8934
676
8282
-4093
1124
3673
-4950
7638
-6533
-9248
-3995
-7446
-9700
-6730
4641
3650
1026
3007
5543
2952
-3404
1985
5184
721
-8500
-2835
3267
-9504
-2904
7516
5098
4953
531
-2167
-4500
-6501
3729
-2946
279
9237
7836
-6683
-7256
-4892
6931
3693
4089
6706
-4440
-4825
7791
-2996
-6065
7041
-4049
2531
3575
-1629
1379
7814
1281
9813
-2921
5183
5900
6307
1209
7239
7446
-5616
573
9304
-3384
-9276
1606
-6818
-9854
-9108
1620
8423
3844
-2801
2780
2087
-1368
-5234
-680
9163
3459
5103
9934
3663
-6913
-6384
3721
1444
-7407
92
1292
-2950
-5279
7111
-1771
4511
5203
4697
1807
-263
9715
-9624
-1286
-6476
-889
-7075
-7911
-9621
1361
-7578
268
-2042
-6557
-9138
8917
5459
8638
4688
-2883
-1179
1093
-8954
9690
3278
-654
935
8719
-7742
5108
-2042
6473
-3931
1829
-938
-9500
-9610
858
7584
-1027
7767
661
-8088
-8755
-1288
-3608
3862
-4211
-4808
-6789
-9554
2810
-6305
7053
-459
-3713
2858
-7272
-319
-3186
-5934
-8228
9582
-9846
-5904
4416
-54
-2988
-3023
-8230
-6396
-2815
-2607
8212
9910
1522
2936
4011
1780
9777
5590
7164
-2157
-6800
-2138
-5797
5992
1311
7613
3331
-9118
795
-239
-4112
5517
-3599
-8176
7352
-9105
646
3763
135
-4405
6348
2149
5002
-5767
8782
3304
-9700
-5029
-8688
7050
8075
3817
55
3233
3888
4953
-4832
-6886
1316
-7334
-7324
-5232
-6179
-1995
-355
-861
-2507
-6594
-8656
7511
-6675
-6004
5626
6807
-2579
555
4406
7068
-7487
-4791
-5010
386
-4144
-570
-3017
7818
-5637
-2768
-712
-33
3810
-6693
-9244
-1501
-8645
1080
-5189
8248
-6933
1029
-2051
-2851
-5306
7660
1580
-2583
2472
-6982
7059
-8595
-2536
4912
2351
-5556
-1786
-974
-7069
-823
6310
-5687
806
-4434
-3785
-1186
7009
762
-6688
4698
-7090
-5257
9715
7839
-2675
-8515
2326
-4134
-8590
93
-7894
3779
7139
-3899
-6109
9831
3622
-232
5475
8088
1071
-4884
-9521
-7906
7627
-2323
-4826
8407
371
-2290
4646
9356
3002
-389
1947
-9172
-8366
5018
7611
5471
-9019
-55
-6474
-8240
1354
-5739
2118
1150
3543
8268
-8379
9753
-9586
-4123
2419
-9221
4677
-8594
-2703
4040
1269
-4092
1371
-4168
-4410
-5144
-9709
9900
5058
663
-7734
-1728
-9550
4140
-6617
-4727
-5162
-2284
-6163
9816
-9055
-2390
2355
-1489
-1574
6009
9931
-3139
6088
597
9538
-2570
-4502
7982
6590
5145
-7588
3175
6468
7692
5318
5713
-2536
-8376
-4297
-2528
-6366
-9895
2195
-3283
-8344
6769
-1798
-8504
8569
4691
-1357
-5488
8017
-7066
6346
-6087
3873
9274
3505
8748
-5969
946
-8221
-9696
-4874
6973
-4629
-2900
-7654
8470
2223
-4843
-2273
-4124
2057
3209
-374
3560
7638
-4438
-2977
5831
4226
8148
-6124
5501
-9787
6117
-3648
9701
-8107
476
8730
111
-7084
1695
-8363
489
3198
-3338
8162
-7563
-7780
8924
-8926
-8185
9433
-534
-3792
-2368
-5756
8885
-3903
7048
2890
748
9304
-1761
6263
-8036
-2858
-5329
2042
3234
8549
-5279
5870
4091
9431
-3851
6086
1406
-4943
1152
-2580
-8465
7572
-9026
-5808
-9609
-4965
8974
4875
1720
1535
-8384
6640
1953
-6016
8916
-1952
8008
9624
-2843
60
8439
-7197
-5105
-164
-7948
2098
8162
230
-7629
4277
9223
-64
-3460
-4537
-4268
-3687
8214
-466
2475
3104
113
-6928
-6362
3730
-558
6526
-71
-8994
4160
-2472
-8588
7513
3033
-7214
-7806
-5510
9239
1523
3637
-8877
-1337
5752
8426
-5316
8509
-1845
8574
6916
8118
2427
-968
4744
-7147
-6697
-7728
9674
4234
327
8242
-9539
-7962
-1517
6704
-1661
-5213
6680
-9050
-3173
8343
-7857
4176
8597
7030
-587
-5314
3879
-7193
2899
-4512
-4596
5940
7314
-6473
5245
5024
8432
5690
7291
6580
-8428
486
-4305
-7896
1484
-1037
-3841
14
9409
4778
5138
-4916
-3832
9267
5811
7386
-9950
6493
-3321
-159
-1773
6374
-7323
7234
2997
-1755
-448
3419
-1236
1924
-7449
1122
2886
-4540
-1655
2136
5521
-8465
-1451
-1454
4347
5538
-8480
-2722
-4231
-8810
9230
2755
-9889
-9018
-1642
3827
7190
-4734
390
7900
1603
7061
-9348
-9620
-6651
7597
7418
-3159
-1351
6201
-6425
-8159
7163
499
5955
-8716
6633
684
2656
-2032
7524
-4297
2765
4281
-8160
-2588
6188
-6179
-8229
1509
9095
2100
-1951
-8620
1145
-9223
-458
-1776
-3215
2587
6098
-8172
8046
-4970
-2410
9455
8827
-7676
-9623
7603
-5261
-985
-1617
-5969
-4199
-6295
5036
9922
1381
-8991
8857
-2919
6191
-6470
-759
-8580
6768
-2561
-8530
-2016
-3757
-5594
1382
8964
-3617
2051
-5329
-8245
2156
-789
-2840
9244
6704
3318
-8077
9986
2575
-9737
9299
3109
5342
-5995
-4884
-2735
-8122
-8520
-258
963
5619
1381
-7639
-9391
5476
-6307
-5886
9149
1783
-6825
3526
-7204
-8301
1450
-8193
2703
9323
-4538
9338
7421
2073
-9613
-7129
-5961
4330
3083
-6448
4578
4467
2840
-1665
9107
9101
4300
6635
445
2797
5
-4517
8713
9962
-9456
-2840
-7626
-8916
1746
-4622
9037
1442
1977
392
-5546
9440
-9066
-8013
9558
2117
6346
7625
8263
122
-1013
-4733
-4124
1251
2220
3195
6495
1969
-7271
9322
-5463
-5850
5349
-7209
1885
601
-6532
-3546
-8922
-9483
1852
-565
5741
107
7258
-9207
884
-4453
-8205
-3963
4878
-6261
-7235
-7071
6140
-8895
-60
-6907
8525
-7512
-910
-3834
1219
-7360
6305
-8710
-9864
5897
6804
4591
5106
-13
7891
222
-2236
6115
-9288
-9569
-4381
2179
-7232
9669
3206
5798
-3596
2023
2770
-6370
-3062
-8939
9582
-4227
4710
-1089
3717
-8763
-4287
973
1267
1226
-3234
-2067
397
-8126
529
2690
-2126
8024
3892
9854
8935
2393
9491
-6281
8189
1672
-4069
6974
-5424
433
2057
-7112
-9537
-1766
8534
1904
1945
5166
-7050
1304
-7148
1712
6264
-2973
582
-8137
-9938
9277
-3811
3794
-4082
6708
-502
9904
6740
-1171
8933
-1743
8897
-1549
-5667
-9242
-8763
-2222
-1309
3615
2977
-2387
-7931
-9099
9637
-2339
-4550
-9962
442
-541
-8014
-2300
3126
1743
-2626
-8836
3221
7048
-4779
-1384
-5302
4664
-7712
-3738
-3194
-9209
-4187
-3070
-2170
-2973
9499
3458
-9766
-6735
2886
-3670
2148
-6545
-1317
-1
9169
-8193
-8366
2157
-5277
383
9964
-5630
-5987
831
6411
-2995
1186
7111
-4912
-2846
-3008
-1202
9968
831
-9788
-2162
1667
9178
7109
6964
-2602
-970
-8671
1147
6789
-4368
1357
-3786
2299
1034
8569
-8246
-7581
6739
-4020
-4481
6889
-8382
8683
-7469
-2961
7346
1560
6083
8723
-6327
-4001
-9620
9762
620
-6858
-7317
-479
-5823
-8245
3375
1203
8686
2295
-6003
-2005
-124
-1030
-175
2125
-5526
3514
-5111
-6127
2363
-6464
-5241
-4164
-8635
2931
-1097
8326
-9644
-1852
-6106
-981
-5375
-5734
-1048
3866
-8983
-2410
-7079
6212
-9701
-7947
-4515
-4358
-5007
-6401
9641
6356
-3481
1008
-5653
-6697
-8633
-620
3144
-8154
3598
-8639
-5535
7373
-5265
4526
-6405
1747
-5150
-9917
1137
3216
-532
6248
-3447
-1529
-8318
3808
-7187
9340
5060
-9870
7260
-8851
3790
990
3429
-6123
-9197
3160
-8999
-9611
-2743
3777
8334
8816
6093
-4999
2737
9916
9088
-5474
-1505
-8667
-7742
9424
-1805
4033
3301
-2609
-3557
-2523
-6028
-4998
9716
-7454
7894
3266
-7303
1417
9418
-7227
-9210
1391
-5742
-459
-227
-9899
-8727
-2544
-7371
-3749
-8877
-5668
-2371
-9387
821
1033
-3340
1880
-3861
3131
-3525
-1239
-6692
6939
-1057
-4735
-7663
5117
-5671
-8717
7241
9354
-9925
2884
9672
9352
3508
-1682
-9819
9136
2716
-6499
-2739
-6945
9192
-3576
-7709
2140
5243
-5739
-2400
-311
9087
1789
-7362
3306
-3499
-2439
7523
3232
3659
4165
6939
1398
3583
-5377
8262
-2975
7876
4732
-2887
-7521
-9013
3669
3200
-6045
-4788
624
1075
83
6338
-1936
-9160
1606
7922
6108
-1599
6238
-4184
6974
-7401
-6084
-9557
-2436
9270
-1731
4048
-4097
-1501
5924
3761
-6572
3065
-9600
-9697
6678
9164
9552
-3302
-6356
2581
-395
5363
1409
-2877
-2529
-819
4738
8457
-6601
3337
-6096
-3613
-8610
5956
2251
-9764
3825
-6606
-656
2775
7029
-6108
2326
2423
676
1808
6234
-7351
-9669
531
-4319
6660
-2877
9021
-7080
8468
-7610
9105
-1683
-3926
5979
3993
-5821
2172
6785
-4565
-755
8902
-9605
-2452
7361
5491
-4753
-870
-7700
7072
-634
8127
1032
-6939
236
-4936
6670
-8381
-4968
5013
2094
1456
-3507
-4181
-3555
2543
-3185
5525
5202
9380
-1462
-6581
-7560
7852
-3954
-9331
2595
-2608
2120
-7667
8201
7062
-5232
-843
-9613
7037
-7280
-3421
982
-5175
5243
8252
3
8769
-6288
-5904
6757
-431
-6878
-872
-7565
-6940
-7701
8759
-1971
9635
-5217
-9715
-4718
7339
3890
5206
-1274
868
5674
-5022
142
-754
-1542
3733
-252
-7116
3828
6242
2715
4479
9834
6629
-6032
-5195
-2341
4143
9384
8430
-5083
4579
-7173
1255
-5541
9586
-7267
5578
2864
-1253
4398
-7755
9673
-230
849
8043
-4384
7366
-7349
-452
8954
-8846
-6149
-7591
8374
-6512
-7968
-7704
-2874
8757
2674
-4864
9994
-4694
-6133
6504
7445
7767
-3238
-3781
-3425
-1270
3028
3904
-5826
-9244
4201
7566
3595
7961
-5568
-6963
-2992
6828
950
-7211
2333
-4986
-7837
-5809
-197
-273
-9356
-1133
7924
5685
8697
197
-8279
-6994
7672
8445
-163
82
435
8540
-9163
-6226
-5713
4314
6320
9918
1192
-6871
7537
-4873
-5910
9728
-1396
-1876
-7922
-1950
-9368
-4800
-9334
8422
2928
8314
-1416
-1939
-1158
-8011
8912
-9674
-9383
-745
-1056
-4046
7168
5069
-2341
3639
-4028
-7814
-8242
841
343
2668
-7529
-5200
-8064
-4186
7141
5073
4726
-5796
3572
-3129
3191
3031
6695
5083
2734
7751
-1525
-4243
-3278
-1960
-5542
-986
-2211
8672
-3925
6491
3432
2352
6083
-8750
9911
-4608
-186
-4326
4404
9693
8957
1590
7611
714
8326
216
-3742
9047
7081
7588
-992
-1140
568
-5753
1047
-7028
-5657
4802
7500
-9292
-519
-2069
599
235
-58
1845
-8930
8782
-6454
9493
2999
3421
3703
8090
-4519
-5571
-6517
9234
-5923
-6715
-5208
8180
6579
-8000
7170
1028
9336
4165
-2370
3213
8475
-8205
-8337
7545
-1245
-4086
-3556
-602
2260
-7332
3136
3840
-6744
-6121
-9759
602
9097
8554
5832
-4193
9428
7865
-2241
-9710
1000
3328
4346
-5331
-6310
-5794
1715
-3021
4063
-9440
-3619
-7135
812
5657
-2389
7287
-8611
-3167
-8151
-8194
347
-8441
-4585
1537
-3440
3278
8600
1796
-1749
-9320
2978
8477
9976
-498
8728
616
6522
-4304
1744
6184
-5211
-418
1788
7014
5732
2137
6638
-8927
822
-7813
3456
2252
5707
974
-7779
-8229
-4822
9504
-307
2769
-3987
2342
8272
-1902
3353
5972
-1019
1527
-6053
-6858
-3898
-5371
6651
-9819
3086
-8161
-1051
-5448
8861
-9457
-1802
-4248
6687
-9049
-5259
-3025
1684
1148
-684
7617
-5184
8155
-8458
-4045
5731
9625
-5771
2003
4657
-9672
6676
4195
6507
-585
6451
38
5050
-5881
-3616
8814
6064
4172
-3697
7526
-4867
-6223
9099
-3261
-2568
5678
-2332
8083
-2947
-4926
-9491
7196
-1517
4431
7970
4885
980
7577
-2924
4160
7092
-5960
-7909
796
-7116
-7916
-6797
-6453
3510
-488
-2202
3991
-4109
-803
5295
9002
-7850
9924
-9241
8169
4219
9087
812
3086
2224
9206
1942
3915
-3624
-5846
-7581
-3809
-6251
3855
4311
4065
6414
4464
5492
-8868
-5198
-6808
-9165
-7879
-1529
2270
1330
-4512
-9977
-4362
-8923
-9106
7416
2757
-5555
8462
8307
2055
1515
9326
5835
7863
-6519
1846
-9286
9482
-2760
1426
6130
5179
5639
3730
8007
-6360
-7837
8836
6172
-3299
3066
-6587
-3041
-7276
7220
-6958
5389
-4769
1445
-5008
-7106
8612
9839
-755
3715
-1690
-1912
8763
-127
-6929
-6476
286
-2258
-1814
7197
5956
7603
-4548
6875
-8439
710
-3554
9841
-8516
-739
2241
1274
-7320
9426
9394
-9607
6759
7738
142
9707
7105
-3971
-6848
5204
-3986
7384
-3353
-9375
-584
-7648
2963
-2401
-9988
-8104
5329
-6157
-3566
6880
2547
-679
-6073
2783
-7951
-4602
-5446
2942
1122
-9144
-9094
5367
-9284
-9257
7010
5590
7968
-3392
-8861
8616
-9780
1363
5091
5395
2073
1735
-4583
5059
7372
5875
-7042
2913
8886
-3331
-8015
6562
-2394
8034
9232
179
-3327
5975
-2265
4172
1563
2256
-6905
-6923
1738
-2878
7550
5856
-8373
7721
4263
-5779
1939
-2483
7117
-1872
9190
-306
-2802
7886
200
8031
6974
4111
9152
-5891
5956
-4282
-9494
-9651
-6244
5582
1045
-7058
-6410
4908
-6358
-4410
-5815
-6745
3589
-2353
-1570
8159
2820
-5283
-63
-8370
-8479
4938
-1749
582
-2994
-2400
3017
6248
5639
4529
2298
3117
-4785
1125
5125
2855
-9694
452
-3835
432
-9452
-488
-5226
-3519
-8916
-8370
4264
-8286
4433
2427
5344
4587
-7248
5469
2728
-8794
-6779
-2796
-5036
-72
9451
-5523
402
1144
-6330
7764
7341
-8717
5489
2589
6120
9402
1138
-2703
6866
-2700
-5057
-1159
1859
7612
-2416
9214
5720
7012
-1865
-5725
5916
7649
-4824
3784
-5995
-681
4343
9631
-8949
5773
-3257
8057
5326
-9200
2562
-5261
-1274
6770
-2361
-6724
-7833
7204
8690
1755
1492
-3252
8172
-9507
-5375
-7116
-7886
2434
-8430
827
2458
-3827
-4304
3090
1114
-9243
-3831
-3618
-813
7360
-5996
4643
-9906
-7343
4431
-6376
-9781
2309
5963
-3620
-7858
6411
5482
-6662
-2588
-6495
-1262
7918
7645
4354
-2720
2890
-5410
2298
-6904
4027
-5263
-6091
1786
-5491
-8046
1721
1257
9614
-7071
9546
-1305
-2044
9291
3937
5566
7289
-5206
8101
8405
-1211
-8571
1663
-8424
2037
5440
-4878
9479
9557
-1543
-4914
761
-1746
-9874
-5349
-9767
-415
-5484
-5950
-9524
-7251
3692
-4896
-4285
3904
-3682
7736
7126
-5447
5855
8642
-386
2651
-9682
2374
9519
614
-17
-610
-1453
4508
3116
-906
-2903
-5933
-9317
-5301
-2552
5996
7503
3812
-4335
-7349
-5754
4837
3423
2415
9211
559
3262
-6697
9808
5052
5347
-8733
-3339
-2936
-9879
1056
-3540
-8961
2335
-715
-3969
-843
-9045
4321
-3535
9824
6575
-6621
8727
2277
8067
-4749
-4232
9638
-6466
4244
-6014
-2340
-8395
6775
-6430
8529
-4384
-9221
-5403
-2165
-2790
4581
-826
664
5727
-14
6124
-1805
-3464
-127
-1876
5701
3038
2087
3664
7334
-4117
2984
-4578
4581
-1002
-2921
-3575
1755
595
-9643
-6983
2823
-1149
2166
-9262
-3655
6248
9196
9765
-4069
-9128
3588
1312
-9378
-5667
-4251
2947
1232
-8308
-3982
2604
3993
-6106
-5109
-3495
-6576
4690
-7727
4872
-9438
-3596
-7880
1618
8596
6529
7753
-2855
3171
7996
5084
-9645
7717
-4897
6735
-9694
5052
1025
-3853
-1729
-965
6345
-9020
-4145
5724
6790
8687
-4050
9212
-5141
8595
-6719
3796
-2599
-9432
7631
-7611
-2678
5102
-5386
2167
-2190
3125
5832
-5918
262
9339
-3652
-3465
-2302
1613
860
-6855
-8304
-7896
1725
-8477
-5042
-4300
-2841
1977
-8086
6740
-9314
-7593
7768
-3141
2376
-9732
230
-2790
-1242
-3749
-4999
-9901
-1433
-4596
3035
-9179
4519
5321
4169
7179
-4700
1145
-8644
-417
-4387
-5443
9005
-4823
239
5825
757
8220
5339
1042
9256
215
3141
8996
5109
6359
8600
-4727
9446
-5829
-4936
2904
4895
-603
-4206
632
-5875
-4637
8183
-3247
-4376
-5586
1696
9185
-2760
-8920
-2560
-1349
8622
-3044
8325
-6948
-3418
4047
-6984
-1738
9738
5999
7142
-353
-2862
-5839
-8395
7841
-506
8002
-901
2496
542
1444
8329
-7236
8919
3302
7498
-1711
-1424
4486
-22
-3853
8532
-7929
-3864
-4335
-1696
-7336
-8987
9682
-1155
-1109
9806
4341
-6847
8087
1578
-9020
5222
-4843
382
8392
457
165
3920
-8574
4178
3023
2695
-8428
-4927
1605
-4530
3957
-5471
4232
5400
-6137
1237
6511
9560
2747
6344
4876
9213
4071
-7146
-447
667
-904
4478
-3906
8479
-1736
-4215
-3810
9782
1245
858
7035
-3149
-5478
8733
-6412
-1761
-6773
7601
-7799
4185
-9851
-4278
4574
1104
9479
-8993
-475
2438
7617
7163
4307
-1592
1733
-390
5795
6316
-6466
8487
9099
-2080
-2003
-2638
7765
-4890
-8628
-1270
-8275
9405
7205
-3297
8097
1196
903
5729
-5211
-8420
5213
-3510
-4848
2524
-2798
-3569
-9662
-931
323
2572
-208
1391
6398
-7633
5820
-9598
7371
-9930
-9888
7359
-950
-2193
885
8339
354
9795
-5653
-434
5552
-5250
-9142
-6
5334
-8365
8188
-7393
8590
9567
-3720
5237
-8474
-3795
1092
9675
-5828
5578
-5941
-4181
-8020
499
-5810
-3191
-4098
1481
-9644
-4657
-1019
-785
-883
-9241
-2477
4968
3097
-3392
-9777
7573
-7247
-3721
1116
6912
8633
-2175
7594
4048
6429
6733
3420
-1178
-2806
8393
9795
3487
5754
-7026
-6211
3397
-1852
2428
8077
-8458
-6129
5996
-9925
8408
-3552
791
8368
4453
-5813
2993
1202
-1620
-1778
4728
2665
7423
-8640
-2495
-589
5234
6778
-6293
4757
7108
515
-6778
6840
-5696
1087
4680
-8114
8221
-6962
-2034
-2649
1951
8304
-9639
-2652
-4689
7032
1857
-6960
-2050
7211
4227
2340
-9798
-499
-226
-2983
1366
-9997
544
3379
-425
-5510
6297
7059
5290
3134
750
1452
-2950
-8419
1212
-6209
5786
-2047
-5417
6589
6586
-413
2112
3412
4762
-5888
8817
6870
7623
-4610
4539
7678
8054
2007
2133
9788
-9431
-2397
-7748
9457
8092
-4575
-7616
9763
-2164
5625
-3725
-2026
-340
8714
-668
5559
-4736
-799
-271
-4403
-6788
-2584
3855
8227
2304
-4979
-1535
8764
5949
-6224
9122
-9886
-3653
5378
5310
6871
1357
2277
-1871
685
-8023
-4764
-5342
1878
2086
8922
-4515
2292
-1120
-1058
-5163
-4825
-8404
979
2655
-2619
-7260
2493
7475
9958
4886
362
-6365
4906
6018
3414
-2648
-5390
-888
4682
9021
6106
-8059
9094
-739
2902
-1646
4822
-1213
3599
2366
-8279
2447
-4483
-987
-3048
-7844
7016
-8593
-5434
-6663
6231
6131
-3775
9082
-6033
-6768
-6816
-3443
-5677
7487
9345
-3946
5444
-7219
-635
8428
9778
-2351
-8949
5045
-3766
-9901
-8080
7815
153
2490
-6381
-5304
1638
1967
7767
3487
5037
-9660
5595
9999
8299
6838
-845
2427
4227
-6355
2660
-4729
-7440
16
4488
-4874
-314
-453
9430
9636
4609
-8745
-370
-3414
6471
-5464
-1948
8921
-3748
-2165
-4536
1870
7415
8242
9437
9296
6120
7563
187
-1503
6579
-9977
-3668
-5612
-1213
8252
3540
-7982
-2031
5427
496
-6393
6795
-445
8818
-6449
-2796
6173
3519
-3590
278
4053
2291
6170
-7232
8198
5591
2833
-8102
-5707
6807
3748
835
-2128
9752
8732
971
-3992
7716
-797
8471
-2180
-164
-1316
4139
-8839
-5740
-2139
683
7090
177
-8830
7692
6070
-1074
3625
5787
-5449
-2498
-4747
-4690
-7231
-2874
8650
-2210
-6924
-122
-1160
7326
-3691
7025
8453
1600
-5299
4164
-5157
2538
-9761
-3153
-53
4390
7172
-2625
-1766
-1063
1204
9071
4916
8529
-3974
7017
2304
2836
3359
-4443
5305
-316
4771
-3922
-7329
-7487
1604
2780
6667
2235
-2922
-6428
-1398
-5718
9922
-1985
-4850
-558
-8569
4001
4774
-7230
704
-6688
-2236
-7581
8260
-3307
-9001
7944
-9673
-4024
-9250
3698
402
-6280
5
5391
-9568
-9766
7125
-8228
9306
-6470
-411
-1093
7973
6858
6630
-3186
-7932
1311
-2976
8001
9101
-7040
7223
-8125
449
-4832
-3219
-5078
1838
-243
-7032
165
-5920
-6697
8636
-382
-4448
-1123
-9616
-6115
5252
-8646
-9701
3281
5908
2460
6369
-7888
1853
-6829
-4906
-4127
-6710
714
-3542
-8264
9502
-4047
-1498
-706
-4493
-5261
-1157
-6559
-4708
1867
5785
-9599
7547
901
6284
4477
-8995
-820
-2333
-9955
-180
-4228
-9640
-7300
3096
2796
8846
3643
-7167
-3315
-248
7491
-7610
5929
4228
160
-2382
5856
-9447
7742
-6441
9641
-4657
-2852
-7979
-8123
6209
-4717
1680
375
-1631
6056
8646
2690
9298
-970
-3985
8027
118
3765
394
-9408
-7169
-1216
-2429
2900
7575
-1879
-5803
-5249
-4036
4137
4360
-9398
-7532
5054
2641
-3942
-3113
-7301
7507
-6297
-7355
9838
-2499
-3971
-9912
-8527
4927
9978
-7882
5175
4411
2541
9204
7909
-1753
-1248
6466
-3695
4728
1405
3129
-3552
4667
1064
-4627
6822
-7016
1503
1548
6614
-286
7883
1634
5529
-4963
-9156
-5989
2138
-8469
7214
8541
9106
3660
-6545
-6937
9665
7187
2750
2369
6361
6722
3854
8270
-6402
-3254
-5173
-114
646
8562
697
-5042
-1537
3788
2793
-1426
9803
-6817
1905
-7845
811
-944
1081
-3075
-9073
-5063
-7795
-1057
6048
4436
647
-2823
964
-3233
-9647
8064
-1759
-1163
2703
-5017
-5569
-2832
-4391
-1789
1168
8485
-817
3180
7847
-4266
1281
5502
-2662
-7246
-2534
-4264
-8669
5999
8814
-8903
-6890
5479
408
-2311
-1751
9152
-4025
2190
4263
2020
4701
6428
7820
-4169
-660
-6863
-1068
-3937
8351
3335
-7216
6680
-7799
3394
4244
-1327
-3821
2299
2534
4050
-2674
-9695
1774
3891
8700
4894
7939
6450
-1039
-2300
-7628
-5053
6035
5253
-244
5138
-6523
-104
-8048
-5148
-415
-3272
2158
4
-1268
1591
-5347
-4980
5778
608
-6105
-5472
-6165
-3990
3787
3047
-4520
610
3338
415
-2018
-8131
-459
704
5627
3864
3152
7384
9748
9758
-6450
260
-3259
4645
912
6680
-3825
-6667
-708
-7420
784
2748
6790
-9154
6707
-4367
1961
1851
-4869
-2179
-9861
4511
6650
3290
-4603
-8886
-4211
2198
5850
-880
6130
-4632
4938
-7521
5042
3617
-1010
250
8328
8485
-6338
3282
-5244
-458
-5040
-6581
-986
-5384
7857
2694
-3781
3099
-4513
5055
7010
-1016
1390
-1624
5082
7753
6876
8212
-3440
-3387
8248
3327
8713
8396
6762
7397
6313
1714
4163
3369
3910
-7585
7815
6667
-3383
4458
5927
-1592
5936
-5266
1374
-1694
1942
-1391
-659
7158
-8017
6879
7483
6437
4338
-8879
9795
2116
-8184
-4533
9954
-3001
-4524
5826
-8986
5891
-6878
-3798
2328
6428
-9826
7721
-2438
4756
3285
9092
4264
3259
-1338
-9937
-5811
-1353
93
5902
-9628
-7685
2056
-9318
-9316
3337
-9576
2733
-3657
-6728
-1628
-6821
5297
2952
-5468
-9587
8234
7139
3704
-8517
-7653
-6122
5027
-3154
548
-777
-6015
-4511
-2298
-7617
8083
-4524
8404
-8908
-9730
-2031
-347
-3110
1070
-8128
-8059
-7003
388
9816
-8399
8079
-367
1183
4929
-2126
-5144
-8789
-5329
6230
-9154
4415
9193
5332
4021
5450
-2650
475
8756
7001
1830
6043
6898
-7020
9231
7374
-5683
-7617
4020
-9813
8311
8387
-8380
-1959
-4957
-5584
2955
-7291
-1240
-2937
-8733
-3631
-8361
6480
3722
-1676
5357
5197
7814
-4333
8504
9286
-8849
7995
-2083
755
-8064
-3206
-9782
-8383
5833
7310
-2702
-620
6759
-9806
-9530
-3473
1696
-6377
9917
-3585
-1034
-9001
6046
-9372
5311
-1073
-5720
-8875
4094
-1723
-8727
-4653
-5623
2283
5325
2274
-7748
7522
-6328
-3449
1205
8690
-4887
-1978
-8413
-9497
6951
-5250
2956
4891
1800
-5452
-929
3528
-7449
2525
-970
5027
-7730
-2234
-196
6068
9190
-9798
-6277
-4380
9989
7902
7986
4112
-8379
4859
-186
-9830
-5143
-3489
3227
2683
-9458
351
-8530
-3183
-6648
-1915
-1271
4523
-3856
9717
8768
2029
-3104
526
-6540
-9616
4442
1706
-7541
7016
6360
-8144
145
3989
-9992
-6138
-8832
-1899
-1620
4758
-8845
2185
9436
8209
-7963
4775
2482
2680
-2473
5193
4386
3950
5890
-2864
-5625
-3096
7788
-3620
-5747
7319
2086
-2336
5443
8051
-6786
8335
7503
-9843
-7462
-5063
-9045
1695
-9341
-3814
8858
-9052
4440
6230
-9090
9474
-7748
5170
-8265
-5944
-747
2586
-6356
9819
7810
-7419
274
-5861
-3514
6205
-7964
7440
-4263
672
-5841
-162
-4260
3532
-8266
5269
7808
535
-2112
-1015
-8477
-6615
-9353
2586
5608
6360
4998
9866
3522
-4321
-5304
-8142
4756
9622
-8461
-750
-5947
-9937
-9726
1453
8384
7213
-3848
-7797
2127
8432
668
9252
5875
1113
6916
9201
4562
-2060
9525
-1827
-8862
-4595
-7849
-8225
-2497
-3514
4812
3112
3788
8472
4386
2841
-3273
3859
-757
1115
8666
-6951
-170
3001
-7545
4602
6857
8825
-8311
8732
8778
5145
-9105
-1292
-6977
1339
2791
-6723
8005
-4041
799
-1033
-9480
6411
-670
7648
-987
7053
-621
-4112
-6434
331
937
9497
2380
-1204
3272
8557
-9915
-1745
7849
-8105
-3808
-1134
6487
4723
338
4152
-2030
-926
3448
6452
9307
-6765
-2309
1972
4669
2926
-9881
-4863
969
-2159
-7453
355
5851
-3954
4154
5511
785
-8030
-7724
7647
-7922
4446
5277
-4800
-3993
3099
9317
6906
-6749
-3582
5179
-2296
9217
4188
9609
7905
8099
-2674
-4380
-6034
-9085
7561
-3494
-9842
3457
-1291
6215
3329
-6069
-9096
-6700
-9203
8468
-5421
-8735
9640
7473
-9626
-3169
9835
-901
-6528
2038
-455
5848
6267
-866
7944
1344
2610
6825
-6924
5329
7937
8151
-304
-8549
7406
-2430
5728
-843
-4978
-732
1284
2531
-1256
-7102
-9448
1338
3054
-2696
4140
2201
-1521
6663
-3680
6636
-2725
-772
6857
6492
-3768
-4123
-5289
6853
-7380
-2644
8071
-8451
2142
-1925
4349
851
-8229
6436
894
3638
7436
-8323
5486
-7996
8414
-5365
6113
-2553
8992
850
5026
-6952
408
-2270
-7373
-7069
7949
8132
-340
-5049
-6514
-9943
5205
-1843
6708
-1183
-6715
-7546
-3464
-5921
-2059
-9684
9746
-6373
-521
911
7257
-6774
9131
9840
6744
3170
-9076
-4023
-1129
-3982
266
8006
-2622
-6016
-8203
4319
-5171
9268
8582
-4014
6727
6672
-4096
-1885
-4530
-109
1473
-5175
4683
6923
-6072
-9236
8919
9531
-199
5022
-5793
-5218
-9004
9330
2291
627
-9908
-7838
7890
6345
-1532
419
-1053
-5047
-9269
2204
-3315
562
-5240
8492
-458
1388
-8148
7515
1097
4649
-9340
-9388
2353
3248
-2085
8482
9601
297
4833
5567
385
-5341
-6104
-4942
5005
532
-3120
5535
9359
-963
-8212
-517
-1191
-2002
9452
-2655
-8940
-6142
7275
3899
-1657
8676
-2750
9129
2175
-5202
587
-4618
2246
-6244
-49
897
8874
-8574
2963
5403
-1341
-5508
4200
8593
-5600
8607
-6285
-8653
-8608
-7749
9310
1160
-465
3095
9859
-7000
-6205
5521
8381
-7094
3793
-571
463
-2730
6222
4086
4705
-2000
9380
4714
-4065
2316
-9823
5759
2647
-1361
-8838
5262
2051
2935
4198
5823
8960
1511
-1182
6689
-637
-2080
1437
-1925
9440
-2937
2630
6737
7824
1370
7242
770
9551
-4699
-2036
2153
-8402
-3099
-9244
7289
1893
4206
-7077
-2729
3107
1387
4511
-7960
-3086
-5626
-4617
8174
-7103
1330
458
-2031
60
-2705
-651
-4600
7568
-1237
1830
-1102
-8702
-6194
-1064
912
-5531
-9368
2186
-5084
-7231
8782
-8976
5093
6223
-7296
7828
6552
-4613
7806
-5164
-6452
3696
-8772
-5442
392
3639
7160
1314
-7890
4318
4970
7143
8959
2518
5654
1516
5091
9811
3894
-2686
394
5102
-9337
-7675
-9061
9027
1713
6074
-4871
9330
-5699
2617
-5013
6247
146
7074
6833
6517
8680
-5948
3724
-3841
3614
-1138
3954
-5644
8417
-3173
5830
-2258
-2791
-5194
794
1614
6575
9652
-8895
2276
-6436
-9013
1095
-6224
-417
-2095
-7463
5908
-4285
8322
7327
4281
-3801
1618
-8073
-2959
-336
2087
-5686
7973
-9405
5714
-3751
9978
5476
-3737
9563
2374
-8491
2121
-4656
-4572
6802
-1801
-751
1754
8739
-2413
3089
-333
7071
2690
5170
-2592
-2610
7480
6611
596
3008
-1438
-9045
-9927
-8364
-6934
-2862
6866
287
-4401
-4418
2973
-4378
-5331
6528
2540
-5694
-6410
9586
-5692
9404
-8901
-6443
-9
-5625
-8450
3988
6510
-6137
5975
9531
2060
-1977
-1678
-6214
8909
7809
-6490
4656
-7751
-7190
2844
8347
-5159
-269
-1753
-4546
-5431
-2967
9127
-7938
3900
-9725
-7474
-747
-1121
7720
-74
4985
8997
296
-2785
-3957
8213
-8791
-8664
6660
7579
-7281
4138
-4660
-2802
5068
-5324
2410
-227
-9089
7804
-6566
7232
6695
4215
568
-2288
7208
2436
8663
3058
6427
6671
952
7256
9495
425
-6313
6004
5953
-1039
-7226
-8854
-1557
9930
-9738
-8551
1917
-9168
-8691
957
-3815
314
54
-6265
-3287
962
-9827
-4649
1448
6839
-7341
7583
-4479
497
-6094
762
3815
3915
5200
3710
5852
-9735
2888
511
-5893
1435
8220
-2231
-8494
1898
6478
7285
1944
8442
-2434
8719
-5471
7031
9630
2463
-7619
1208
-6668
3969
-9570
-4446
8381
-8099
1851
-1383
-3909
-9737
-4086
1782
-1963
5722
2795
7639
-8358
-6220
-2274
8036
1137
6062
-3159
1775
-2115
-3441
2802
3562
8251
-8915
-8308
2275
-1223
4590
-5622
-3973
3202
-6854
-1032
-3835
-5763
-3530
1631
3549
160
-1820
5834
4767
4613
-7063
-9003
7868
5423
8643
-9775
8929
1878
-8235
-4778
1339
333
2901
-9307
352
-7840
7976
5293
3536
-6455
-8930
8246
467
-2372
1209
8233
-9495
-8000
8975
-3766
5409
-7101
2977
-2226
-3641
3157
-4299
4252
3925
-9366
-1803
43
1917
6912
-423
-6735
-1714
-7427
6497
872
-8062
-1837
-5783
2142
7744
9703
5801
2332
-6761
4888
4811
-8777
-1933
-5094
-5047
-567
6423
-5936
-3474
-8841
6628
7740
-9280
-2221
3127
-1462
-8794
-4188
1571
3174
-8426
-2104
-9534
-9481
-4358
-4836
-7812
-9448
1330
-3664
-875
-6444
-9483
-9117
-6754
-5416
8496
-9659
-2693
-2528
6586
5627
-5617
-9870
4077
-2412
1349
4277
-3024
7741
9002
9780
-3870
3935
6691
8918
5576
3174
641
-4647
-6949
6203
-1219
-5592
8033
9001
-262
4681
-5659
-5916
-4141
-5340
-5380
8767
6815
-9209
7966
-1984
993
2151
-4150
5275
6922
-7535
9440
3960
-1776
1694
-7613
-7232
4833
9330
5688
-7983
-3825
-3447
-3061
8119
1918
6370
-2887
-2923
2766
1350
1653
-7231
-4950
-7871
4793
5097
78
8047
6411
4653
8049
7668
-7714
5871
6737
-4938
-3557
8521
-9300
-788
3368
-3945
-5541
1977
-8150
8732
4753
-9065
3289
2509
-4650
2556
-5399
6670
-7157
-8631
8770
3996
7176
9861
6719
-7578
-8791
-243
-3295
9148
-8837
-2211
-477
-8616
8388
5718
9559
-1532
-3203
8314
952
3528
-5091
2477
-5779
-3725
3846
2004
8207
-217
-7531
3597
5145
3468
-4936
9045
-5075
4794
-3599
2871
-5620
-2239
4257
-4690
2018
-6398
5267
-1955
5346
1541
2165
5694
9649
-9487
3655
906
7984
-3445
7736
724
8507
8244
-539
-3616
2985
-1216
9417
2153
8919
-7062
6993
4403
-1555
-8109
5262
-4958
-8567
-580
-2815
-2258
9922
8061
-3208
8331
3340
608
-9804
-3262
-6076
-1375
-8215
727
8633
-9578
4696
-7848
-3171
735
4843
-1497
-3278
-1983
-940
361
-3879
-8821
-9766
9476
-9852
1045
-7606
-774
6622
7632
-7097
7829
7312
8196
-471
735
-537
-7467
8525
-5908
854
-8204
-3770
6494
-3713
-7673
1364
-7280
3832
3929
-8003
4620
-4907
-5165
-830
6069
-7130
2100
-5496
8810
-8423
8045
8768
9623
-1227
-1962
593
-7792
-6699
-3447
6731
3203
7775
1385
-4641
5740
-603
5658
-9884
-6826
-844
-2815
-106
2284
4856
6177
-7796
-159
-8526
5243
8877
1356
-2286
-1055
7660
2780
5413
-8020
-2430
8595
5209
2725
-4352
-5918
-7450
-4863
-326
-9353
3097
-8288
-6577
261
8385
1330
-7009
2557
-5935
-3320
-1714
-4175
-9666
-8575
-8457
5205
-5516
6488
2391
2320
-6864
-653
6941
-4224
5070
2717
9223
-5223
3569
5725
7025
-3748
4561
-198
-8539
4220
4544
-7338
-5548
-7438
1124
-9486
-5070
-9254
-417
4528
2512
8400
-8852
4277
453
5936
1922
-9286
-7893
-8599
-5627
-2098
342
4823
9115
9813
5235
-5101
5730
451
9860
-1809
-5839
-7310
3116
-9862
-5650
-5349
-4934
-211
-1074
3127
5732
-1259
-230
7823
-7972
7896
-2996
-5414
6295
-5085
-6780
-1050
1950
5454
-5611
9434
999
8605
-4081
-9422
-7980
-284
2843
-3744
-1865
-5304
-9060
909
9598
8498
2000
359
-9924
6469
-7187
-6110
9757
6723
-3921
6520
-3312
-8860
-9076
-8
917
7564
9514
5993
5432
1016
7529
-8984
8027
1312
7694
-2613
6775
-6305
-9911
-1101
-9810
921
-5646
6413
-9851
-7622
7799
-466
-3084
-5370
-8429
9897
1497
-9800
2750
9961
5868
2358
-810
780
-4352
-561
5610
-6653
2214
-3929
-9483
1557
-3613
692
-6123
-456
1765
-5450
4209
-5840
96
-1140
-3783
-9540
-4347
-4468
3514
7216
-5520
2606
3794
-6632
6044
-4166
9513
9949
-2027
-6958
-1317
-8381
8023
-8086
9763
-2139
-5215
-9247
5299
-7942
1564
-6055
5962
8121
5011
-5111
-9208
7927
8408
-1188
-6889
1971
-4549
-4450
4931
-8951
-434
5822
-2796
7101
-3127
-5096
-6639
1089
7678
-9585
-6663
3189
-8443
3150
-7338
-7573
-75
-7481
5400
-3114
3478
3295
7157
-6437
-9876
-8526
-9326
-8334
-9933
2163
-700
5758
-4141
6728
5624
7027
5768
-5401
-9426
641
-7533
-9065
-5126
7333
-8176
-5082
-9837
9969
-4728
2254
-5922
-2526
-4200
-1297
-4738
-7561
-9088
5894
6495
7606
-828
9230
-1708
-9600
3013
5426
-2807
-3758
5396
2202
-3468
1369
-8171
1429
-6939
5494
-4759
5465
770
-6762
-8273
-807
-9185
9972
6514
9045
2784
6794
116
5980
8959
-1973
8532
-2991
-6356
-4239
622
5917
5489
-3017
8522
-5306
-3080
-3772
-3516
6119
-4589
-9050
6447
-5908
-2559
-5402
-3853
-9178
8094
-626
8712
-7987
-83
5906
-3428
370
4994
-3823
862
-536
-4215
8899
-2652
-4564
-3544
-1115
9950
-234
7296
5010
5071
5138
-5243
2996
-5760
9486
-6760
-519
5920
5401
-4661
-6853
6605
2274
-6418
-9677
-5294
3238
-5517
2426
5582
-7375
385
-2668
-3849
-5307
-9373
-4474
8829
-1848
-6162
-5641
2102
6826
4509
-7863
70
2003
1945
-2382
-8450
-5923
4856
998
8434
-3264
9178
7891
467
-1085
274
2765
1062
6800
-5264
5425
122
-5375
-6142
-6103
-9360
-5299
-6607
-3496
2441
-4797
-999
9497
3813
1207
2124
710
3072
-194
-5818
-6585
-990
6068
-5004
302
8812
5951
-5954
-8995
8129
-1806
9927
-4006
-8854
-4201
-2318
9646
-8525
-3422
-2862
-6986
-9125
-9481
-4446
-5001
-2769
5222
8885
-5052
-9208
1797
9936
-1485
-5639
3508
-2381
-8407
2684
-7264
6148
9524
3428
4419
5413
-6956
9745
408
1415
-8532
-5108
-585
163
752
7651
3725
-1965
-5604
-1060
8163
8622
-6866
-8881
-6800
-6769
4278
2905
6930
-8627
5965
3516
1077
2883
8975
-9478
-541
764
800
4570
-4224
-1045
-941
-7893
-554
136
6468
-8543
-3827
-5786
-345
7505
-5256
2392
-8160
-5989
2389
9976
1982
-1256
-4116
-957
-1451
1334
2669
1835
-9415
-6728
-4266
-4295
9451
313
-6077
-1319
5699
-801
-7263
9247
-1610
-712
1538
6606
-6640
-8009
8091
-8052
-1170
-4338
259
3967
-9293
3595
9478
-4392
1215
-6451
3835
9983
-3781
3222
9654
1255
2732
-6368
-3204
4760
9011
2027
8867
9464
4371
-8964
-3705
6451
7991
6797
7210
380
-9829
-5332
9563
-5507
7653
4233
8549
1954
2118
6940
-3435
8878
8412
-6040
-6658
-4902
4571
-3766
-3988
-9888
-1771
6327
9357
7142
-9693
7742
-1413
-32
-5437
6208
-7119
2574
3281
-7965
7940
-1077
8228
1162
-8764
-7835
-4545
1673
6808
-7739
4153
1867
3645
4558
534
1012
66
-4694
-748
4522
-8982
-1972
467
-1577
-8224
-2316
596
6916
6857
8248
2137
-8000
-1941
-2401
-5664
799
6788
-5196
9991
-4989
9366
-4678
6915
-8383
1307
6521
7238
-2997
8214
-2635
-2795
-1156
-5876
-883
7214
1358
8537
4926
6905
-1808
-333
4169
-3994
4251
-5357
6434
527
-2586
-9523
9443
-1525
-8968
5302
8135
-3517
-4474
-8510
-9364
-578
-3039
-1975
-1624
-4770
-8760
-6977
-6967
2406
2767
-2259
-8543
1827
-365
1819
-4874
4215
-970
-8373
8759
-2789
-3947
-934
3838
9132
4278
7205
5815
-1370
8593
3848
881
8326
-4404
-3402
-7965
-8421
-3268
835
-6600
-1409
-159
9887
1436
-2654
-3039
-4633
-8601
5898
-7041
-3932
-4086
-2252
9805
-5759
-8627
-5428
6299
-9954
-5240
-5809
8591
404
-1094
-3337
-5148
-6789
-2534
9308
-6978
-2412
8521
-9852
5129
-1790
8309
9499
-3740
-1242
6675
-3791
2365
6082
8311
3198
6952
-2488
-1428
4353
5578
-7073
8786
-9719
-3406
9656
-5847
-1162
-6028
875
-7164
7702
-7525
1029
362
-5792
-5191
-9302
3870
4146
8734
4584
2957
-9264
-7602
5674
-3481
-992
-9947
6234
221
5343
-817
6967
-1660
8048
-5228
-1380
4542
-1979
7059
1672
-5101
-1220
8253
-1486
7470
4822
9535
4333
2561
-8266
3847
5883
8907
1797
6402
7690
-8922
-4686
1078
-6465
7242
-9360
2587
-7198
7307
4888
-4631
-2578
-8687
8596
7188
7557
-2790
-9936
-9141
9061
-6730
-5126
3629
1810
4569
7186
-9599
-9424
-699
914
9286
7263
-7539
-9847
2948
-5349
6210
4994
9620
-1931
4037
-668
4704
3602
1234
-5738
-5640
455
-5637
-9198
-7192
3719
5970
-650
-1157
7352
-5527
-6424
7856
-3858
-6841
1643
-2790
-8176
2835
-1439
-5791
-6643
-2409
7186
-3307
-5371
949
4435
8482
7003
-5004
837
-4731
-3245
-7726
7004
-4604
-5142
-7520
-9341
-271
6784
7831
3187
5131
-971
-2028
-6411
-7233
-1193
-2252
-3398
4853
-1074
3201
808
-5942
-6211
6264
1234
4444
-6206
-6376
-1974
3214
-4955
6217
5945
8456
3477
1611
-6650
-8022
-2117
-1679
5433
743
8118
2839
-6906
-428
5383
2980
5032
-3021
1619
986
5434
8154
-5969
3478
6050
4495
5065
4996
-4499
-3306
2582
9452
-9798
-5012
6398
4757
4753
7465
-1798
-102
7266
3803
-3854
1488
1287
-564
2286
5558
-4927
1191
-445
1023
9045
-4429
-5638
-869
-9685
5527
-3577
953
-4797
-3663
-7378
-4752
-3742
6689
3258
-5732
-4215
-5229
-8174
0
-6423
1775
2441
-4846
4569
1302
621
5744
-7678
8804
-9874
-8935
3958
-3687
-6231
4123
3607
1352
267
-6015
1781
-4395
-1720
-7051
-1544
6905
9833
9907
1424
4186
-9828
4820
8701
1391
8410
-1023
4161
5716
4657
-7819
4160
-3740
8239
3243
-8415
-7659
-3246
-3067
-8762
-628
6411
5514
3188
167
2188
-8365
-5585
7676
1685
-4037
-6871
8202
-1492
-8
3991
-9752
3034
-4700
6395
-6047
-8573
-2339
3409
6761
-7990
6047
-107
2854
-2603
1714
7970
1519
7364
2141
9713
-5653
-3864
-4426
-9060
-3025
-650
-2162
5611
4324
2182
2987
-1585
7423
7088
4944
6507
-2843
9765
-2333
5202
1601
705
4108
-2103
7049
-6993
1693
2438
6790
-6694
-5403
4610
2309
-4274
-6322
-6611
-2601
-3886
-9633
-744
-7106
-5896
8620
7213
-3205
8304
5907
6851
4828
-9985
2934
7692
-1741
-4494
694
-4179
-8546
-7955
9666
5999
632
-5492
5011
4463
457
6356
-2592
2696
2499
-4062
8641
1341
-4273
-8598
-8475
3246
5714
-3535
3033
-3010
9684
-1342
-6956
-6161
1989
-2542
-481
8174
3083
0
6092
-6017
8301
2911
-2101
2935
6749
-3520
-9474
-4276
-2237
1994
5084
6196
5572
3839
7171
-5584
6526
-2808
6813
4427
5379
2109
-5649
-3058
-8572
-3659
9179
8750
-6497
-8419
590
-6709
1784
7321
3075
-4231
-586
7882
2737
-102
-2389
-8792
-8737
1242
5698
-7583
4322
-6707
-237
2506
-1879
-5468
1072
-3599
-9306
4457
9255
8939
5985
-6745
8599
-6987
5201
301
-5578
1812
5077
-7176
-189
9726
382
9253
8507
8778
6298
8175
225
-4769
-7287
-6442
1215
7287
1541
-5257
-1307
-73
1242
-568
-2985
-5695
6994
-4697
-1734
-4734
-4577
-5020
4159
6793
-9911
7148
-1600
-929
5367
1694
-2473
3177
-5031
7362
9419
-1237
8986
9830
7167
-4165
-4226
5507
9635
-8047
5080
3835
2947
6355
8761
6247
5594
-1623
-9999
-3035
7139
-9434
-2204
-7709
-8930
8985
4160
7289
8474
6705
8679
-3787
7836
9426
9953
-5782
-8823
-356
-2588
8315
-1613
-2166
7594
8159
4540
8456
-2683
-4526
-6680
4704
285
4500
2073
8534
260
-4540
-6973
-6505
5253
8551
8865
1686
-5013
-7665
660
6097
1444
-5240
-4072
5678
-1730
299
-6802
4290
7938
-173
7981
705
7134
-2294
2248
3353
-1422
-7827
8899
1379
-4690
3736
2796
3675
4149
-6668
-3171
6121
5140
1971
-8370
9705
-1955
-6279
-730
-2836
3425
-7989
-6406
-9211
-3132
-9730
3693
5738
3718
-4297
3454
8318
9131
-4536
8416
-2379
1335
3972
-8145
-199
-8494
-7256
-6117
9186
2794
9008
9007
-5557
6669
2077
2008
-7266
-657
-2359
-6389
515
-7466
-164
9554
7522
-7357
6270
-2599
4987
5893
7297
6505
4229
-2459
807
6027
-755
4039
-1151
389
2280
7805
5517
8272
8816
-7216
-4878
-5046
4585
-6285
-8668
-7974
-5703
7060
4010
-803
-5293
6416
-1455
-6620
-8584
1489
-8928
2938
7462
-4632
4171
6502
4805
6645
-1492
6615
-3360
-1814
-6084
3273
-1475
-6697
8244
-4944
8192
-6465
2276
-2408
1236
4046
-3830
3610
-7683
7634
-826
4745
3011
3911
-6914
3269
-6884
-786
-3731
1145
-5395
7321
8266
-3831
2900
-8503
9883
-8785
9083
1813
5832
-738
-7795
4137
-9894
-6915
2712
6405
-2936
1256
4371
3063
3145
-7442
-7395
-6593
-4258
-3415
-6279
8192
9633
-778
-758
8387
2471
-8261
7001
-3468
-583
9600
8252
7877
3677
-223
1564
-3690
-5559
754
-5536
4092
1768
6725
1316
-3999
2899
-5632
-5621
-7037
1048
-6183
5916
-6431
-8934
-2535
-6667
3886
8824
199
-6165
1430
-5793
9362
8595
-7472
7002
-7243
3612
3111
-7042
4175
9317
-491
-153
-9427
-1887
-3592
-4150
-6327
3040
2586
-390
-9273
2496
-3730
3162
-9745
573
-4340
1601
6703
-2652
-1825
-3605
-5831
-280
-2409
-858
-9587
-6016
7195
3656
-4035
2369
-4963
8119
7657
-4053
9610
4118
-8933
-3700
-8533
84
-9625
8528
-4939
-8236
8856
-5236
6863
1975
5902
2454
-6983
2345
7621
-1353
7239
4305
-485
9424
5123
-6652
8506
6633
-7156
4266
7573
7609
5307
-4212
-6988
-2170
-1281
7781
3219
-419
3828
222
8149
-8624
5584
-5079
6163
-7326
7151
4272
-9618
3304
5397
-269
-6674
4877
1660
-815
-9300
-4717
-8029
-7034
-7679
1115
9936
-9596
4454
-7317
-2334
1920
-5147
8058
-6162
71
4597
8182
-5958
-9925
3334
4729
-9381
-5764
6263
117
7094
-2251
-8157
2524
-8384
-8341
9164
5880
8791
8372
-6937
-3041
-7925
-3156
-3847
7776
122
-7152
-7073
4720
5750
8071
-7176
3099
-4164
-4666
2195
6309
3855
-1295
-7483
-5072
-5512
-3034
7398
4905
1398
-8014
1654
-6836
7629
7700
-1800
-569
-6924
6230
4554
4470
-5728
-8127
5243
-7054
5423
5781
-2970
9976
9780
2564
-1702
-5516
3902
-9179
7047
9672
7978
1968
8207
-1381
-8190
7068
6222
-6850
3182
-8001
915
6505
-4309
-3303
2403
7953
3784
6517
2804
8071
1298
5187
3632
-4390
-4567
9243
-5687
-3844
-1111
-6323
2332
-544
-1828
-6168
-2950
1549
-4834
7639
8699
2973
7084
3983
-3791
-278
7700
-7078
-1911
2261
-3646
-3219
-5726
3120
-998
4518
1959
-1466
1155
8021
-9639
2970
7337
3928
2446
-938
7166
3197
70
4546
3277
4426
9772
-5376
-7534
2424
-2329
-8150
3234
7789
5034
3275
-4609
-4553
8274
2970
-2105
8716
-7183
-946
8464
5186
-379
-3395
-7821
1440
8722
-1882
9575
-8021
5481
1372
-2990
8961
-2932
-1826
-4052
-7652
-9824
-1063
5322
-2529
3114
2748
1074
3163
6955
8783
3422
2478
9748
-7622
-1692
-79
-4981
8625
2301
-5806
7159
2852
-762
5089
9853
-946
-2583
7282
-5564
8619
8207
-8846
8765
7835
5801
4467
-6939
-7496
1397
-197
-6187
-5034
-6828
1910
-8836
-7909
2202
-5327
755
2038
-6881
-3752
7249
-808
9219
4778
625
4539
3576
-2326
-451
9747
-4889
-4163
7081
-4551
8238
-7473
-702
6907
8404
-6622
-8914
-394
-6031
294
-9034
8187
5550
4934
-8522
2020
-4078
-6954
4231
-9608
-2474
-8829
-2289
4014
-6692
-2652
-2862
3402
9324
-1806
1827
8665
2853
-173
-4337
-4283
-1962
-3444
-7128
-8248
-812
138
-8900
241
-6148
3148
2342
-860
8640
6372
-8090
-6116
-5761
-7608
6097
4263
9597
3701
-7641
-3429
7189
-1931
8804
6470
-7668
-2611
4724
-2830
-1470
5918
-4693
9055
8928
-4307
-9122
-8522
-1082
6843
9448
2468
9270
9591
-5051
-9606
9534
3221
-3123
-8309
5872
2016
6406
-3491
6054
9280
5156
-135
-321
3516
-281
5008
1231
3754
607
950
-7079
-2411
-5585
-3057
6444
369
7384
-2132
-616
7192
7468
-8128
-991
5966
595
-6391
-5187
-9210
8621
1410
-1710
9143
3879
-9925
-2109
3047
9910
4868
-5625
-6498
6803
-8764
-8851
893
212
-5534
-5265
6539
3954
2877
-8912
-6520
-5436
-8575
-6489
8480
2618
-482
3977
986
-1796
-8974
-7887
1216
7391
-2612
9518
-9467
8664
-3473
9033
3745
-6288
2709
-5896
-7580
-3114
2682
-1114
8990
149
9510
-2389
3169
8000
-4677
9327
8887
8347
-5139
-4378
5806
3595
849
-843
-8144
-8227
-1071
-969
4145
1513
6849
3633
-8765
5105
1533
-2092
-9003
9492
-9703
-2266
-8834
1970
-5539
-8299
-3951
-9973
1980
-3025
2520
-6473
-5355
-9912
-9595
7361
4349
-9395
-7877
6171
-110
7308
9936
6823
5181
-1207
7349
-641
-1379
-7161
-4809
7860
6870
-9540
7357
9806
-2788
-1793
-9182
-3694
8785
488
-2368
-3982
-6570
-1923
4479
8549
-1535
9392
4519
2656
-3088
4728
1748
8692
-9062
9541
-1296
882
8940
-3886
-2803
-6776
-8127
3738
939
595
-2924
3208
-2069
9626
4196
6764
-1110
4049
-8564
-1427
-3225
-5239
8044
5503
4453
-8584
-9819
5551
2044
9621
2944
-8915
4702
6054
2923
-1733
-5176
5091
-9639
7955
686
79
1053
-148
9572
4286
8533
-5848
-8940
-7260
6685
-3558
4530
-8139
-78
-8817
-6458
3638
-9131
-3959
-7111
4931
2795
8899
-8844
-8784
676
6378
-9810
-1772
-1432
4987
8097
-3766
-9560
9688
-7414
-9339
7919
-9008
2222
9835
-8189
9113
2915
-1437
-4894
-1644
-5598
4660
9256
1860
-6393
-2101
8266
2683
6938
6125
9692
2114
-6092
2673
-1223
-4853
-6607
8264
3475
-5325
4951
-1920
-9336
6105
9957
-6723
-3121
1872
1987
5649
9380
2338
-6994
133
-2920
7347
-1702
-1580
-9383
1152
1156
-9451
5840
-2880
4423
-4190
2977
9627
7192
-272
3114
1671
-5933
3663
5826
7985
9026
-5506
-5402
-1650
9237
-3429
-9168
3409
-1644
-4033
1717
-4060
7544
8925
368
-3768
4258
-566
66
-8174
-6301
4815
2997
-8604
-9308
-1681
9024
-6396
7090
6137
-3714
7967
-4322
8167
6031
5581
6856
5633
360
-6614
249
-3759
5846
-4819
-4186
-4509
-2290
8028
-3354
-9295
-3183
401
-7217
2297
5107
3157
5108
4057
-4996
3672
6122
8416
5757
-8281
637
2953
2991
1645
9336
8215
-9336
4709
4012
-141
-7401
6767
-7413
1718
-5226
-8908
-305
-1129
3769
4044
-6594
-1430
6780
1055
4223
319
7634
-947
-2518
3594
5544
4288
9783
4713
8210
-4131
-7484
447
994
7440
1275
-7391
-1833
-2718
7400
7535
8429
-9271
-8970
-2687
-959
-8913
-2960
-3143
8929
1520
4852
8195
6533
-6570
-605
-5975
4302
-8552
-1282
2120
9304
9511
-792
3681
124
-9126
2117
9221
-2514
4175
-4895
7035
-1795
-6065
-6168
4991
-9791
-4808
-9643
5512
4380
-3748
-8925
820
7446
1001
-7823
-8546
-9427
4918
9838
3775
5549
9102
-2259
4940
2603
24
1861
-1466
-5368
-334
3118
425
-4827
-9325
-5561
6051
9266
-231
-2966
3720
3775
-8970
-9912
-8601
-5067
-2625
-1480
2021
-9624
6934
8515
-8110
-5146
-5213
3313
9198
9811
8610
-5060
2484
-3199
7340
-8179
-2425
-3487
7608
2748
-4425
5522
-2314
-7729
1323
-9867
1092
793
-6969
-243
3380
5838
-1069
8045
-8216
-8218
4225
650
6001
4478
-8062
3454
7951
5868
5034
-2342
-4540
-420
1923
7953
-6138
-9683
704
-7643
-7411
9567
-9172
-6828
-8113
9719
2932
9467
