3999
4195
5880
7260
517
4364
1006
8743
8624
6818
7628
9837
5151
1499
2198
6252
5023
1415
9242
9650
5589
3840
5372
8816
6596
9951
7133
4710
1963
4427
1512
6197
3246
3111
1538
1413
5850
3399
9101
9049
9868
9997
2879
987
2952
9600
4364
711
3486
8513
9359
9166
2890
2829
9712
9924
1455
9101
9342
407
5994
6143
6707
2565
7854
5454
7954
1485
8108
6239
6947
6559
4445
9802
2561
5066
2862
2995
1001
428
8111
9922
6686
2891
7913
6405
7562
5862
4729
6123
8645
1956
5654
5790
5710
7513
3113
2855
3942
4334
855
5612
2099
6606
3782
1906
2401
843
1381
7592
5988
7839
9688
2021
2651
352
9595
9202
2189
8776
8657
9399
8826
1532
3456
2928
4366
4505
3544
4547
5045
8151
5974
6096
7153
7839
1651
7848
1215
3083
145
5896
3755
7850
7334
8660
2053
7560
4486
4316
8782
103
3774
7883
9094
8338
140
6365
9865
4043
176
4311
8147
6700
6496
8149
8354
3380
8797
3421
3428
6866
8306
538
7819
2935
4313
2822
5473
9266
6941
9643
6180
8574
8531
6045
1112
2684
4236
1461
7764
8416
339
8963
8954
4025
1092
9476
4464
2037
7766
8362
4794
8956
9414
3558
8254
415
8855
8160
9840
4002
7492
8180
8794
599
5762
2718
5124
3408
8892
8763
2747
9515
1859
6904
7967
2707
3852
2016
7008
2354
7262
6009
3213
7301
8121
8515
6766
1575
6479
852
3476
3248
3501
9585
4728
5073
9439
8486
8895
5991
6438
7998
899
4970
3933
3439
1878
2411
9767
4305
3868
7418
4767
3479
6988
270
4368
7401
7537
3697
4447
7668
4892
8084
9463
3161
4261
4949
2834
5901
2769
3377
5998
5190
6668
2379
5411
7905
9615
1915
6988
5984
1596
7349
5906
1265
9905
3522
4570
7115
1531
3011
6317
8986
5164
1201
4099
6165
7240
6053
9218
6737
6533
32
9735
1354
2831
3364
678
709
8509
1504
7448
3560
5217
3068
7215
5506
1411
6364
4198
1196
1662
7488
235
1545
9610
843
9218
1872
6580
7703
5688
7791
1192
3458
3137
446
6214
8848
7136
8938
2915
259
8624
5832
2258
1091
9238
6831
6772
1632
3853
5069
1835
7786
9079
7500
1974
1473
2487
7806
4841
1297
1570
599
1573
7831
9213
9031
2350
5332
5160
3337
4414
1731
4032
4654
8379
5776
8850
1456
7271
5800
9421
5269
6626
4620
3753
2696
1937
5379
7834
4833
2404
6828
6710
4643
5250
9691
4284
4316
5586
3853
2052
2535
3491
6990
1335
7750
3734
9651
5388
4938
2726
1499
6499
684
2320
767
4613
2727
2908
765
5111
9865
4729
659
6347
8455
3390
7329
7414
3435
8999
3691
8537
8737
3930
1658
4942
8446
3511
9558
1453
1484
5390
5480
5233
9897
7078
572
5799
9887
6372
830
5179
1849
6641
8091
2829
7333
1564
2083
5351
9203
9771
7617
8076
9990
5345
6202
7818
6157
3371
8277
7755
5516
1311
8139
2990
8982
9626
3526
5564
4326
4614
4708
7449
8546
7385
9725
6722
7001
4844
8327
9194
7413
5643
1748
7149
6130
9321
4608
6746
4925
9752
6062
8991
1334
1936
2010
7311
8414
3528
8062
8759
9942
2935
8841
2080
1678
6215
6846
3673
499
8975
4601
8343
8150
5538
4531
982
4383
1722
9800
1173
7043
2541
4545
1692
1202
7402
1286
8315
4891
208
8782
5554
6917
8917
6764
4560
2690
648
8620
3471
3804
7912
3839
4056
3198
7001
3519
7279
4454
9672
6896
9076
7511
5637
9844
946
5234
1548
859
4296
5172
4858
9689
8430
8650
3640
3927
6595
5845
1397
9150
7798
9352
1806
5624
8347
968
4989
1968
3145
742
8602
1669
9537
2725
4575
1072
9590
255
6132
5635
9555
5645
2084
8869
7968
4104
2267
554
1693
7285
8371
6804
473
936
1225
9841
4097
4581
8779
2588
203
431
9455
1157
987
8484
55
2080
5307
3203
9637
7313
600
5082
8053
6152
1523
2256
5730
8857
3084
8743
9244
2345
3582
4928
5770
3158
2054
7083
9747
7554
9691
4902
2362
6751
5418
734
7918
754
5118
5176
5592
8938
7359
7135
2389
9000
7875
3760
1168
945
4714
1932
5775
4319
4677
2902
9096
8936
9203
4090
6616
6682
7986
2707
5974
4097
8974
2950
1990
4051
7195
9789
5016
4419
5457
7948
5592
9390
6301
1314
8342
9457
5106
9299
699
3261
8689
434
7749
5910
7816
9652
9774
4377
5678
2228
1099
1874
2572
7805
9786
5890
7574
8222
7549
834
4492
8783
8105
7940
3787
5569
99
8151
8646
5803
9474
5161
1664
7424
7614
1889
3213
7656
4860
675
757
6558
3255
9300
9367
5920
8241
5534
2409
8552
6627
5430
6046
570
9515
6313
6177
4803
2431
4535
3879
1296
5961
9182
5685
887
5782
4965
8938
5842
3514
3141
3126
8272
1622
3186
8749
7310
385
2894
1037
3519
2021
3112
9466
2452
2693
8662
8414
1694
356
6290
7417
2249
6487
625
2403
534
1659
5583
6647
5698
8256
5486
82
5110
8382
7106
6655
6392
600
2768
5480
8659
8593
60
1202
5192
8793
460
2736
7199
9569
1274
5167
2764
9655
2541
6033
4934
4038
8941
6788
5008
5303
4897
1396
1702
2349
9416
2590
4018
7424
9278
2599
3589
2147
675
7241
6112
4634
7656
7152
9922
9643
6890
1059
8902
244
5235
777
5129
5821
7585
9998
9099
3564
9587
4940
8559
6260
4773
8800
2664
1870
5227
8532
8456
5086
7208
7438
4445
8348
5075
9841
7407
7147
1738
6433
130
5285
6623
2311
6658
1328
8304
7827
8901
2675
7902
4219
278
4929
3571
3907
5957
6088
8411
9638
7075
5303
6604
6333
4178
5133
9399
3129
9511
5443
5504
2677
5179
5434
2425
7642
1009
4861
6800
5554
7240
9507
9788
6541
8054
1276
690
2344
9919
2654
4850
8795
5210
715
1403
9273
1605
9126
4010
8447
8768
7726
7247
7794
5319
2467
5267
3369
2964
8014
2926
3721
3994
389
1365
1654
7604
5629
9612
5376
6975
2264
9690
5535
8089
7842
677
1632
2080
2296
6700
6746
6265
8392
8927
9379
7489
2409
7388
7530
1475
7481
3011
7401
9395
5523
8618
9971
8184
83
1687
256
6017
3535
2663
2653
7985
6078
6099
6864
2282
4951
1420
3513
1577
1289
5606
200
2675
8237
7467
87
7110
7237
6823
270
1543
2287
7460
4257
1920
3726
6059
9621
8292
1459
1014
2179
4456
4523
4380
88
9426
3677
579
2006
4552
8858
2674
4701
9209
9748
8844
6061
7167
2863
1289
9881
2177
8060
7815
377
8292
9808
5588
9234
3484
5538
774
2305
5546
1952
3776
5838
1940
6360
7470
9911
3712
7878
4152
3999
1127
6781
4550
2181
5939
8079
8101
2747
9533
2236
4583
5566
613
8605
5616
5603
1310
2080
8978
8786
2568
9285
2084
1480
4365
371
2535
4682
5498
8778
4857
9076
7502
9463
8907
5653
5575
6850
748
5682
7035
8685
9826
5016
9194
949
1793
7160
7352
1632
6930
9436
3523
4100
9086
1558
2272
9321
9169
3411
2015
8609
775
2253
1986
1127
9392
5440
6319
8327
8134
229
5991
6686
7068
2467
7892
7472
7306
939
3238
38
5481
8455
534
6053
5280
7681
5529
7455
2388
1759
203
1329
6487
5688
3699
8265
9979
5790
2302
5663
5317
3054
9538
2297
251
8559
3651
8309
6428
2859
4772
9010
368
5740
8343
7002
7429
2710
7727
7083
4004
9708
7589
5507
7531
4885
448
323
4263
9096
5644
6428
9100
7615
4242
9351
6771
1234
1913
349
881
40
226
1199
6866
130
1651
4657
3989
1751
297
5790
283
8285
6316
2102
5579
9103
269
2202
6568
4084
5251
5345
6798
8174
3733
4704
9787
7333
4036
106
9160
2397
8267
2873
904
287
3916
7743
8146
3
2064
5226
3896
6579
5948
3057
998
8564
1627
3794
8051
5268
5789
998
6917
1552
1981
4769
4611
1786
3892
5721
5839
2114
3556
914
3725
3026
8410
3323
832
2153
3076
7753
2709
7337
6880
6853
4083
9141
1922
1300
3802
4960
4663
6944
2835
7829
9841
9531
4532
1088
6024
842
7956
7751
8577
8939
4121
2082
275
8079
4666
1273
6310
1206
9747
17
83
5538
3810
32
8063
6370
623
1783
4328
1255
952
2708
8094
152
9332
4182
5326
577
7150
7002
2074
9655
8879
7252
2821
974
3259
123
9569
8048
3134
5238
7995
9983
1949
6961
2021
6387
5393
1910
1212
7894
581
2925
4440
2784
2453
4747
8332
9276
4912
9821
2097
9073
4210
4151
2656
8800
5679
5385
2864
9323
9154
959
7568
493
619
2075
2456
1069
993
7659
8533
3900
1233
8774
8789
8325
5821
1859
7416
9763
7088
5814
4083
7880
307
7544
4736
1149
2290
7455
8268
637
5235
7789
856
156
4160
4916
1144
6286
1769
314
4515
8171
9442
1171
8781
6767
6906
5894
2093
1896
1083
4506
8435
8900
4196
8668
675
2034
4253
6905
6616
8340
5479
3722
2267
6990
6527
825
2761
5717
1732
5141
9810
7560
8456
1702
9833
9193
682
7510
7079
431
1835
4064
4985
3995
7580
2906
1758
703
7097
2931
9195
8240
5474
8484
4198
3837
8789
5689
4558
9033
4647
7481
7741
8974
1820
5580
8677
3074
2927
7355
1185
7531
1330
5260
5370
4117
2106
4585
9697
1332
9936
4847
6881
5402
1465
7806
2215
6319
3771
8546
4840
575
2656
6938
4205
4429
7007
4481
1811
6506
8939
3141
1507
9482
818
2629
3940
4413
16
3565
1347
9698
3386
3664
2142
5495
3811
6568
7846
4324
8841
2644
2341
7536
1822
2354
6078
2329
6988
4255
6909
5707
3263
4649
2102
3699
6691
3777
2797
6807
3596
8989
3917
4260
6674
147
2478
3011
5407
5591
7483
9201
1277
88
1326
9081
2416
1897
4706
5851
2801
2133
8193
9347
3992
6620
5319
7311
802
7973
3812
5815
110
899
5749
3094
4495
6055
8831
7162
4527
9121
3944
2055
2075
7757
5256
4645
5455
515
8798
7439
5801
416
640
4652
1232
1293
2852
310
3595
9942
4371
9542
8709
1710
1419
6704
2416
5436
4214
4791
2979
1660
8337
35
6907
8951
7333
5305
2676
467
9336
2467
5971
2362
2938
5539
7492
3025
2563
3360
9261
1458
2815
4991
7126
9830
759
5954
6199
7092
3339
2497
8453
4846
4753
1720
7915
7978
5628
3659
5425
5631
5655
7720
9638
5295
388
1695
5226
6306
1533
6460
9902
3392
6341
6232
6466
1939
2444
6339
5560
1597
4336
955
3935
6675
126
7608
325
5607
2506
6100
3952
530
8565
3595
513
3802
8959
188
5821
6019
9011
5237
9549
551
3160
947
9292
2305
6866
9582
7461
8245
5109
3832
304
7990
7989
6082
4026
6894
826
8324
8360
4351
3110
5583
4811
5430
3790
9021
9267
4527
5409
2161
614
5017
4915
3449
6226
9529
3106
6826
2932
4369
4632
7078
8059
6481
9722
2601
927
3207
2007
3112
2128
7048
3383
1278
3267
8023
8463
6569
5627
9187
5044
7408
7282
5064
4586
3718
910
5127
3090
8163
4056
4608
4037
700
6343
765
138
5450
7116
1408
7609
403
3934
2502
2028
6894
9279
7420
4244
5364
1351
6398
1773
4705
465
4929
7686
76
8572
7961
1534
5988
6460
7522
9440
6757
6686
5363
1101
7972
1818
8405
721
5889
4565
5661
9114
9240
4706
2718
3140
3706
4983
8664
4689
7537
291
7346
3036
3132
3400
5026
9357
8636
5729
4836
1145
2994
6611
6201
8110
7213
2259
7703
7962
5143
1359
221
4368
5714
3942
6583
9331
672
3114
1871
1148
9953
395
6457
6651
3638
7394
4298
8238
6184
5
5239
8886
9376
6742
9531
791
989
8764
4417
7221
517
9092
7138
4620
1168
3134
5597
7638
2916
5840
255
1796
8320
9237
1126
5076
2139
8360
3511
8746
6273
5511
5703
8762
7626
6900
1695
1084
9338
1701
6601
2504
1146
9759
334
7020
7858
2639
1776
9804
2487
66
7635
6389
2538
8219
5749
4882
8404
535
9591
8814
436
4729
4796
8269
9984
7457
735
3346
6004
4743
1569
1371
7826
545
8778
4441
2171
3758
7039
2891
7371
8639
3552
1164
1538
3274
7786
8593
5588
2605
5066
7945
7971
4683
7722
6584
2500
8551
2831
7367
3922
9990
6655
7648
8170
7308
5533
6118
963
3417
2196
9154
9561
7865
2235
20
9220
8608
6226
5857
3038
2256
4639
7956
3166
1549
4484
4240
3424
8607
358
508
2316
5150
6647
7070
8508
160
1175
5037
7068
4065
6697
586
2213
1250
2693
4956
8037
8925
2050
6707
1079
4729
2187
9048
2838
798
3263
907
2942
460
9139
1631
6172
446
4141
13
2868
381
6271
307
6230
4856
6493
1440
711
8192
2130
9892
248
4682
4733
1801
203
2090
3584
6443
2849
7268
289
3239
4628
8741
7749
7578
7170
7557
1377
4405
5975
5870
440
8872
2212
4153
6464
3317
9583
1283
4400
1329
7502
4290
5752
3214
9498
6737
6187
2957
224
8601
4787
1779
9227
8697
6100
4020
2229
548
4938
9506
8294
5796
9693
5061
4685
7526
2016
5490
3253
7119
1019
5762
8783
7552
8536
1654
3066
1201
7214
9975
7718
9258
4516
7876
2788
5214
1418
3948
1089
9887
3529
1913
9759
3321
4811
5423
3802
4867
6262
7606
8956
9420
9801
2280
4600
7239
4305
7683
6409
6166
6428
5285
8028
700
504
1140
4394
8170
6746
812
8117
2111
7068
3273
7676
7983
358
9095
2221
3988
6648
4866
336
4589
9893
7954
3175
5479
3815
6383
3215
5282
4847
6777
2490
3546
2000
9831
2037
8629
7026
8333
7125
6228
994
1711
479
6051
7903
3156
3340
7508
3524
3824
4548
2237
3087
5067
5724
9750
9711
498
416
8592
4560
5926
4776
9366
5494
3715
9079
1876
8788
6603
8880
304
409
4953
7480
83
7057
1877
7385
6156
4943
7704
9564
3572
2282
9675
5202
724
1007
6505
4574
925
9167
1236
7170
1910
4456
4022
5586
4554
2401
2418
3266
92
2801
8472
7721
5638
8682
6553
231
7822
9380
3260
3935
2883
9233
8331
9640
2726
596
2952
6595
9732
2425
9298
2272
629
4128
5239
7922
1150
1690
5869
7807
4070
4194
2237
9557
971
9188
338
439
7689
9666
6640
7234
9334
6603
3439
8838
5938
9721
4855
9092
5627
7672
4060
7659
1606
3654
4090
8082
7126
7696
289
1945
2295
4270
7562
2702
2
3063
8723
5701
7243
1389
7601
3194
6965
9469
8236
8489
990
1235
9008
198
4216
6509
7475
7917
267
7628
6827
4174
6947
9945
2379
9042
9565
7902
8406
8650
4913
9385
8981
9308
881
7434
320
6828
589
8421
6331
2360
6999
1427
7721
5267
3098
3910
2981
1665
3853
8932
3137
3640
7677
1090
3854
6567
3139
1250
6631
9317
6259
7143
7368
9761
3104
7842
2266
3789
1782
6019
3170
8855
1689
4193
1288
6323
345
5966
7426
1257
5769
9454
3159
1949
6605
1098
4331
3149
6104
7907
3202
63
710
2820
5014
2508
3312
344
5720
3542
9793
691
3694
2714
4186
4107
3009
1493
8488
8934
3307
7099
825
1173
7510
6506
5395
2603
6961
1161
5046
6831
9568
2301
9836
1445
3415
1552
9526
9194
305
8704
3350
5716
5042
8160
1775
5014
5244
810
3964
1724
2543
5598
6917
9927
7640
588
4639
5040
6217
7118
387
6102
5424
4130
1330
3189
3455
9963
4582
5426
6793
9409
4847
8464
9300
1062
530
2656
5901
8409
6221
7984
7945
8174
3399
4215
8306
7834
3014
1580
3221
6899
1790
794
7601
6648
465
8801
1983
6838
5673
5191
1465
1182
1707
7467
4781
6155
7762
3445
6443
5606
3084
5811
8009
103
5516
7502
5889
9892
2736
6033
6152
8850
2916
2909
3692
1732
8286
693
5820
9458
9421
3635
2245
5816
989
1190
3548
2959
8930
7496
8505
5572
748
3895
8079
2179
5455
1664
8582
6646
5677
6569
8728
3771
6364
6717
6685
8872
9602
454
6981
5483
9145
2276
2191
8806
9545
4945
3173
9000
9157
6680
4972
5029
3786
6292
8050
6607
6141
1085
9615
2491
4304
9167
2251
2346
6233
4770
9488
1625
1916
973
3595
7795
7842
7572
281
9203
4847
4050
4422
8505
9358
1020
2784
6030
6886
7667
1118
8880
4763
8396
7066
4106
1725
7999
7688
7747
9382
199
7707
946
3327
5613
5883
1662
1811
4735
5067
953
7635
5633
3033
3280
6850
1271
651
6991
8486
8511
7864
2367
3450
8940
1849
4273
6994
2145
1438
606
3378
3448
5523
8834
6906
5789
4991
3209
4464
1295
6364
6467
8614
3936
6072
4198
2437
124
3198
4147
7346
9279
4073
7207
998
98
2399
3694
5823
4349
4263
5615
9403
4499
4962
7099
6527
3046
4577
9902
715
1926
8830
1249
5860
6047
7475
7249
2553
6630
7185
986
2220
1548
3900
982
2567
7157
3293
22
3535
1409
9350
2891
3535
4399
3474
5512
5353
6348
7019
2926
1582
3421
4972
3231
5832
6908
1182
5756
6552
916
2745
7303
9100
5248
7940
3935
13
9562
2720
6183
3451
3101
3744
8203
3514
7388
7080
803
9106
6420
8203
9313
7965
4855
3234
6355
3143
3384
7537
4712
4321
8138
5101
8736
6227
3442
7002
3189
9802
86
8610
8898
3855
3024
6369
3296
1783
8429
4386
6864
2676
3020
3256
6812
2051
3073
2837
5246
2047
8738
5881
8128
6214
488
7667
3462
1836
4645
7904
5214
610
210
762
7740
1151
4756
846
5110
4467
1349
1051
51
4639
2769
4433
3040
8195
6444
4477
7327
2826
5211
6628
5410
2571
1243
2217
1721
161
3877
2313
537
8467
8139
4651
4538
5030
9354
3466
8725
4412
6802
3021
6891
6468
8528
5803
8652
1980
9462
7975
2452
4999
3986
8483
3503
9241
9719
5960
3572
8045
5846
5741
5678
2939
7030
8046
3932
2842
3228
8048
530
4081
1724
1859
6748
8782
8396
5514
6992
1891
2248
6507
3948
2088
3117
9926
9620
6272
9531
3371
6761
3952
5419
2191
9611
4780
8805
5597
6376
2289
6257
7157
220
8257
1137
8512
7635
3863
6444
4010
6834
4876
5517
3232
2722
5790
5592
4686
1382
6876
398
4485
534
9642
7176
7354
9829
1517
3053
3595
7406
2720
1522
2638
6527
5135
886
3260
1841
5653
8930
409
3827
6064
8307
8916
4272
2881
5081
3487
7864
2859
4217
1912
2021
1071
8376
8760
2913
7782
9270
3237
5034
9994
5784
4159
645
9962
2359
9286
6795
3178
9571
3992
1219
8853
8065
7954
5592
4856
477
5795
9921
2475
8218
3173
6202
4283
9757
7661
7567
7011
3693
8541
1260
1834
3193
780
7567
9738
4205
8916
7665
125
8957
3451
1181
8777
4006
405
1535
3910
4580
2245
3747
9874
4025
7150
3812
445
3193
9989
8458
4642
1044
2624
2812
5786
5651
9670
8566
6796
4479
1801
6077
5532
2609
4870
4076
635
9140
4963
5140
9655
774
4993
3318
6368
4910
9129
7451
1454
920
1264
4503
9268
4639
6397
3860
4016
4197
4203
4387
1656
3121
585
930
803
5038
1273
717
5290
7739
3500
7163
3267
8105
9310
7458
2361
3789
3034
1605
2313
3159
865
2894
4572
3386
8219
9640
7069
217
6688
6159
7995
8650
3324
2543
5023
8088
4276
9461
7962
2198
3287
9893
1857
2103
3268
899
6196
5658
2602
9754
3775
2587
5801
8395
9794
6924
1771
2766
3285
8097
2724
9322
3623
5317
4302
4571
2608
8558
8637
8880
2140
2028
3304
914
6125
9777
7379
3529
1321
7941
2681
7368
1552
6211
8757
6124
1542
4699
980
6683
2056
6202
1850
7122
4598
8390
9201
4560
705
3536
6475
1926
9736
7516
8154
6567
1030
4749
5875
4953
7626
817
6162
7006
6838
9029
2860
4808
3834
3174
2420
6800
2605
2653
3423
2828
2579
9669
5215
8725
6178
2739
5209
8351
2229
209
7958
349
5017
7600
4695
9531
8819
5765
4557
220
8262
8348
9635
1675
829
1231
5961
5360
4559
8947
4773
1002
4077
4020
7994
6094
3336
8021
392
9993
3728
4366
7255
1431
8543
5516
8900
6361
9058
473
3827
6718
7622
8780
8414
4443
2090
1200
2534
2944
3851
1671
9323
6192
9030
3700
7707
6016
3753
1422
8910
4229
9122
6786
1745
3270
3103
3853
6364
8740
4125
3256
7059
6634
6478
8586
7849
585
9385
4492
4722
1297
6539
4386
3310
1710
4088
7991
2127
507
2237
3164
2741
1767
7423
4445
7831
2027
7659
3228
4116
192
9792
5385
3184
6364
7371
9161
6875
8513
1957
7584
6992
3591
4465
4928
5711
7114
3013
2531
3120
1284
1676
7990
6467
4506
2029
5152
5158
2587
7480
3661
2986
4214
3143
3205
3785
7576
2735
5123
2378
9101
7479
9255
4527
4373
8127
4868
5377
108
8315
1106
2417
8922
9687
6003
1055
4990
6072
1316
3450
4128
7814
3668
5816
8804
1828
8800
1200
8015
7870
4386
7159
6379
213
5099
6810
1926
2266
9450
4494
4166
8569
4227
1806
6898
4846
5135
8328
4885
1190
9322
8743
9216
4048
6591
9998
3957
8802
7112
8364
5969
2681
6108
9531
4386
3214
2230
6625
1816
8884
2200
4073
9839
800
7072
7876
2595
206
3730
9993
2635
1795
7173
4025
9566
9930
5842
750
2736
9144
2383
7753
8775
8702
6525
4837
7019
7604
3307
5457
7800
9005
7301
5042
3126
5084
5794
4762
6237
3427
5010
2040
3512
4177
4032
6762
7787
4133
7333
9055
7917
5898
8643
8046
475
8488
3936
3478
9763
2705
6835
516
4993
4859
5994
419
8525
4886
312
4642
7666
7752
5236
3003
602
4255
6683
6965
2131
8767
9227
3554
7417
4820
4717
8974
2850
7835
5912
8915
3004
3288
6886
7758
1202
262
3053
1552
1249
396
7953
4345
4074
5532
3159
2144
5286
9556
9892
7806
3119
2527
9427
5885
1437
4438
7550
1507
2007
4648
2067
7847
5221
9379
4257
9898
4145
1078
5592
8943
347
4346
6404
9177
7460
7173
3069
2912
2605
8235
3031
9987
4624
634
3822
1610
2502
3621
4955
4987
1084
8037
2786
4189
9029
4096
5772
1544
7863
2184
1611
6712
5290
6549
1334
8995
1444
5669
6908
5654
9629
9705
3731
5572
7237
2424
7328
1201
7077
9877
9012
7993
8516
9036
3445
3115
1632
8201
979
6981
9086
6994
3523
4555
9519
6460
7332
798
850
9413
6422
5794
636
9816
6061
9008
343
9381
6700
8992
6300
8763
2402
629
2287
5479
7297
7703
1017
2318
7381
7367
347
2828
5457
1464
3029
3094
8682
3345
3758
3789
7182
2751
8813
5740
2352
409
6178
104
7368
9536
4769
3500
9054
4903
1950
9856
3829
976
5296
6507
9491
9549
948
1508
9249
9157
9780
3589
846
4706
2151
724
5198
2409
4453
2581
6929
4159
4050
2349
2061
480
4854
9704
2118
4227
635
9685
5666
1926
1942
7192
6362
8283
453
8082
5919
5332
3046
9080
1673
2016
5713
5367
3667
7794
5237
9129
7696
6041
2413
9285
4754
2268
5912
4443
6182
5643
2675
3782
437
1653
9318
9892
7127
6030
9423
299
1999
1382
7550
815
5088
7732
3725
945
9598
8564
3946
7002
6814
2988
1522
3937
455
8397
9822
3941
6987
2188
7083
8421
967
6114
7243
5115
7214
9405
5080
5920
3062
9322
4194
4086
9693
7076
2519
362
2008
2695
8673
9003
9627
5195
1064
9229
711
956
8423
2671
9059
1342
6262
6184
9856
4354
4323
8722
1478
3219
3359
7764
2277
9501
3300
5936
8485
3299
2618
5767
4330
6546
7848
944
1217
6113
3655
9373
8506
4998
1644
5264
8252
4153
6810
6512
8514
7954
8991
990
3661
425
8624
229
7637
4405
7661
10000
6054
7210
8861
5450
1433
5303
6566
4223
3510
2186
1921
2173
7842
5290
4377
539
2919
8456
4659
8625
776
2263
2510
5939
874
9005
5204
6955
4639
8493
4392
7174
5483
3668
4879
7463
113
8377
9454
7003
5971
3182
7002
5117
4745
7636
7895
5773
196
7092
7920
3424
4019
237
9866
2605
1360
8839
6144
5502
173
5657
6824
6193
6102
2039
2231
4507
9513
4675
1880
9526
5456
5915
6757
6514
9619
6544
1676
258
6816
1082
9562
1726
6235
1026
8580
4628
5222
565
7728
4751
8840
1268
7810
842
5233
6440
9855
7036
5719
2329
3519
516
293
8177
7599
3230
2070
9398
1882
8206
2747
8820
8517
9486
9907
8261
3200
2304
9972
6823
6017
4526
503
90
3761
1852
7206
7054
6570
2881
1061
4718
1332
3434
6341
7549
2935
8133
1928
3067
7683
2736
7106
9212
8241
7167
4793
6488
8214
5997
5365
8807
7281
1838
6274
4479
6334
3598
8038
1814
9108
4952
8101
4755
9564
7779
5493
3336
9417
3636
7728
4273
2809
5439
7617
6136
5028
506
8537
7120
2843
1203
6972
3309
8116
7668
1750
9830
8827
9342
9120
2665
2803
5532
7381
8270
3859
7445
9005
7563
7069
2102
562
3236
4807
5325
3035
7247
7481
7923
5747
5484
2981
6646
4767
2077
4025
8780
2554
6666
1960
9966
9835
8595
2175
6725
6797
9193
805
9795
6961
7077
9643
3104
8334
9469
6463
6760
5932
1933
2433
6176
9524
1261
6260
9221
6165
785
7854
8098
5022
2086
3884
7344
3388
8195
8148
3294
8842
2955
3851
6271
870
207
2802
1777
4921
4461
9311
6228
9318
9819
8951
9112
2215
4196
3866
8416
6034
6810
176
3207
2049
5461
1895
1384
4337
6805
2767
4345
7672
7958
4577
9179
5244
9432
7051
2170
7305
3727
2842
862
4067
6965
705
9481
5682
651
5334
9407
9455
1096
2833
7988
2383
2561
4775
7479
9210
1235
9172
5103
4353
6364
3298
2958
4181
2897
4839
6106
1647
5335
6261
7466
6832
799
7137
9095
7063
9
9278
7561
736
7477
2007
7383
7692
6402
2493
1253
3842
2737
37
1000
5096
3554
2049
2665
10
7502
2419
6743
4735
4150
2197
7815
8453
5606
2759
3012
7312
2963
3289
212
3730
5156
5524
1226
395
132
2626
8875
6213
9100
7213
7835
5929
409
2159
5259
4792
2955
2867
9604
1488
4503
9657
3616
6938
3237
3437
7009
94
7783
86
1006
997
6996
5738
4540
1313
8361
9482
1718
1010
6069
8228
7576
7546
9236
5114
6103
4492
7806
5775
3818
8181
5734
4809
1984
2604
6800
4740
1966
6240
4618
6354
827
1636
1682
1657
2906
3283
8568
3683
4726
2927
2641
6325
7612
3269
4579
5880
1150
4654
5318
3386
6669
7060
7824
3610
8864
6027
4056
9828
8005
5040
4575
3963
7371
5867
4883
6989
6876
6541
695
3408
1852
6638
3606
3808
4923
8874
8734
9814
2698
3466
4626
2689
8748
2452
5909
2625
4471
2433
3695
1550
820
419
3759
1019
5287
5534
1301
7732
3418
9329
2885
3859
4404
9539
7909
4805
1747
3357
4277
9467
2818
6567
3642
1143
616
5324
8659
9358
6375
5908
7531
2219
8185
9618
5250
5285
5233
7634
156
4216
2410
4936
5942
773
2544
2789
9912
5909
9340
5761
165
2866
8925
9240
1521
6831
5236
1991
2590
7242
8103
139
8437
9151
1017
4884
6271
6687
2111
3058
6317
6189
1638
6180
612
8169
8846
1404
1716
9806
9976
9795
7757
9382
5604
3152
7522
8918
4383
6865
7199
1593
1665
3180
8508
976
6098
6379
7365
5824
5865
3049
5802
8233
7000
1107
5742
354
8004
8896
4862
8735
9071
9918
2313
4821
3578
795
9797
6677
8368
3921
8562
9838
2053
6025
4296
7267
8815
1027
6732
1819
6287
7216
521
5076
1764
7116
5837
4292
4227
9767
5345
4812
3120
7322
2621
8036
2785
6345
549
284
2494
2992
4417
4895
1648
8777
2855
4147
5474
7568
7067
4342
7027
337
4218
4424
9949
6493
164
1975
3856
6662
727
3850
1674
9516
8568
5895
9906
1890
9896
3557
2024
5152
2690
9346
2224
6524
1881
6296
5505
6874
9006
4801
3820
5247
8268
3238
2518
6188
5456
7534
4828
6520
1638
7589
7647
6071
8072
5959
2917
812
7868
5702
5590
4891
2400
458
6242
2448
9350
7596
1713
7492
9486
2404
9652
8873
1615
3333
1732
7534
7586
805
8623
7785
6627
6325
1683
4937
8347
701
5190
8386
7369
8984
4540
4415
3628
7336
4563
320
6485
835
4675
3757
9875
7654
2785
2263
7002
3445
1178
2869
6181
9546
7903
4964
9970
4517
1568
4855
362
5962
1966
2829
7261
409
6582
2313
8844
3902
8870
63
1332
8420
831
8872
1507
5945
7669
1760
890
7470
2466
8573
1450
1395
5419
795
9370
8226
2627
2742
544
4138
4933
1823
1624
30
5736
4308
9374
1645
2820
2712
5870
4499
576
5943
2231
5289
3082
3515
1100
7855
3520
3849
2535
5840
7785
2314
181
2051
1365
1048
9695
781
3224
8647
9219
6844
5588
7953
3806
5352
6897
2503
2782
697
3134
3968
5389
2441
9597
716
9865
8767
1825
8556
5505
6338
7586
8874
6233
344
9908
2441
4795
2047
8561
7238
6160
1370
8459
1936
1262
1626
6369
460
2106
401
8359
5340
6795
5225
2979
2922
735
4163
4432
2873
900
8427
1110
9650
2742
2905
7242
9913
1422
2292
9133
3171
1286
764
9514
5087
59
3633
9315
6642
2916
6719
7709
4203
5707
1738
6230
5130
4145
8086
9955
4917
282
1140
4765
6284
7365
8293
6493
640
1358
6119
7165
528
1171
8726
8603
7543
7901
4316
9867
3550
8493
1101
6685
9369
5994
7787
6159
8573
4900
9037
9901
6081
6714
1629
1979
253
9050
2695
6140
7151
7935
9542
3342
3131
9103
832
7963
6828
1292
2257
2673
941
656
9836
3479
9004
6779
2389
4149
1904
5429
6152
9197
1664
6591
7874
7739
4677
1557
6047
8200
9492
1470
529
1423
9160
8015
7383
2962
4394
8945
5611
2461
8336
8171
4763
3671
752
8220
1228
7897
52
9290
7723
9771
4006
3770
2913
2828
7479
1749
2399
1460
2347
5176
4315
7483
4005
6169
7218
657
6276
6072
696
4858
9181
1575
4911
510
653
8924
3851
3195
2040
7865
613
2303
9929
60
2141
8786
4772
8925
3321
5421
9342
2998
9791
1762
1019
127
5023
162
1098
8453
2652
5246
316
5067
3662
607
6266
3368
1263
3774
6578
7072
3641
8752
3620
687
5359
4961
813
7195
7500
720
6901
1038
8404
8558
3339
2232
4744
2891
2834
825
354
519
5314
197
8534
2814
6339
8088
1077
7456
6660
8557
2382
5916
8831
2501
1670
6145
1851
4518
7279
1610
1669
5783
6016
7218
4343
4468
2957
5463
4404
1836
3160
4277
49
1790
4915
6420
2734
5660
6722
3063
9555
1013
9012
4768
7536
3881
893
8904
943
98
310
2352
487
3139
9133
4206
38
4206
289
7270
7506
4112
7375
5006
7977
1817
280
2012
1381
8077
9063
3479
9875
7921
5526
347
5361
3775
5646
3047
2639
8244
4492
1679
4660
306
6597
2199
4485
7992
4113
3299
2014
8996
6955
7467
4077
4520
3984
1277
5811
5939
3881
6431
9698
7359
9914
8804
4278
1252
7620
6163
6528
463
844
9443
5120
1070
6023
1841
9719
2358
4639
5790
2478
4410
1939
5699
8691
7420
8569
8600
3643
7819
3972
6336
5502
3542
1699
3055
4022
8487
5810
1660
4980
6319
1494
1904
6305
5214
33
1800
4721
5630
4437
8440
3691
3480
3413
1384
8424
9353
9532
2972
2730
6687
1292
3698
2724
6010
8465
2886
4369
7138
2979
4365
8903
1857
2931
6486
4436
7562
1874
6625
8654
9269
4750
8405
1137
2617
5302
2941
1860
846
1599
815
7695
8510
1816
7018
2124
3434
5049
3436
4339
2818
6811
8826
5850
8037
3908
3736
4771
2466
2051
82
473
4012
7149
6836
109
1874
9821
8535
3636
2608
1560
8659
1474
3184
1326
9002
1649
4981
1032
7105
6979
1106
770
3808
6207
9482
9539
822
2134
1480
5285
6943
9904
8540
5400
7077
2546
6524
1550
175
3873
7949
5349
6109
8319
3103
6136
1019
6140
5722
6635
7259
1255
9589
3376
190
4121
6931
6038
2080
3210
1469
8107
2892
6369
1273
1893
9733
4850
1016
3028
6930
5140
7922
4386
2439
1277
2517
6837
5895
5769
109
4590
9894
5939
1265
8271
5407
8042
2847
3502
1872
7504
6498
8577
9215
4749
1048
2555
779
9204
9528
8842
5182
1540
9359
7601
5258
397
2490
8400
7539
7537
5037
3750
7105
3920
4711
8305
7435
1671
5644
6642
8939
9465
8299
4855
5076
9572
7530
4821
9540
3156
692
2949
7704
8168
4872
5548
963
5013
8892
4871
8606
3
1989
2530
2041
3284
4770
4024
6285
4361
6778
7038
3599
6795
9348
503
319
8334
2712
7824
7
7821
9615
7627
4088
384
6483
143
8765
9296
6085
5399
3538
9188
9937
5647
2471
2861
8241
6460
7164
1144
3870
6909
9343
1892
3487
7308
3158
3599
1991
8689
9372
3599
9906
2079
6290
8098
8049
9994
1246
1203
9007
3487
6430
8146
3007
9757
234
7319
5031
7895
7621
6527
1256
3089
5389
987
4194
1823
2797
1318
829
7721
9435
5188
1955
481
9825
3596
2262
1532
6817
1800
9398
8246
4107
7989
8857
7115
7243
5526
9959
2957
8458
8897
6731
2276
3231
1049
3710
5307
5321
9650
8364
1291
1490
8376
1646
9752
2121
2490
7966
9162
8419
3175
3150
1057
1524
4683
4123
2837
8440
5227
3907
3414
9081
3116
5031
5223
8379
4039
3112
6637
8974
1046
241
851
157
9364
5772
5338
7804
565
1960
9538
4806
5678
1838
4656
789
2626
2000
9533
5646
3511
3165
4253
821
815
1545
368
2532
1793
8685
1163
8360
5779
1395
5971
2207
8664
7878
8568
7796
2695
6397
2588
8729
8631
7986
5734
6224
8844
2629
9566
2704
5360
5911
6836
8433
4824
5383
1823
7290
7949
3605
6458
2674
212
282
963
8082
8715
7990
4357
9052
5099
3740
8232
8937
4606
6089
1091
8259
8657
8573
8300
4043
3356
3650
1623
6040
5254
3552
8417
8937
8463
3787
9605
6292
5107
6210
8503
7385
6561
5636
8075
9538
2929
3452
1859
8772
7241
5970
265
1633
5296
9374
6438
5669
7110
926
1104
8736
7989
872
6083
5893
5696
699
5055
6318
4397
755
9667
2622
82
69
4582
3116
2433
4978
4314
8239
4031
1733
3488
7491
9281
7791
7974
4342
7509
4587
7952
8596
3673
1566
6295
6738
6927
7980
5358
6291
3176
5627
3962
3517
5071
695
6249
2926
1614
3731
489
3400
1699
9327
9743
3845
4608
9977
6463
2525
1472
5669
3412
5846
1837
9376
6702
4982
9636
3345
6733
3545
857
3778
7935
5775
9623
4195
7198
6043
5774
7576
8012
95
8563
6185
4750
7481
1943
3794
4190
9902
8436
5008
941
6304
6047
896
6893
5281
7675
7802
3506
8267
2699
2168
6256
314
3011
3902
5364
5196
2009
9055
348
4207
3553
4592
1509
9581
2268
8922
5485
8284
9974
9584
1676
2618
4103
6579
5683
8895
4586
7249
6667
815
583
1757
1823
3095
6978
2989
1127
5549
3488
825
287
1922
856
9328
8269
3910
5534
5487
6857
7570
1083
4147
3519
6223
3319
6625
2749
6988
391
8192
7914
9490
5082
7017
5466
2267
6064
4211
4412
7420
9439
728
7588
3130
3114
3415
1118
7755
3804
559
3666
2539
8206
3796
7951
9791
6684
2340
2550
8031
6777
6869
2083
543
8545
5154
3555
1063
4672
2193
5649
1634
8551
6563
5918
7284
4041
4039
7416
5109
5059
1960
2060
3330
8794
6975
229
8517
1735
1534
199
6523
8237
5008
2719
3059
7272
5151
8293
1891
7916
3726
3366
4191
9559
4232
4416
7820
5716
7870
7086
8844
3447
7967
3928
2532
1418
7002
846
9875
9146
1663
7069
5911
6282
7277
1596
623
8583
8524
4539
5592
3436
9546
1052
3393
4029
3960
5591
4048
516
5522
3378
4922
6846
5361
8040
936
5180
9524
4974
7799
5852
3573
6656
9957
5247
3725
9156
8480
1057
7242
9129
475
5903
2783
728
3380
6079
6077
4103
5627
9811
8900
8302
8517
3526
6525
3297
413
562
8783
702
1819
5061
4316
1428
4478
7257
9585
8494
9440
2661
4628
4203
6528
2909
4344
2450
4861
3981
5800
9512
5789
2543
873
7932
5872
6838
8916
3947
8791
4313
7056
9895
652
6107
6087
6951
181
9739
6887
4754
1419
4646
323
4262
1947
1483
1267
703
6281
3718
2313
3175
5055
2606
5152
4921
850
77
4820
9490
770
7211
1039
6416
9373
1095
7576
9243
7965
4003
672
4896
7154
5367
4771
3139
6520
8784
3122
634
6114
413
2328
9698
8134
417
533
2175
563
9681
2318
1222
1892
3204
2100
3290
2304
1866
2308
3293
8448
3430
2419
26
4211
405
462
9209
3704
9594
750
7357
4269
8257
3841
9298
2526
3471
1567
7716
9684
5725
4473
822
7574
4591
7674
6754
6971
7725
3877
7534
5204
5395
644
2585
6402
7637
8234
7985
2861
6763
2104
494
1878
3414
3317
6530
1755
2844
4262
6121
9462
8390
2830
5155
6627
1135
5952
7434
3275
6889
5728
6114
4218
3160
1415
6249
564
6406
4487
1634
1859
6299
267
6457
90
666
9057
3871
6607
9584
153
9056
9969
4416
7901
8434
5202
6633
6958
7539
4930
2390
3032
3829
5823
2402
6754
5881
1354
1412
1568
5955
8469
3082
6638
1010
9322
8649
8079
4197
5641
1907
5740
256
1261
8386
5851
8589
1705
7969
8008
9719
6807
7019
1435
2828
411
8896
8621
3994
7198
6844
4098
1137
5577
6747
9187
96
9831
8472
9125
2045
1884
3632
8626
8894
4032
681
2652
3598
1151
5905
995
7979
5389
9815
4834
6001
5701
1798
6920
3370
2610
9462
8767
1355
6744
7034
1768
896
773
6569
3571
1694
3323
2517
5861
2036
72
1267
9908
6572
4929
8498
763
6330
5666
3704
6807
6205
7742
2458
1737
795
2157
2218
9644
482
8132
2865
2118
2788
8673
1111
4824
3342
3250
6049
3976
6190
1292
7765
1657
3800
7072
6398
1918
4022
2856
4289
471
3086
8952
9367
9609
5106
306
5813
5753
5055
7962
6296
748
3253
6416
7491
2508
5797
6837
8882
3045
5806
8824
3170
6710
2721
976
1941
7028
1706
6306
2643
3673
1513
5160
7061
7634
5084
3769
2817
1508
1981
4119
3373
7910
8712
5907
2523
5279
3469
5914
9852
7828
3850
9622
8747
8180
4965
270
7637
4779
9714
6814
8759
7077
2428
417
299
7428
8900
1139
6108
7323
4520
4826
9512
2558
116
9915
4900
1663
5952
1865
6486
6107
2266
788
4266
4733
301
4141
6192
9223
6576
2110
4704
9279
1120
5358
3537
900
9031
9454
6700
529
2509
8001
7503
3723
8638
6504
9972
3242
1622
2017
7038
4983
1682
2492
6632
6466
8244
4774
8072
8602
2984
4310
6059
5377
4979
8986
1266
3702
559
9197
8472
328
2130
5632
3342
2209
3568
5514
6359
7520
5545
8753
9488
2091
4333
1253
5996
6464
1133
7424
5100
7672
3825
468
8260
7673
6865
1240
7498
2781
8548
3757
5663
6282
4052
5392
9456
4643
8981
6882
3289
3237
349
3278
9329
5878
2468
5953
4519
3448
2201
3132
1017
3956
899
2582
492
7257
7773
6688
6458
2498
5218
3605
3548
5684
3886
3312
5964
9345
2800
6596
2105
485
5489
4491
781
8261
6054
1104
1848
1039
6543
2311
4993
4191
3780
8345
7988
5222
3469
8247
6190
7055
5348
2502
7766
243
8824
4275
9913
8253
9069
7129
8870
6226
7320
2934
8766
9629
4144
4378
7277
4388
5571
6943
9909
7316
6420
6594
2470
4363
1042
1559
4771
1155
4092
8684
347
4270
5903
6062
2344
2301
4477
3322
2060
6156
9591
8968
4213
3521
4828
7248
6663
4150
6122
3925
7692
8047
923
6689
3332
5920
8673
7937
5146
597
3437
2589
5027
3820
8678
1607
3311
1059
4794
6690
9291
3520
1005
9601
5553
8622
4796
9637
7381
414
2300
7189
9702
9972
2831
3068
8137
7978
7987
5386
596
8831
1710
7409
7147
4666
5763
797
4092
324
7512
3736
7699
8542
9026
4314
535
113
4286
4094
8379
4568
4545
9120
5055
761
8769
1038
12
6779
385
3815
4283
2020
1706
3914
7072
8033
7620
5927
5862
2748
300
182
2318
8182
9239
5669
8134
1204
8749
3077
6986
6045
4246
2680
5841
1887
9825
8496
5303
8654
1662
5846
5095
2922
5886
3422
8904
3020
5704
2177
2307
3585
2515
7134
3001
9726
2746
4830
225
558
8626
5389
1780
2753
2235
8523
7273
4094
8758
6692
7010
4907
3102
321
7608
1583
355
220
9315
8581
8768
2539
7256
8975
4309
7266
1197
3080
5827
5330
2568
4345
7244
4401
4371
2665
3269
9789
7228
3897
8765
4087
58
1239
1250
6114
725
3249
3316
9858
3403
6879
7234
2418
3091
7145
9877
9490
9492
7789
5368
5245
3689
7421
4723
7651
8112
1876
5737
1397
9970
4078
4804
2273
9555
981
8074
7114
1698
9920
7639
6764
4705
2986
5539
2988
5115
5473
4292
320
3450
4950
7430
3178
7042
98
3371
8646
6218
6295
3330
6692
6576
4180
7721
4336
1638
3978
197
9678
541
6316
1200
6776
6441
3684
9419
3488
5635
749
4789
9014
2448
4261
6644
2701
518
1711
3215
9615
1997
901
3565
294
2160
8018
8008
535
565
6098
797
9424
4222
4116
7900
4273
6622
3877
6969
9421
5246
4005
8812
8957
2851
7117
3897
5798
2798
3437
875
2575
5963
376
2937
1286
2062
8197
8048
5251
7771
9491
6823
8880
7267
2921
6092
8108
2849
2657
6199
822
8173
3756
8527
5147
4874
8909
771
3447
4079
9367
9510
2426
7489
2847
8965
6808
9744
4133
9175
2701
3092
976
9685
3066
7122
2911
4404
5699
3954
5057
8021
5438
6612
4231
69
6076
1292
7067
9503
3213
134
8726
8337
1745
6768
3015
6540
7765
4127
5432
1054
8961
5733
6800
2478
6599
635
7867
4976
4395
2080
8716
2351
8732
7795
4869
5146
7863
7857
8397
8975
7022
4106
9012
2901
1813
6703
5278
2834
3869
1870
4642
6929
8957
1493
2399
9390
1003
2019
5641
3191
7476
1390
4785
8606
5927
1460
1774
8723
9002
36
1006
1389
4074
6171
5338
8940
9550
5790
5938
7532
4784
3648
2381
2423
1632
8499
8852
1282
8967
4887
2404
4458
5946
9963
9807
480
3562
2373
1701
3717
2935
8279
2157
6320
2715
8424
6136
2494
7690
4009
8114
9079
7221
9523
1270
7746
3673
5045
4145
8520
81
3846
5944
2474
8459
7043
9880
9044
751
8221
1900
2625
424
9869
6617
940
5895
585
8354
2011
7723
9143
3404
6118
6937
9054
2664
801
4416
9099
4981
4450
4744
7558
8642
2292
8084
4708
5019
7849
1419
1562
4221
6548
9159
1021
4876
9371
7662
2157
3452
5962
7444
8606
5067
2780
9299
7355
7523
7547
4729
800
1781
3706
6324
9668
6528
4865
9422
3238
9438
8157
8232
2076
2825
1167
4168
4262
8424
4393
1990
9684
2181
2924
9828
1136
7058
9709
7671
1419
5530
1034
4060
5135
852
3120
2643
9438
7503
6723
720
5634
6321
1975
5251
1349
1539
5436
7715
6561
412
5124
8954
7900
6521
7572
6613
3604
4816
5146
384
6288
8485
5920
6178
2655
4868
1768
1573
3159
3260
5841
2885
4568
1508
962
2389
5680
4618
1201
6167
8673
156
463
3995
7107
6045
4009
7452
135
6963
2866
1643
4206
4272
2093
9611
4435
4686
8488
2615
710
3351
2147
8886
8000
9047
7994
2819
2202
2938
7418
7256
3492
879
3620
2201
1620
2409
6098
7549
1558
532
1798
8424
4316
9393
5815
946
7496
1095
9517
2617
2379
542
320
8434
5486
6168
5953
5845
255
5787
8681
6064
2093
6238
5724
4252
6499
9565
343
4541
5680
9014
1075
9091
1635
1940
6917
6275
1137
4005
3821
2946
1475
3570
1269
9224
5612
2960
2624
1386
957
250
9052
6905
3461
1220
5484
7531
3073
4389
6837
5083
904
1882
1157
9451
4416
2026
6920
9024
2971
5469
3893
3482
6901
7196
9740
1886
4111
2986
6873
614
7551
1828
6371
3761
5520
9302
8841
8264
1844
8312
9615
7394
718
3234
8576
1279
2657
7184
1050
5810
7832
2590
8124
4218
8562
882
3869
4901
238
5818
7020
2051
6300
5830
5963
3673
8512
8090
4848
7677
269
5259
3865
6266
2924
7088
3437
9896
6262
6881
6541
18
4165
464
4340
8790
4089
9582
2263
3178
8184
7288
9023
3259
5596
9028
790
1359
9140
5218
3999
9232
3071
7413
3888
7531
4431
4849
8254
571
4085
2144
8603
560
1398
1701
2683
5439
4765
3479
261
3913
3134
7993
1624
2983
1667
159
1093
2861
4964
9546
7488
4432
5919
2713
3018
1391
7923
6265
7589
9372
3399
9232
5162
3420
1985
7414
7564
1245
7143
2088
3749
5992
746
239
6967
2950
2500
3820
8690
2072
9333
9037
1606
2335
6268
5545
4745
8034
2633
4311
7400
6069
8958
8884
695
6905
821
4714
4569
4243
8830
2401
8258
2017
1267
7943
4609
8615
2887
465
7676
3745
221
7850
3411
950
4825
3004
5110
1111
4193
401
5667
4682
9204
4941
3310
9753
993
906
9529
4628
5644
4435
7595
236
535
9272
6918
2350
5496
7495
1893
1403
5339
2757
7917
140
1916
8445
822
7609
7055
6542
3728
6106
5527
3094
9655
19
7116
7587
4509
4517
9358
2500
3134
4551
2789
2581
6984
5410
5837
929
820
9884
2893
322
1787
9614
160
6361
1531
3030
4298
466
9182
9020
1065
17
455
6662
654
8960
9876
7920
5220
191
3037
348
6347
2353
1655
3173
742
7796
890
2723
4165
7059
2931
9235
5050
812
2282
139
5880
8360
3413
4898
781
605
6791
7436
8011
8504
275
3582
1853
8199
8909
2179
8944
5705
3622
1465
3822
9474
3246
1100
1284
6694
9004
1208
1380
7630
208
5034
8617
6869
8286
6748
2824
1057
5544
9609
7921
1868
9586
2852
579
1876
3543
9450
6214
2483
6469
5763
2775
888
1467
3649
3191
7513
6626
3232
7717
166
8416
40
4181
6429
5096
7153
338
5579
7405
8537
1389
2705
5098
7267
2105
6034
9384
9641
970
4769
1676
4207
6973
5013
9316
2840
9960
3779
247
2119
6521
2521
5665
8514
9020
3789
8738
8845
1356
8963
1706
1210
2782
6178
1514
6221
2191
595
3565
7654
3139
3439
7505
9909
7888
4670
5975
7240
8498
4515
7329
8145
4291
3217
9931
2124
6910
1798
4156
9492
781
8139
1558
338
8129
8070
4534
7053
3908
8237
7021
1095
6477
9054
5334
3162
6393
9731
4302
4328
7329
2063
7560
2339
8086
6588
8960
2815
9220
6356
877
8464
816
2364
8310
3005
6262
280
7447
5119
3951
5352
9641
8614
6823
9282
9888
561
7886
1094
2186
4855
1749
9068
6838
2495
1892
644
5558
3411
8588
697
6555
9358
7522
2645
9732
5448
8940
8409
9632
8355
9335
1271
8185
1514
9388
6165
8827
8050
242
2160
6689
687
7945
8398
274
5469
3221
9789
3311
2012
4733
2211
9648
214
4017
9676
7107
6043
2177
1168
4395
70
7051
6412
9072
7328
7056
840
3890
8924
1238
758
3272
7228
195
5934
784
4322
2435
2680
4579
6314
490
6306
3014
1044
3431
8316
885
1837
2938
6641
6925
3187
1955
6917
8504
6504
8403
4257
7432
6139
571
1764
4050
5832
102
7344
9138
8654
9408
2918
6949
8947
74
3683
7498
8146
2914
1756
1158
9166
4596
1716
6402
6426
5105
7806
8861
2736
9669
2146
259
7556
9095
4161
1902
6235
3283
393
9575
1929
3795
1582
8040
4879
7847
8668
583
429
8580
8709
9953
2406
8503
7636
207
8575
596
4936
5011
3984
7632
1252
3918
9728
1177
9160
1243
5948
8413
8777
7165
1070
4807
3615
9701
2857
9658
236
1789
3091
7209
5210
5591
2302
7364
7566
2025
8066
4217
3635
7696
6742
249
6635
447
3971
957
9409
1704
4961
173
1883
763
563
4157
3150
7589
6264
3470
6913
4417
4822
9837
9512
2326
6070
4755
9056
6175
8572
8449
650
1262
633
5886
1346
8897
4335
4633
1317
452
8198
8676
5689
9258
5867
3760
6744
3171
91
5189
9283
2373
6530
1569
6646
6919
8059
450
9138
5478
6201
1306
9282
7808
1061
4939
9183
8494
3469
5377
6444
7151
9241
5453
8813
1321
5169
8490
2732
1935
8033
552
1859
4666
3864
7496
3049
6255
4
6464
872
733
9375
1910
8331
4858
6786
2241
9805
5524
7078
8925
9835
6689
1738
832
1649
5508
6115
1754
4558
3803
5746
3601
8295
7761
6728
4298
8240
5062
2894
3732
4163
7350
7739
7973
2415
8066
2682
3782
8062
1205
765
2909
7555
6177
5701
5785
9726
9728
4528
3335
2612
3426
7883
6837
7515
7928
7371
1895
101
1089
9487
8843
8711
9653
6977
7118
5178
2725
5435
4557
7634
2185
1658
1518
9000
1961
1906
5999
2280
6981
7973
9182
2804
1599
4234
5926
7803
1778
7543
8866
783
6675
1470
9093
106
9832
9360
6561
4498
7248
1497
9056
7922
8804
6627
4999
7297
7840
1268
1331
7732
706
1499
8825
7982
4826
241
5098
7390
8709
4598
9437
3709
9299
5067
4325
1294
5978
7851
6413
1155
8441
8895
265
6267
6315
3204
7926
5956
8921
1434
2980
5556
8892
9435
623
6149
2296
9739
7159
3112
6062
9874
2143
7507
7703
4741
9276
6654
1028
8958
3473
9855
7794
1384
8611
6626
3692
2801
2861
7017
6864
6594
9448
2872
9540
4216
4072
3782
3463
8250
371
5775
5127
9739
3597
3342
4995
3962
8494
7879
7655
5697
2367
5938
8758
9942
1142
8845
8509
2987
1656
5930
3811
3843
1379
3351
1010
7396
5648
6197
9079
312
9400
3870
1393
7501
1130
5190
9165
4070
1495
2412
9299
728
6436
364
3325
1251
7546
2557
6102
6979
586
8335
3498
3858
4917
6176
4356
3404
5989
8164
9614
7245
6256
7286
8713
7840
7966
7930
1223
1132
3113
3120
7487
1142
163
3835
9032
1118
174
6111
5564
566
634
8155
277
9041
9297
5521
9445
3726
9369
5909
9780
8755
5932
7557
3370
5929
5174
9357
8059
4716
851
5537
6611
9450
1675
662
9826
9597
4180
263
9409
7468
5457
5243
7521
8181
8385
2206
8570
6850
1351
8574
8001
6944
7119
1344
1707
2658
1237
562
6076
4098
1228
8254
1634
2569
1215
4200
3138
3640
3348
6913
1440
2704
7209
7543
718
6967
273
9770
7501
5652
8535
2952
2497
2992
8910
1744
8912
3016
8685
5175
2378
4864
5928
8718
4280
9687
3031
6983
8365
5981
781
2463
4608
3703
7056
7654
7008
7034
4974
432
6480
7447
7254
1906
5978
7250
5083
4658
648
2680
1878
9630
107
8753
8454
5288
4671
5308
3679
6385
481
1314
7821
2472
4648
7666
5374
3487
1750
3217
3861
2397
5129
2309
7342
6838
6023
4386
8079
7159
1116
1675
6081
3123
7006
4942
692
1552
7108
3055
6075
8797
286
4296
1383
3622
5624
8585
4630
7656
5997
8303
1187
1368
6556
5693
3492
4109
2088
3239
1276
5461
4067
585
1755
8387
6398
4229
3967
1147
6450
972
788
1710
9106
3128
8020
5962
3398
6285
1991
7621
9135
4079
9818
1897
106
4415
5201
9882
4125
7100
3252
9527
666
4730
7401
8652
3935
2015
6384
3194
9827
1049
5081
619
4945
8214
7383
2556
3724
6024
8847
6118
3628
8714
9695
6813
8139
9336
9405
5573
5647
8182
9997
2516
1444
8282
9309
405
7164
831
4764
6725
7892
5458
3244
2530
3947
9313
2108
8309
9293
5116
8632
1227
8302
5294
87
5962
4294
4986
5099
5733
112
4708
421
6415
5598
3512
5465
8360
5358
2113
5249
9199
4223
5745
991
3532
3089
4150
3627
8618
1102
8954
7791
1569
3870
2218
6015
9069
4571
8810
5354
7319
7431
6660
3800
8853
3837
9940
8772
5300
6416
4384
2872
8663
7823
636
7905
9180
8627
4559
8066
5990
5973
7348
9905
6688
1033
5513
8974
3155
2943
9799
6663
9316
1162
4748
8053
9328
3583
41
6612
3629
5747
4329
9192
41
5713
1772
3786
1151
2692
3466
7419
6257
3485
3447
6837
4994
8929
3941
5277
770
5744
9935
5041
6492
4408
6696
1040
8346
1530
5197
9262
2463
2839
5906
6360
3053
630
6592
2876
5335
3047
6768
3755
7531
8729
273
3733
1846
9565
4453
7150
6261
2150
4022
4145
4636
8375
9368
4335
4283
9993
9762
242
9131
8589
2454
6116
4841
7728
5618
3622
4519
8067
3515
258
9841
872
3841
6844
936
7868
5009
9863
3888
421
8230
8027
6836
6470
2416
1683
4757
6269
8499
2213
2338
1739
7328
8253
5264
6588
9504
2103
2134
229
8668
1780
994
4247
3189
2001
6402
42
3446
5433
6278
8383
180
1895
9604
1104
8375
4445
1945
2241
4097
6376
9547
7766
5132
1454
5192
5841
1880
3012
538
1124
8728
7944
2674
1489
8736
5020
7441
441
5249
2678
5864
3782
7176
258
1271
6843
3577
4856
2764
9181
969
858
4594
4934
2424
9497
923
9237
1726
2006
9143
9645
3786
6839
3947
6299
2122
7060
7399
8894
1079
6831
476
6021
4708
5691
6064
5355
1046
4160
7995
424
1884
9106
7948
7360
3380
9175
9948
4652
155
1721
2324
6879
7835
5015
3988
199
3732
6718
385
1850
2548
5028
6576
6305
8279
4095
9583
7308
399
5306
503
3701
7732
7902
830
5156
567
5881
8185
9842
144
9464
8876
56
6604
6700
54
1730
754
268
5081
8935
4186
6981
3521
8437
9493
3104
944
8011
2997
9255
398
2629
2680
4113
5640
1811
6627
608
8038
3041
7770
2614
2678
3165
6108
5929
4128
5652
7520
3828
4675
2526
6400
8541
8920
7123
2764
2392
7805
3163
8874
8303
1850
4766
5370
2431
3604
3876
5004
1760
9352
8821
1440
6799
6060
6938
8786
6472
7914
3271
1624
3416
1873
4075
4130
9484
5545
2919
8261
5103
5378
3333
9686
426
5007
9536
1929
443
740
741
3050
2036
8711
5482
6221
6006
2261
2339
3525
7741
1012
1092
4508
5669
9376
2113
2872
5448
6350
2484
2616
2661
2800
2066
8699
9631
5031
7515
775
4962
5689
1945
2140
8580
8501
2377
4807
846
4604
368
3554
8037
204
3060
9525
1501
3193
6791
1059
9255
7595
472
9135
5297
6172
5702
5145
3153
6856
7703
5577
5599
6018
7589
2788
3778
7252
8216
1462
4957
1316
8935
962
5505
9667
8065
4800
8849
3289
5674
7208
3717
5280
932
144
3459
3089
8553
66
919
3680
2482
8216
5708
6649
5874
7982
3461
2250
7661
5016
6208
3857
6080
6372
7228
9483
1931
8523
7206
1110
7266
9119
6644
8636
4451
7154
9684
3673
6939
8825
6878
133
8666
9209
4977
4200
793
3461
3881
9847
7245
3917
6158
9836
640
1774
8368
4040
85
3447
775
2827
3062
8586
7336
3633
2592
5521
9857
6456
7741
4943
4113
4366
6601
6931
8487
4067
4210
9423
6759
7223
424
3340
340
1676
9951
4516
2117
4771
6319
9517
9472
8701
8999
8138
5442
3976
8770
9457
4512
1840
1184
9005
9778
8180
7275
2580
2540
9081
5296
8877
6794
2731
2967
7456
3622
419
6268
7024
7914
2627
1273
3047
595
8729
5392
6177
1115
1615
8440
6274
7944
1245
7303
584
6821
9217
361
6821
8391
2158
577
4285
6830
7961
7136
6105
5983
1961
3908
5497
7116
3844
1087
3970
2611
9960
1177
6772
5755
7331
5954
2499
8117
1260
1666
2386
358
8649
3522
4672
6395
9738
6982
3074
4791
7051
6478
8935
7320
453
7927
1042
1124
5071
3380
4229
5503
4801
5779
2605
8811
7674
2245
7692
3181
5390
6407
8120
9438
7200
1625
9337
2057
8595
3171
6666
8742
2007
3952
8332
3126
4645
4429
8486
9363
9718
2287
151
5179
3229
4242
6705
7015
6063
4168
9804
181
9856
8893
829
1910
7539
741
8090
1949
4145
9228
9911
5338
5273
2975
2304
3707
4600
1789
3744
8197
477
893
8506
4358
7611
1713
6215
803
4118
2126
3558
1925
5670
127
8181
1014
1891
5126
4294
8069
7732
7824
9189
1165
3453
8161
92
865
7679
976
2897
1479
9622
5984
783
1011
5854
5552
5186
2726
6600
6355
5689
2215
689
2577
6834
4757
6411
2105
9262
4629
1777
2078
482
2832
957
6606
5054
4675
5896
7733
7444
1773
1974
8651
5631
6244
462
8136
8934
7629
8070
22
897
2015
8109
1322
309
258
5925
4937
6579
155
2256
4593
3655
6574
4665
6998
9161
6113
7201
1168
9440
63
3980
6752
8710
9722
4798
3889
5586
459
3380
7480
5187
6264
4748
3884
5078
1239
1342
9004
7389
2224
8578
8500
7476
2434
9852
2295
5130
8234
4610
8230
4776
4004
2568
7647
7304
8592
4210
6732
4076
9190
408
2518
1911
6457
9822
1476
2426
6498
4976
7655
2422
5205
1196
9579
5635
1443
1778
9187
3516
8932
1502
4914
938
3817
6528
8697
4245
3244
2643
2139
5369
2531
9631
3372
1450
5646
190
2166
9385
4061
3648
4101
7564
2837
4138
882
8201
9523
4529
7835
294
7991
4855
8088
4210
1604
3642
9908
9132
7570
5973
3391
1619
8309
8241
2171
3894
7295
7309
3929
4602
1067
7712
222
8023
6960
8216
848
4804
4851
5553
7222
7270
4551
9609
4153
5750
1444
594
33
451
1822
4539
4778
9907
7738
7321
8413
2528
400
5634
7903
8895
5513
2924
8102
2858
1583
7183
4612
6892
5366
2982
1301
7925
9335
6166
8875
8897
129
4208
2630
9380
2946
8010
1770
153
1451
5364
1624
7435
3458
606
6716
4248
8287
7830
9098
522
2688
529
1465
5363
1357
7735
6511
6395
7655
7316
2381
9486
1728
475
8146
972
5009
6067
7437
5106
8780
2503
5798
6981
396
4570
4358
3206
1565
6608
9053
976
8200
4889
272
2759
2753
3279
8630
3223
7713
4098
2315
376
1761
5315
1202
4870
9135
893
2287
3587
7700
8117
3301
8720
5382
5802
923
4198
2223
9586
7714
3712
5028
8727
3116
3129
8398
4427
104
9437
308
6791
381
299
455
894
1583
2703
9383
3262
3090
4684
7804
5692
940
6577
3010
2706
4702
1953
4603
8875
7318
86
7997
110
1513
5993
9247
9237
9873
6085
4936
6658
9975
5810
5232
6208
794
2636
669
4360
8990
311
9229
126
785
7993
2824
2210
6552
9645
2955
6122
1396
7329
5411
5608
2568
1801
5769
2893
1734
7191
4261
2646
432
4306
139
5047
1238
8636
3063
3971
3665
9593
2347
6002
8494
3933
6948
2673
5474
123
3773
9838
5687
2864
8337
6324
1674
7460
3395
4478
131
7663
785
9319
2437
8790
8540
601
413
6640
8001
2131
7465
4413
8225
2696
802
8725
5223
8077
5686
7099
8262
2222
8586
7668
9995
416
6874
7894
5121
3293
5496
7531
6944
1891
6100
6168
3195
4946
7720
7344
228
7693
529
5117
2950
7504
1279
1791
7374
7188
9931
1782
6192
9842
8390
6508
9694
2372
1019
4204
5059
2504
1821
1981
6849
6814
445
3520
5408
1592
7470
8736
9556
7859
502
9399
3727
837
4049
1438
6451
2516
194
2980
537
8486
2856
4105
6701
510
9638
5217
6083
6889
9963
3894
1381
7826
4501
1439
270
2813
3045
6658
556
7933
6680
7348
9221
5690
5655
4565
4599
9081
9644
3733
8297
4898
1295
5456
6295
4581
4574
306
7930
1064
7719
5243
2003
7082
9808
4135
2901
3428
3623
7918
2089
2259
8711
4304
8607
5462
5132
2504
6761
6920
6405
3245
630
7714
6241
6521
1696
8414
994
4146
5403
3238
2624
5685
3617
2615
7818
9900
6087
1401
3224
483
7268
6462
7465
8929
5820
4285
2198
4502
6002
3152
9813
7947
1678
5434
5158
2587
5436
1423
1359
1287
2922
2513
4133
2686
142
1299
3717
868
3963
1500
7255
2710
2281
6929
7432
82
6922
3830
9430
5897
8949
9261
6064
1342
3904
4127
2767
7979
200
9034
3908
5711
3855
4289
1110
3830
8506
4666
3562
4809
9258
5348
9879
1683
2076
4761
213
9323
6352
307
8179
2618
1118
7364
2136
401
1166
8816
9398
4933
9856
8627
2312
7952
1915
6434
723
8721
5154
2167
5484
1032
5866
8419
8810
3207
6871
6743
4387
7035
8811
3212
8346
7863
1958
3373
8246
3899
5305
9181
5903
478
