6874
-1010
-818
9550
-4636
-3069
-6695
-8357
-7717
-1118
3888
7068
-8307
-1319
5080
6613
5822
6763
6854
5007
1489
7855
6933
2698
-2319
-7712
5422
-6110
7271
-3950
-6063
9558
-3831
8398
8097
9008
4057
-5953
1064
7908
9978
6075
-2074
1765
5388
-5139
-5638
1355
4422
7513
4767
5733
8614
-8690
-4750
1606
7998
-7969
8875
84
8982
4830
4820
-2968
8310
4097
8588
-5908
4921
-4900
7161
9675
-3608
-717
-7502
-3074
7514
9928
966
-1887
7688
-7595
9851
7636
9513
-187
-5668
683
5028
-9505
4367
-4640
9897
80
460
-6446
-7367
8372
5577
-4522
5175
-4244
-6511
7651
485
1338
-2302
-8124
7703
3871
-4258
1551
2553
-1199
-5892
-1838
8733
-4302
347
-433
266
9746
1453
-1264
88
-5883
5937
-5170
4682
-9466
-1708
656
2488
1630
5110
-5623
-3883
-440
5224
-4544
-5627
-2384
-2247
8028
1172
5198
-8206
-5000
2881
4678
3418
-2689
-8027
3536
2591
69
9914
-1758
-7299
-2602
-2440
8896
-9588
-1624
8049
-6330
-8388
-7756
2884
7080
-1925
6184
2328
5691
-2341
-8037
3282
-5762
-366
-7643
-148
4474
1839
6978
1690
-2742
765
-3555
-3124
-6294
-3103
-831
-1902
8218
-6289
174
9287
-6393
4187
8009
1761
6725
6829
-6265
1592
-9365
-7068
-5635
-9136
-107
-3171
4460
7220
5868
-3210
-8663
-271
8860
-4179
5880
-9950
9508
-3583
677
-8101
6152
-3813
8019
-7183
6824
5325
1394
-2881
4747
-5483
8813
1065
7926
9185
-3346
8794
7400
-8284
8972
-2886
-5084
-5392
-6334
-2336
-7992
-4063
-988
6544
8108
-3993
-416
3601
-5044
2520
-1134
-9348
-5843
-9631
-2007
-9959
-3727
-4897
-6536
-2750
9505
4439
-3495
-4873
5493
-8969
387
629
-6357
-4661
4296
7403
-1501
1630
312
14
936
7049
-7438
5241
8128
459
-194
4042
6699
7645
5484
588
1710
-3185
-3373
-9058
5330
2417
-8795
-6013
-9713
-8446
-6697
-3678
3689
-905
-4343
-4788
-8631
2813
289
2268
6456
-7132
-427
-5069
-3663
-2472
9686
7465
5711
239
820
-5926
-8797
7517
1534
1023
-1781
-4781
-9243
-8941
-1117
-2491
125
562
3243
3624
1931
-6214
4590
-7663
7145
314
2032
-7673
-4225
4937
8280
6234
2106
8783
-5844
6982
8190
-4914
6672
6330
-5060
-6426
9420
-4815
4028
9805
-3984
-137
1649
5654
227
-6119
-2032
-3664
-5533
5147
-9228
-6489
-2509
8176
8855
3583
60
-2503
421
-4565
169
-6136
-4655
5204
-2655
1732
-8322
3411
5155
-1458
-6932
7748
-3499
-4230
-2899
-3781
-3098
-2116
2013
9566
8831
7181
2429
6819
-5566
7414
3832
-5437
2885
3569
-4939
-5149
-5818
-6534
8409
4462
3311
8153
6836
1346
-5292
2267
-9230
6847
2038
-5654
4208
-1338
6744
-5044
-1360
-158
1457
-9236
4729
-7022
-9508
-2672
-3647
5270
-3870
-5479
-4391
8869
8354
5586
618
2586
-1592
8847
7126
-4941
-8323
4677
-1771
4813
-8216
-7085
8883
-7931
-6541
-8598
5154
-5817
9833
7540
8765
-7104
-5887
7639
-1320
180
-2333
-5385
-9407
-1967
-717
-6602
4406
-6211
7025
-6050
7191
1746
9811
8519
-7813
-1027
-8747
-5732
4231
-9137
-9689
-2386
1555
302
-1877
-7877
-2189
3088
37
8357
1961
-77
-4791
-4153
-2794
4996
208
-7735
870
-4221
-4089
3299
-1617
-152
2911
-2891
3582
-7946
-35
-2712
-8214
8945
-5933
6488
1304
4988
-8207
2645
-8109
-681
1128
8973
-6583
432
-3797
-6885
4584
8227
9947
-9288
9322
3852
2519
-1443
-3727
1547
5588
8043
2182
7286
-5544
3527
-1488
603
-8885
-3064
7551
-6486
-4237
-6731
-4318
3918
-5485
-2085
-7325
-839
-3633
-615
8926
-8201
334
-8007
5428
2073
9848
5276
-9296
2374
-879
4024
1312
-4158
6087
-8733
-7277
7919
8472
8012
133
-7418
2295
-478
5683
644
7095
5635
9200
-8687
3955
7781
-5115
8442
455
5808
1788
-5438
-9594
2975
-1543
7612
3261
9065
3887
6990
-6849
8540
-9562
2825
9707
-5624
-3472
9847
9671
-4746
-2629
8742
-3965
-6504
-6706
4648
8725
3574
-5113
-9343
-5643
-9099
-8603
-1503
9582
9455
9079
-5887
6267
-3265
5141
5018
-7422
5384
9706
-1233
-3781
901
-3376
-9192
-3173
-1142
-8907
7791
-9140
1264
6113
1136
2975
-89
-3502
3544
2884
-6772
-3107
-1520
2830
6334
1592
-5140
-2854
3518
-9140
4258
-2285
-8599
5130
-9327
-7701
6339
-9977
2886
507
3007
-8386
-7707
-4791
3619
6557
4774
-312
4807
662
8124
3139
7290
1862
7145
-2304
5694
-233
8718
4412
-4067
-6363
-1224
-4689
-9059
8585
-5702
2913
-308
7832
-7613
-4843
-6257
-7980
-4053
-1709
-8653
9698
1345
2977
-1837
2624
2291
8944
-8541
-8698
228
-991
1338
8013
-6558
9857
4063
4075
900
1885
9160
6326
7761
8384
8169
301
647
9459
8959
4112
2160
6939
-9287
9788
4578
-4656
-2813
-1184
9593
-8343
9407
-9953
-7379
9251
1772
810
-9946
-9477
8962
-1524
-819
8942
-5823
-5252
-231
7242
-4964
-695
1899
1211
-6309
4800
-1686
-7187
-3618
9469
-1355
-1513
2709
5028
-4262
1909
-4711
9700
-5228
4910
1280
5582
-2595
2299
-4556
3391
9829
-6616
6763
2110
8748
-1030
4527
-4719
-244
-3791
3914
-6940
5761
-2728
3837
-1063
-545
3644
-7274
-9673
-3368
6038
-2494
-8593
50
-8936
2861
2140
2769
-4279
-9437
5107
-7381
-6576
-5
4396
-3009
6905
8164
-3791
-533
3211
3569
-5658
5574
-9227
-3457
9032
-8916
5668
-286
-8218
6921
8774
-8307
-2073
-6515
-9228
6008
8066
6947
6964
9648
1365
-306
569
5316
6277
-7925
6522
782
5893
-8925
7637
1092
3674
557
7214
-3778
713
-1244
309
646
-8592
-9643
-9584
-9433
-6791
-9313
1111
3687
4052
9236
-8868
6761
-4515
2548
-5274
-9345
4872
-6738
105
5394
9926
-7679
-2776
722
-3733
-9833
-3699
-3032
3908
-8137
9215
-4034
-8326
9471
7706
279
-1114
5352
3140
3818
-2071
-6605
-1874
6918
-8394
-4802
2312
5368
6574
8185
6044
-5237
2097
-852
-1627
-9132
-301
-7870
-6617
1087
-1500
-1280
8821
6696
5166
-1690
6338
1569
-7495
6527
-5639
8944
9324
9725
-2481
7516
3268
7881
8758
9664
-3362
9714
-1216
6306
-2598
3016
-19
-8381
9642
-2611
-8058
-93
-5113
220
8589
-3264
-2411
2346
-4602
6801
-8089
2728
70
4216
-881
3915
-6640
9233
-4293
-6741
-249
1065
-6152
9444
-9103
-2726
7695
590
-3092
-938
6420
488
6648
-6983
1406
-3492
2534
-2232
-9683
-1651
2462
-5763
-5262
6016
4950
7853
9632
-2109
-1051
6890
-8461
2432
6240
-1395
5451
-8574
8244
9515
-140
-5616
9696
-7694
-5051
-1428
-9814
-125
-353
-5292
-9112
6405
-9351
-4086
1535
1047
7267
2883
475
-661
6488
-433
8561
-277
4681
7097
-4596
-7998
-1868
8157
-8589
3229
-548
-932
-7257
-2240
9729
-8980
7328
7928
-7312
8670
2205
5989
-3818
4729
1571
-5853
-9899
-9588
9119
750
-637
7549
6085
-624
-4488
3164
-7342
7708
-7996
3552
-6427
381
-820
4089
-492
-4543
-2074
8854
6377
8941
1501
-6180
4738
-8719
-5765
-2674
459
-4885
6090
-7860
3706
8831
3451
-1103
-7677
1264
-623
6577
8868
-9214
5451
333
-3355
6351
-5039
-8701
9856
-1773
546
-4491
1392
-984
-9537
-8712
-6181
280
3864
6596
2562
982
8532
-3419
-13
2221
2310
-5786
1508
-7341
-9751
3893
-5805
5496
3310
7516
-7912
1146
-364
-8575
-3952
2316
6051
8878
7538
4364
7756
1964
9597
9454
8001
-4076
-1091
5493
-5772
8823
-3241
2732
-7907
-6914
-6703
-8352
700
-6310
6550
-3942
9736
7212
-6362
-1923
30
-5180
4321
-3625
3549
7650
9347
-6913
4970
-1071
3839
1827
391
-3570
-9004
-8746
-9529
2884
9809
5685
-1121
9855
-7047
-595
7992
6549
459
7954
-4226
-6610
9003
3669
5208
-3195
2936
734
-4281
9905
5878
5575
5447
9267
4736
4527
3712
-6748
4249
5442
730
3801
-8563
8807
3584
-932
4286
3895
638
9634
-4915
187
6264
-4693
3726
-2330
-1178
4514
-8018
-6915
8850
-398
-6056
-9825
9766
-6587
-5956
8310
-7690
-9513
-5258
980
-7580
-4690
-246
1060
9632
-2555
-2703
-2562
-7943
6676
3792
1399
6627
6924
-291
-3826
6353
-6062
-6956
843
-2187
2364
-1016
3088
-9071
990
514
-1330
308
6277
-7252
3524
-3067
7363
4903
-1743
8268
6184
-1614
8838
-7369
-1859
4636
-8018
-3665
-792
9778
-302
4963
-778
8422
1107
2310
-2877
4886
9461
9523
-6511
-1131
-9533
-7806
-1398
-8033
1267
-169
6690
6366
1484
7821
1495
-5850
-8695
-5642
5728
-8723
8916
-8306
4622
-4529
81
-2844
7997
5558
2716
447
-2154
7203
7344
-1189
7438
-2027
8704
-1866
-8116
-8097
-4096
2784
9054
7344
-7516
-3754
-1814
5820
-361
-2804
9558
1958
8779
3994
9373
-3825
1753
6351
4084
6424
-8914
1994
-3805
-3888
-8030
-5624
9771
-531
8211
-4874
-5509
1429
9522
4083
-118
6555
4746
-335
4520
-4909
-5705
-9937
8144
-7634
-1799
1787
-6912
-4867
-7233
-7163
-4848
-6298
-4622
-5181
-7990
-1773
441
-8841
-8690
-8979
-6993
6271
-497
-7606
-6339
7395
3791
-9365
-3449
6736
6304
-4738
7060
-8501
-2726
1130
7604
-6281
9004
-8438
8398
-8747
3922
264
6590
2247
-4469
5837
1519
5647
4940
2430
1495
-2350
1218
-9277
-8186
7837
-527
-9373
5450
-7256
3875
8119
-6127
2096
5003
6370
5536
4652
9849
3624
-5810
-8022
-7178
-6977
-3869
-9379
6156
-6835
-7424
2435
-1994
-5295
8832
231
-6233
9173
-9716
1641
-1154
497
5923
-6597
-7859
1701
6493
6273
-5893
2629
-2133
1486
213
-1927
-9553
5329
604
-2426
-9580
-6591
4272
2573
9402
-7951
3939
-6073
215
-1726
-859
3393
5620
-170
-9058
3722
-4975
7874
-6595
-1911
-6869
6114
-9045
8671
7010
-7739
-7851
-1652
-8032
9015
9274
-9359
-8775
4536
-6279
-2942
9110
6060
494
2622
5129
4336
2777
-594
-2
2822
156
-8338
-1297
9473
6010
-269
8454
-692
-4927
-6082
1675
7038
8818
7178
-2904
3168
-2481
8803
-9399
-3343
7870
-882
334
7711
9647
-4520
2377
1559
-6020
883
8942
-8255
-1508
-7326
273
-4595
3227
4097
7567
845
-4220
3335
4060
-904
-7527
-2108
-2200
1792
-9901
-6683
1668
-6809
-7524
-9948
-8092
-2380
7702
-3766
3539
-5303
4643
3659
-7550
-4414
12
9840
8537
-656
8072
1521
-4148
-1176
5264
8480
-4158
-7733
4319
-5763
7201
-1381
-7114
-2532
-4174
6920
4364
-8970
3703
-3469
-4650
-6859
3488
4686
4962
-9060
-9420
-2203
7013
-8478
-4177
5195
-3226
-1390
-4186
8516
-659
4762
-7711
2424
6108
-5123
-5020
-8216
-2042
1297
95
-7411
-7882
-4083
-4329
-9164
2940
-9148
3747
-723
4979
-1846
5461
3330
-9431
-4082
-6369
-5873
773
-1801
-7835
4797
-4779
2160
2074
-8206
2522
-1617
-7536
3228
-9031
-3355
-9635
-5528
8657
-3125
8405
1673
6548
5386
7225
5679
-4386
-2249
174
9872
498
-9075
-8494
4548
-490
-8886
1238
7335
-6052
-8125
-898
2089
-6723
3320
5309
719
9601
1771
5489
-3838
9564
-2407
6560
-9327
-2905
7142
1012
5789
-3137
-4083
9659
-2204
6301
-5049
6963
716
-9396
-4972
-6359
117
-9440
1481
1885
2489
3837
-6481
-8529
5987
7215
-5765
3456
2711
1599
4867
-4770
-3401
-981
7335
3992
4826
-4682
3109
7915
-8752
-4671
4625
5960
-5878
-280
-8411
-5172
5323
6791
9201
8989
9302
-2271
2723
3057
-1099
-2322
-5842
9820
-6100
5095
-2131
-209
661
-1548
-3672
1051
9816
-2482
-4668
-4938
-1819
397
-1235
2650
-4179
776
6694
2347
2325
-9231
-2274
1888
-8118
5385
-791
8477
442
-6150
-3602
-5227
-5740
7593
5625
2044
-7852
-7207
-9340
-3420
-6182
5964
-6407
4059
926
-7629
4539
-2521
-7515
6456
3980
3435
9809
-2667
7191
1487
-5279
9222
-9289
-7426
4583
-9903
-7460
7398
-3203
5949
7224
652
5606
-1257
-8905
-7368
-4975
3010
-6680
6461
6783
-9544
8169
-1418
3361
-9501
7841
-3523
-7393
9062
9770
-6252
7474
9820
-7439
5360
1918
-1875
-7125
8492
6216
1473
9833
-9510
5552
-6400
431
-4974
6967
-9880
-7938
-692
546
6386
-6209
-1221
3901
-9289
-2831
8859
-4221
9198
-2152
-2939
-5871
2229
9793
-915
-1985
-7094
-8887
-8788
2657
-75
6620
-488
2172
3634
6969
-8131
-1962
3238
8292
3867
-9320
-2684
6667
2385
1967
-9469
6285
6152
5001
5200
4251
-8884
-7109
7193
9434
-5848
-485
-8649
-9624
5803
9844
8246
8667
-412
8346
5157
3466
9232
950
-9927
4881
7951
-9467
-8162
-8046
1711
-8184
5693
-41
-3532
-2002
-3875
-1789
-1920
-7838
-3715
-863
1077
8985
-5177
3464
1235
8294
-7240
-3322
-9023
-4951
-7825
9831
-9162
2138
1517
-5717
-2447
7053
3709
7496
1316
9784
5991
-103
9775
3983
-2001
-3303
83
2697
-2320
6971
-4155
-7579
-3970
3295
-463
5875
8031
-6225
2647
1648
-2306
250
-2144
3181
-8776
3822
4679
-9225
-9711
-6304
-5575
8757
-2527
4552
-4604
6221
8010
9484
-4550
1913
-6295
986
9840
2361
1543
1003
1330
-6854
-8870
2757
-7552
9184
-9633
1127
7275
-5062
-5034
7194
1604
1821
2969
-8647
3248
937
2052
-3940
-861
1236
-6425
3100
-1813
1297
-699
2281
-80
-602
-9514
4299
-9051
7331
1102
6660
6740
-1164
-4230
9020
354
7321
-6202
-1648
3153
60
6367
4816
7194
342
-4084
-9373
729
3926
4974
-6177
1242
7861
1531
-805
-5730
4101
6504
3240
-7181
1052
7615
7441
-207
-4973
-2989
268
726
-4852
6123
-5513
2746
-3697
4183
-1118
-8252
-7559
-5160
3920
8501
3820
7798
0
-4657
-7115
8580
8935
-2146
3508
-7819
-2080
-8270
1214
-2691
-1961
3293
-7196
-4807
8423
8951
2599
7071
9633
-1380
-2337
-992
-670
2461
681
2675
5270
-6872
-337
7967
300
1469
-7331
-7313
-3703
24
799
-7825
3562
-5504
3753
9803
-1987
4732
-7584
4833
-2913
6152
-2927
-5861
5479
-3540
1765
4699
5908
811
-4369
-8066
5922
-8260
6358
-6352
-8794
-4408
5418
9633
1064
-3609
6585
-2863
7628
-9505
4353
-8985
-9795
1407
-4061
4623
4658
2442
7553
-6182
-4785
-4357
8536
6278
7277
859
-1241
2340
-4309
-6033
-4482
7234
248
-3280
-4948
-2430
-2142
-2963
3896
-1531
2239
2227
-2835
-1679
1578
-3246
174
-7918
-6649
9666
-1770
1810
-3736
1701
3843
1205
4854
-1458
6750
2943
9914
2451
-7446
5193
-8822
-9743
850
1119
8663
1758
-7277
-9211
-2592
-2707
8976
-7077
-5600
7898
9091
7657
6532
2172
9864
-9150
1090
8346
-1301
8658
2274
-6091
9075
4333
-8692
-2430
4989
5665
-5482
-4099
8788
4531
809
5569
-1883
7079
-9724
2960
-9863
4496
-8330
-8864
4020
5048
8132
-9650
198
-5501
6661
-4661
9332
-4522
7611
-4277
7585
924
-7501
1124
5333
-2751
-4304
-9345
3374
-1842
-8683
-5169
-619
5021
-3988
-7946
4330
5210
6047
6785
-4255
-742
6032
7334
-4438
8154
8401
-4068
4152
8419
-7960
-5477
8317
1572
-7626
-6046
9007
-8520
-4432
6566
6503
1148
2360
-5725
-4979
1375
4079
-1206
-3027
1700
-7052
1202
-4071
-9027
-4976
2113
5660
7200
5714
3742
262
2511
-8229
9659
-498
738
2816
1429
8492
9187
-8493
-6222
8086
-2800
-9716
-3996
-8967
960
-7576
7792
-2710
-1340
6536
-5751
9973
2174
-4815
5957
-7920
-8231
1606
8627
4204
-5496
9387
-3326
2753
3282
-8412
-9366
-5248
-2921
-321
-1642
1380
2020
-2016
-420
-9027
-8689
-1
8675
-3344
-6300
-2719
-6853
7344
-430
-2841
-5541
2816
-2760
-7295
7084
-3666
7424
19
9894
-4173
-4504
9587
5345
6141
-6385
5844
8407
-338
9966
-3083
-7668
-5230
-1965
-2142
-5402
-3513
-5867
-8580
2205
4116
-8472
5927
-2066
6036
-1509
-968
-4434
2298
-5431
9176
9739
2753
-5785
4801
-4185
3054
9168
-776
-369
-6968
1038
-2873
-3940
-6493
728
-8338
1788
471
1155
-4518
75
1657
2692
-3377
-2150
-6793
5359
4918
-3935
2272
9355
-3327
-3668
7009
-4899
8933
2760
8882
-3507
5537
-2643
-5935
3246
8720
-9795
-5306
-5358
-4602
390
8904
-7818
3834
5053
-2430
-6094
5589
6648
-9005
-4292
-7588
-4682
-2740
-4326
-2602
-5559
4386
1497
2903
7194
7553
-5087
1961
-200
1552
4376
5284
-6473
-387
4462
-791
8035
-2809
-1238
7530
-4616
6805
-9743
6222
-1673
787
466
9777
-3033
-9945
593
7130
2658
6977
9512
6974
9802
-4590
5149
1131
-3791
-9501
-5027
6763
-7209
3888
-809
-4516
-2527
5315
-3034
6117
2654
3298
-2626
9765
4705
-4663
-6639
-984
8487
1890
2565
-5543
1091
-912
2235
3868
2217
7107
6115
9429
6184
-6440
-5324
-1664
-7418
-9208
-6620
5138
-7392
1189
36
6731
-646
1824
9752
-7698
-3904
-8320
-5240
-9780
6616
6877
-2811
-7988
-5468
6998
-7285
-6784
3536
-9916
-7779
-4340
-5594
5309
5814
-7688
7822
-296
-3014
-6346
5563
4032
-1011
-7424
-1061
9504
-4278
-500
-333
-5380
-6786
-2556
-9482
-3139
-921
9916
-2880
6499
-3969
-4649
3452
-2286
-7354
8627
9994
-3657
4222
-4380
8513
6284
8980
5157
4923
9126
-7515
-1735
-4027
-8638
-4428
1538
-102
-6603
1455
1216
4658
-6596
594
-3458
-3643
9393
9089
-7319
7773
-3069
-5679
-4225
7873
2161
885
6481
9317
-2831
6293
1792
-2307
2327
-1873
-9814
6926
-7125
8118
-9134
8340
7637
-9822
6817
8554
4881
6991
-2825
3994
-8394
7853
-875
299
4350
-3582
-7831
1376
-9430
-7672
1207
3927
-8811
8230
9085
3153
8134
5341
-9188
4309
-5403
6311
-159
-8392
-1946
-4781
-1928
-5025
7342
6007
8035
-7286
6169
2259
-8632
5678
-4322
-1991
-1581
-7542
4281
8885
-4801
1467
1981
9393
-9154
6944
6058
8866
-815
4284
3665
-8674
-7560
4343
9074
-3177
7487
-3509
-3304
9233
-7550
-9958
5046
5605
-1662
6027
661
-1034
-3406
-4247
7418
-8025
1647
5219
3529
4888
-4438
699
5693
-8641
1725
-7676
-2182
-4364
8771
1213
-1088
-4376
-2450
-7032
7562
-4583
-4562
845
370
-3553
6699
-7523
9915
5996
-7769
4143
9657
-6427
8806
-6524
4895
5211
-1292
3239
-825
6342
-7821
6961
6249
2691
4504
3201
3956
-1092
7614
-9875
-5798
-7839
5187
-2230
5138
5550
2908
3398
-8649
615
1313
-3757
-6685
-8883
8471
-8734
-639
-5912
850
-4190
-3700
727
8719
2246
-3003
-9646
6458
2882
-2733
-1935
-9069
-5563
-5474
1378
-1501
-9640
4143
7583
-9908
-325
1235
1562
-3156
-821
-3704
2396
2488
-5516
-2712
-5394
4399
-5592
-3323
-5755
3908
-6586
-7879
5473
-9080
-2052
-3835
3975
5039
-5400
3532
7648
3653
-8895
6024
-3847
1296
6042
-7965
-6824
-624
-6991
7139
-5595
5258
2414
3013
4317
445
-6571
9089
-4721
6752
4806
2933
5961
-5652
9413
-7553
5145
-181
6750
-4616
5347
4258
-5651
9134
-7767
1999
6403
-8223
-5022
-3594
8389
-438
5867
-8457
1488
-9722
-5436
7546
-9725
244
-2220
-8307
-8839
-4213
8389
3484
-6037
4274
-3078
-2957
-7076
6816
-2680
-70
-4086
561
-2904
-6413
4384
-2122
-9841
4168
-2761
-6758
-4350
3768
4378
5822
1698
2752
-500
7916
2470
536
2263
-9968
4510
-5651
5550
-6273
9352
-7705
6325
5288
7287
9350
-9666
6587
-906
8445
-9743
5248
5839
1973
5212
690
-5692
8149
2334
2744
7893
7406
1023
7832
8024
1653
-3448
1944
-2902
6685
9000
-4577
-8397
7699
-9162
-3014
-6848
-5822
-4258
-6342
1097
8783
3319
4740
-7202
-7073
8508
-338
265
-1477
-9972
5031
1165
-6221
-6110
4674
-1669
-4461
4321
8208
-5996
-9453
8632
7463
6346
1438
2527
-7124
3608
-3041
-1605
8208
-8299
-6766
4550
-7043
-9074
7473
-4837
-2004
-2514
-7182
5006
4428
-8729
-3455
-5597
-1251
960
9418
2093
6265
-6063
-3015
-8902
5761
-5164
-7798
-5378
-4840
59
-6401
-8679
9350
-3142
2833
-9491
9498
5344
-8246
-5059
-7570
-232
313
4681
-8247
9071
6263
3367
-9870
-3911
-870
3813
-6108
-8992
-5964
-8362
4573
4737
-2687
3960
7053
-302
5825
5665
3093
-6661
-777
1345
7849
2461
9641
-2602
-9294
4922
-189
4058
-5289
1287
-3018
-1004
4146
-1028
4779
1934
-4574
-9178
2809
5847
1240
7717
9122
-4275
7908
6740
-1496
5956
5765
-2827
7307
-4799
-474
-1950
9045
5300
-253
-7696
-8218
3556
-5708
2025
-3043
-4483
-7867
6027
140
1164
1987
-5344
-5766
-3267
-8305
4616
-9739
2463
6580
-756
-852
6086
-9789
9600
-4902
-264
6264
9109
4398
825
-7568
-7512
-7563
-3902
7698
4511
8193
-9479
5651
2441
58
-8025
9966
-8990
6939
-3616
6335
-6243
-6982
7765
8177
2227
1740
-6646
1593
7173
5845
8351
134
7647
2631
-8124
3
2018
-70
-5432
-6389
5009
-3503
7683
2190
8074
9320
-9518
-900
8578
3747
-3641
6444
1655
-4959
-3502
6508
-1657
-4932
6500
9080
7407
-9291
-8861
669
4789
-9767
-6970
-2930
6305
5698
-6550
8401
8523
-7204
-1748
-1039
-2948
4498
-2508
-1138
5844
-810
2788
3500
9960
-21
-6619
-7282
9001
1189
4674
5561
-7462
2148
-5462
-411
8336
-7346
3230
-8678
-5397
7161
5636
6394
1017
-5004
-2241
-1996
7314
-8543
-7636
2241
-3407
7107
-5159
-5316
2777
4030
7626
6869
-9572
378
-1786
2866
-9419
-1097
3436
-5863
978
-7116
6508
-2016
4808
8959
-809
-2066
-8233
-8376
9808
-7524
-9729
6582
284
5671
-4043
-2311
-9696
1642
6874
-8483
9607
7924
-5110
3078
-7070
-9223
6324
8801
-4341
5962
-8865
1981
-8379
-1833
2216
-6007
5536
973
3127
-4102
8666
4072
4532
-133
9254
-6838
8311
-683
9415
-375
2528
4439
7498
6472
2504
-7973
6006
-2785
-8705
4057
-2958
5460
5707
-7427
-7757
4399
9451
9144
576
6649
-8733
-1980
8319
-8523
548
-1216
7226
-7461
-9907
-7073
-3787
5933
-5162
-9978
-4362
-7543
-1754
-9448
-5374
-4961
-8963
-7017
9320
-8950
-8113
-5686
6615
5011
5347
-938
-2536
8452
1870
3350
-2589
9103
-7778
7746
6913
-8292
5113
-4100
-2858
-8821
-5349
-470
-7175
9228
1587
6550
2924
-7645
5808
2088
-5916
-514
-1357
-9859
6790
6666
5948
-5291
3792
-4623
1257
-1824
4182
4560
-6779
-1924
5419
7747
-8135
-9261
-2271
4868
-2324
3002
4332
5324
-2039
-6209
8489
6037
-1945
3767
-9844
8421
-5929
-5734
8917
5429
-8009
-9113
-1151
1550
5050
-4572
6062
-1260
3383
1191
8659
-39
9019
-2648
989
-4175
-4752
-5255
9291
4086
-6109
-5268
996
-6602
-6764
9285
5517
-9085
-5849
5615
113
-9203
5422
-6901
3600
-8275
-2557
212
9701
3358
2082
2467
-4999
6759
-6720
-7983
7824
5336
7135
-2930
-9664
-3869
3998
7405
-6432
1052
6821
4120
934
9342
-2794
9687
9313
-1419
3270
2072
-1443
-6820
5593
-4161
-1878
-1356
-3078
6115
2540
-4071
6366
-1937
6373
-3316
4992
-5439
7864
-2479
-5277
-6561
2737
-10
4267
9320
-2364
-4
3858
6924
-4150
9106
3066
-9272
-4341
2413
3222
5424
8464
-2343
1976
-5132
-9426
-9037
-297
-216
4347
9462
-6903
-600
-890
3369
-5120
-9900
-3633
4766
-383
926
6595
3822
-4394
-6187
-3692
-8571
-8576
-7381
-4850
15
209
107
9006
-60
-1092
-3365
351
-1865
-4924
-2631
8010
-1350
5450
-1475
6636
3218
6408
8282
8186
1538
9334
-429
-2121
2877
-6623
-6126
-2474
-8052
7447
-8100
5715
1649
6375
7947
8748
-4784
3862
-6913
5034
8409
4440
773
-1276
5146
346
-8739
9241
-4386
-8165
-3860
6800
-8166
-9689
6620
-9613
2933
-299
357
-4385
-1362
-2276
-8609
3443
-3864
-1972
2755
-5747
-2837
4679
2418
-7445
-8078
4021
306
-6337
-5212
-9770
-2319
2416
3174
-3940
3195
3090
7138
1606
3123
-7660
2662
3220
-6575
-3827
3281
3266
4190
-978
-255
-7436
-8575
3723
6461
-4273
-7106
4359
6759
9389
-825
-3931
4165
3221
-5599
1530
7149
-5897
6744
7010
-3498
315
1538
9426
5929
5649
-2996
-5715
-7900
-164
-8902
13
-4773
-3184
11
-9050
-2275
-1068
1853
8508
8262
5725
-9251
-4470
7876
-12
-4887
-8851
3657
7
8496
-7614
-6844
-2005
-5579
242
-3730
6986
-1545
-7357
9737
7930
4831
2629
-87
-5500
8839
-2358
-4799
4428
-3112
8362
8328
-1722
-3326
-5418
4887
42
-6423
-3095
-5304
-92
2093
-1821
-8967
-2491
7217
-1637
1089
-9678
-1133
-4710
-4589
-1570
4222
784
4231
8508
9583
5555
-7380
-1573
-5423
-3215
-6873
1290
-9181
3883
-9382
3547
8377
-3809
3519
-6432
-1320
8592
1819
-7724
3780
-9514
9087
3584
9491
5897
-7763
4546
3043
5575
3470
1677
2147
5500
4197
-1766
6156
2857
-7421
9732
-1989
4030
3508
-9446
712
-2477
8796
-2742
-4097
-5019
203
4860
9670
-3231
-2598
-4568
8499
7005
9945
-7319
2749
-3583
3128
-1876
8967
-436
-3424
3999
3329
-7113
-5359
-8575
6158
4203
8582
-3085
-1861
5827
225
-9857
-3834
118
-1672
-5164
1196
-4441
-6347
-1606
-7625
-2200
-6387
4901
2704
-2833
-7161
1505
6367
-6199
3891
356
-6429
9364
-7526
-6125
3893
8230
8072
6126
-3680
7784
3621
-3602
5046
-684
-5584
1023
-2702
-7596
-1706
-8735
1946
-4704
7363
7372
-604
-8939
-6023
9490
-5871
-9335
1547
-6672
-8246
-3294
5909
-7732
-7772
6878
-4430
-3767
-2376
5684
-8068
-7426
6204
-2692
-4289
7594
-2137
4268
-8116
5029
-969
-7072
2486
-4803
-7202
-9977
2462
-8157
-8323
5332
5958
-1811
327
-2898
-4085
1406
4138
-5581
5965
3140
-5052
8882
-6126
-3637
8880
-9513
9606
-2108
-2874
2460
4737
829
9807
8999
2706
-1389
7972
1530
-4154
-4733
359
9269
9114
-6021
5208
6231
9746
6440
-8449
-9579
6974
5855
-8916
1420
-5749
-5410
9865
-1924
5663
-9864
6783
744
-9461
4918
-6500
-5327
-8567
-2038
-8410
9726
-3613
-7641
2370
-4627
-1511
-3638
3368
-1217
-8588
-4869
622
9286
-7199
-7786
-4465
9441
-4678
9016
3125
-8670
2357
-8544
6468
-3625
3402
4434
-2717
4081
-5110
-6722
2423
-8948
-5272
-698
-5832
7340
9953
-4423
-9830
8863
-333
7122
2241
7946
-4264
-5138
246
1829
3872
-2967
-5887
-4929
2136
-5698
-2330
-3381
-1746
-6220
1040
9191
3658
2764
6421
-7376
6473
-80
4467
5313
7642
-9981
7693
4360
4800
-6020
-1084
204
-7390
-2149
5082
391
-5215
-6619
-7724
-6449
-9552
6568
-6508
-491
6685
6415
1910
1657
7454
-2217
2595
5098
8179
-9813
3576
9048
-4379
7093
-6977
6185
-5562
-6437
-4319
-1798
6342
5345
-7012
-9758
-9493
2249
9833
-2699
7260
-4046
1824
7446
993
9252
-7229
1583
5440
-53
-1803
3997
-1994
9357
-3023
-685
7697
-1832
-1450
-855
-5389
7432
-9138
2060
1404
8944
5590
8870
-8064
3809
-2457
-3917
-3240
9178
-9005
-8095
9110
-3931
-5482
-5653
-1162
-8271
-1672
-3722
-5540
1516
-8806
-9897
-7843
-634
-8264
-9702
4031
-1396
2941
4684
-1068
9992
9265
6998
-3399
-4217
-6118
4424
-7809
8732
7895
-3656
-9539
409
-2957
9167
3743
-5653
6569
6335
8113
-6413
-4110
-9387
-8799
7306
-419
-7190
-7220
-117
9186
-7357
4871
8843
-3520
-4803
2252
-1710
6374
9994
4009
4384
9434
-5570
-4449
94
3644
-9947
4451
-589
-9628
-2771
9573
41
-2032
-3311
3558
7200
-1243
-3952
-3975
-2886
1542
9806
3939
-5881
6664
8559
-8096
1733
6037
-74
8600
-9881
1093
2442
-7776
-3628
-4084
5434
-358
-4677
-7950
-4492
-2658
8088
-9579
3246
2941
712
-5120
2517
-7042
-6062
8985
842
-341
-9067
-2092
-7039
-3691
9740
-167
7575
-1799
2898
-6227
-2896
-5786
303
-16
-6281
-8922
3542
6891
2014
-8153
7372
7084
-1670
-6121
-3757
482
4188
-5137
255
-2949
-1584
6787
8588
5468
6220
2434
3439
6031
-7285
-1759
3657
-3781
-4889
-4819
9062
-3893
-9969
5044
-2159
-9324
4849
8818
3062
2520
5908
-2213
-6479
6695
2792
-8716
1184
3444
2223
3188
-3683
1803
1167
-4902
5164
4570
7120
9679
-5670
9127
3539
353
5524
-3439
9721
1292
-4848
-5328
-5318
1031
-9191
-519
-6163
9021
-8348
-3581
2564
-6518
5503
880
4119
5024
-3586
6841
-923
6315
-4022
-5954
9358
-5549
9832
-3907
8416
-7532
-8882
4198
414
2717
-8737
-1643
5143
6252
4138
8915
3967
4379
-1668
2734
-8317
8162
-1799
3791
-2261
6103
-3490
-6579
-6216
351
3228
53
6944
4903
-5489
8025
3852
9877
3018
-5352
3414
-5720
-4044
2978
8650
-8618
7382
-3443
1292
-5414
5348
-6035
-4774
9177
2098
-8544
-6814
5446
7590
-2940
332
4693
6773
4504
1309
7719
-4973
-7247
9195
-2737
-5165
-1557
4561
3204
2542
6709
-6938
-8526
2612
8744
3031
3291
-6011
-8781
-5166
-8191
5437
-3758
-3722
4296
4356
7806
-4100
3625
-1497
-9184
1357
-2033
-4124
-5151
-3985
1459
9544
-3746
-8849
8527
-9890
5214
7045
7296
7767
2624
6158
-4884
-9314
7109
9660
539
-158
-8600
9185
476
6136
9056
2151
410
-2725
-6100
207
-6521
2106
-5644
-3434
-714
473
-4194
-6672
-2809
8293
5998
1901
4374
-3917
3951
1870
1238
7897
1
751
4495
-9007
-7231
1324
-2275
-8240
2012
-1620
-1755
-1232
7198
1859
7178
-5419
-4992
547
-9955
3818
-5718
306
5686
8671
-1250
-9638
5235
-1509
-58
5930
4091
9494
-4358
8531
596
-8710
-3978
8989
1725
7468
1463
-9665
-8264
8290
5031
5640
-4130
-5352
8266
-7866
-6200
-6109
-411
-3630
3385
7029
7244
4231
-6796
9290
-5093
-5550
-5353
4145
2697
-8561
841
-1900
1659
-7625
2112
6682
-4831
-8736
-6095
-3762
-5749
-8037
1112
-8274
6390
646
3429
5311
-9810
-1462
1939
9655
2370
-878
-2771
155
3712
-3358
-4188
-9663
5679
-6081
441
2625
-8053
9814
-4082
-577
-5751
5625
-8455
-9942
-418
5907
-9976
-7828
-9641
6074
9830
-7411
-1597
-5164
-6536
3885
2575
-120
2887
-2686
6834
-4078
-512
-5719
6755
-2616
3563
-3356
-7443
3688
-6524
532
-6777
-702
-328
210
-6745
-4062
2663
-9600
6792
6013
-5296
511
-1356
-4793
338
2623
-5042
2547
-6995
-3632
-9366
-1979
5489
5269
-5903
6612
8225
-1646
-7147
-6702
8940
2199
9292
-2281
-9925
6894
-8882
8794
8093
4996
670
-1690
492
1045
7779
-5714
-7900
5310
5346
8464
6330
-2506
-5078
-1417
-4808
-8268
2142
-1226
4171
472
2165
6358
4476
5572
-8556
6707
567
6369
4674
1029
-1229
-4449
4787
-112
-6277
-7292
-6772
5215
-2339
8703
6631
5036
-6914
2689
8044
-3763
9939
-9487
5276
6913
-281
1018
-66
3690
-645
4665
-7572
-6688
9618
1692
-3553
3823
-9429
-4978
-503
-9282
1526
92
-1432
6464
-3007
-4719
567
-7538
1325
-9834
-5387
8297
7351
6856
6578
2108
-4843
-5786
5928
-4294
8893
7039
911
-4617
7749
6307
-3227
-3118
2746
-8158
5240
-8191
-7658
5615
-9420
-2580
1369
-9634
4248
6844
-1442
4586
5220
672
5684
-7240
-5837
6802
369
-6702
3395
-8422
9193
3229
-764
4174
-7713
-4434
-6039
2177
1241
-449
-1975
9515
2653
8550
4479
-7236
3088
6167
8377
-3095
5519
4341
7214
6691
5593
-5776
-1562
4487
-6014
6395
-3487
-9783
-9611
785
7046
-7821
4850
-7929
-2375
1520
6643
-8410
1022
-5686
6410
-3613
-7247
5490
8215
8486
-6441
1877
-2788
-427
8812
-2152
5446
8636
803
-1714
-9215
-9139
-8454
9071
-1892
-2992
8196
-6972
8594
2068
5916
5557
-9592
8287
4301
2850
-5864
6135
3655
-5267
-4664
-3731
2580
-3567
4806
189
-2353
2728
6525
-8613
4392
-6762
7288
-4915
1911
2938
3368
-1618
3578
-4179
-5074
9477
-9777
-4144
-3191
-750
-3709
-8337
9777
-7173
9212
-6296
-7776
6392
3946
8514
9574
6763
3246
-9742
-7311
-254
-3710
3149
2303
3013
2445
-3900
790
5847
-6257
-7409
3887
-8244
-6302
4144
1302
9981
9094
1818
6198
-5983
7622
6031
-3858
-5594
8751
-3158
-5591
-4394
2165
3730
-6095
9781
7534
-5065
2057
-7833
-7539
-2414
2247
3361
9009
7406
-1305
-9413
-1645
-9724
5408
7517
1601
3708
-2789
9161
7405
8251
8368
7909
986
-1756
8864
5294
-5245
-9782
-9534
-1566
-7497
-5022
2541
-6784
-6560
2149
3717
-4522
-2643
-8099
9502
7810
-4192
1188
-3405
-4010
1015
1969
-9742
-928
-7220
-9697
1235
6508
3280
-8654
9422
-9075
-9175
5411
2970
2547
2334
9845
-9665
2995
40
9035
-7990
8918
-6242
-6956
9053
8454
-3289
-7455
4140
-6917
-503
-5732
8547
1937
4223
6188
-3949
635
-3701
1175
-5293
-2178
-2900
-5439
3197
9385
-1386
2731
-1525
-5452
7955
9200
2315
-4604
-465
16
569
-9849
9730
2583
6830
-7023
5233
-2364
-4722
6709
-9687
-6688
15
6316
-9688
5802
4021
-7596
-18
4988
-3868
4047
-7747
1370
9578
-7951
-1496
1067
9278
-6154
-1622
-3752
5777
-4337
-4120
-1378
2774
9728
-3962
1753
6294
3012
-8504
5114
9793
-9857
-2885
-8969
2258
-476
8728
-8191
-7665
-1494
-2893
9369
-9671
9154
8730
737
-3014
-310
7879
8159
6028
490
-3898
-1439
-6436
7857
-968
5479
9208
-69
3928
5678
-4832
4527
-2649
1689
5746
-417
-4037
9414
1142
9589
-8327
-5144
-1741
-134
-4458
-666
-4112
795
9186
990
-8723
-7893
-5412
-2680
-6865
-5329
261
3096
2786
-2847
-6859
-3254
-1422
-2493
6203
5491
-3711
1687
1156
-6215
5182
-1115
-1323
8244
1342
-1192
4184
-7583
-7527
-702
7845
-2143
9831
2999
-6697
3168
8111
-8787
-9087
-7594
-3438
6839
-4731
3878
-6362
8022
7354
1216
7937
6611
-8628
-9037
6944
367
-8385
8982
-7003
9766
5767
-1539
-8494
3387
2041
-2357
5827
-1223
-3964
-1877
7619
126
855
-5085
-5735
1235
8640
2156
6766
-4123
-830
2671
-6439
-8841
9408
-3903
2750
-8958
6645
7239
9722
-9342
-1645
-828
3454
1295
-4740
-1799
-2494
1278
-1337
6833
2104
-389
-2202
-711
2298
8448
-1016
-464
6231
3904
9426
74
2646
-3269
1824
5022
-3063
-2953
8870
6139
3826
384
-7889
-2216
-8235
8542
-6722
-190
-4617
-3190
-16
6580
8126
1956
8800
5594
2682
8139
-4170
7438
-5316
953
587
7863
-4464
1683
9725
8189
-1744
7644
-4351
9071
837
8085
-9124
1981
850
-7424
-4672
-9921
2424
8630
1547
-7704
-9173
8436
7327
-7957
-6031
218
-9529
-1977
-4278
-1780
8193
-8395
2481
-5006
1217
5656
-572
7404
-411
-3967
8522
6953
-8073
-8011
9854
-1272
-4002
2026
-663
9493
-1758
7402
-6951
-9788
-1915
7452
-7270
7352
5179
-6414
-6364
6964
-3998
-8042
3288
9620
-5898
9918
5937
-5757
4873
-2281
-4347
-1874
-5249
3064
8521
8007
-5516
-3950
5139
-2441
4896
4490
-9732
-146
8370
-6
-3102
794
8199
6913
-9040
-1105
-4646
-2193
2919
-6230
4382
-4908
-6517
-393
1612
-8210
4072
-5472
-8460
5351
-9239
-1013
-7904
-5242
-8356
8741
-6055
-2658
1568
7422
-2896
1194
-6084
726
-5726
-7057
4202
6512
305
-601
420
3003
-3007
6144
-9271
-7906
64
-5226
-5901
-5223
288
503
-6536
1574
-8815
1455
-2956
8389
-3185
8721
-1176
7016
-5672
-4927
7002
3634
1261
6381
2199
-210
-3853
-786
1236
-6521
4301
8190
3761
8695
4159
-5435
6797
-9539
2490
-3933
6722
9496
-7962
-2375
2024
3031
-1003
-2778
9656
5760
-403
1554
638
-1581
-6099
1900
5721
5933
-8593
5206
-551
3515
-162
8381
389
-8838
30
7275
5363
-1148
-6995
-9578
-2119
6450
-4168
-7549
4232
-1746
1553
-3701
4545
137
4382
6247
5822
-2605
-6212
8672
4780
-6588
1434
-3868
-7144
-8675
-3337
8024
-3758
-5880
7351
9387
9116
8217
4054
5626
1053
-8421
7866
6474
-8905
-7773
-2895
1832
1281
1818
-8653
4868
6903
-4589
4352
-8874
-1969
-8315
9181
6350
-3119
-7985
-1899
-5638
-1602
3838
571
2370
-5927
1321
-7653
-5877
2244
7694
-6610
-237
5697
3275
-4348
-4423
2208
-8930
6779
4554
1350
-5024
612
9824
-2531
394
8354
-3310
6852
7388
-3905
-3699
-3645
3643
7898
5414
-9758
4418
-2967
-4796
-7631
-6083
9360
2978
9548
2610
-5456
3378
1482
-925
-2676
6005
2169
-5407
-9965
9958
-4738
9010
9252
8797
-2098
-8792
4785
-8020
-8404
1277
-2290
2147
8251
-2107
-9184
-6533
5756
2126
3920
-3193
-6550
-1192
-6475
3842
1536
-2407
1536
-3182
-3107
8050
-9994
-3917
-5108
-2475
-8232
2461
-5106
1252
6002
3994
8468
-864
5448
6277
-6571
-4597
-7101
7611
1297
-7802
6039
5103
6705
-7401
-3913
7996
-2753
-8308
-6028
3437
4943
-6028
-6968
8682
-8667
-7938
4559
-9575
3928
-1033
-409
1314
1618
-8738
4992
-7590
8480
-3439
-4896
-7113
-1268
-1205
9365
100
-8115
1070
4531
-8237
-2817
2724
-9248
-8574
-8192
4677
7093
4761
-4798
-7585
128
-5405
-1976
8503
-679
-5514
1846
7312
-7099
7434
-977
-2925
3122
-5366
6441
-7237
3979
-6605
7
750
-4814
-4873
-5436
9237
529
3677
7042
-6246
5372
-1985
-7311
670
5258
9804
1454
-4555
4324
8264
68
-8827
7120
7551
9978
2200
1964
9173
8980
-9374
-9254
-1695
7837
7692
-740
7491
-8173
-7039
3493
5751
31
6596
7922
7733
9727
8252
4652
5847
-365
9503
7719
5485
-1535
2538
5228
-7542
-4465
7792
-1262
-5146
-1188
7628
-4324
5797
5999
7405
2350
-7598
4151
474
-5565
-128
-3175
4003
2040
6627
-3310
-4816
6834
3096
8806
-4097
-3382
-5190
7928
6078
2821
9142
-8323
4764
-8189
5799
5736
-3534
1350
4733
-2962
-6118
-110
-1232
532
1061
-3839
-2785
-6781
7076
8588
1139
-1857
-4284
8975
-679
9413
2477
-7675
5359
967
2726
3410
9540
-3051
-8632
-2712
5032
-8331
2127
8372
-7602
-9044
-8333
1893
-7613
-3117
4953
-7046
1626
9327
-9162
-8156
-5647
5820
-4764
-3898
9877
6023
3304
-6298
9081
4724
-9354
-4848
6558
-1621
-1928
-124
8065
7120
-631
4353
2806
-2551
-2441
-4390
-9963
2695
8744
-7040
-5413
-1626
3869
6983
-7076
2024
9990
-5230
-6132
-5936
-6959
-9181
8003
-2116
-692
-2378
5565
-6960
-2271
5986
-2689
1836
-259
-9356
1186
6436
-1103
8866
-7379
7123
-9246
-2517
1801
3198
3014
-2874
-7150
4658
-4865
-2634
-5350
-4641
-8779
6505
-9338
-5262
-2827
4945
-4709
-5556
-6493
-106
8536
-5798
8079
-7395
-8283
5864
911
-6557
-9220
-1227
3434
7864
3247
-1580
8539
-9998
6764
634
-6629
9726
4756
6862
-4490
6208
-5192
-1174
2878
5877
-7091
4743
6724
3291
-4856
607
-434
-4183
4517
901
-3864
2310
818
7553
-2587
-728
-3264
-780
-103
883
-3629
-5175
4179
-118
-3192
-538
2204
-110
-146
-9092
-3848
-778
272
-5488
7151
-8665
-1933
4355
5733
3395
3006
-2798
1929
8435
-5721
6537
-8418
647
4582
6544
71
7830
6372
6010
2765
977
2451
4334
1111
-9617
-5898
-724
7157
-5351
-8475
-2651
8175
1364
1564
7490
-9611
-7252
8941
2305
8611
6370
-8270
-3854
-4365
-8940
-1915
-4826
-638
3480
567
-3912
7086
-3162
-5808
495
-5071
-8293
288
-4664
-3388
8039
-6353
642
-4815
6824
5033
6925
-3052
-4884
-6998
5920
-342
-8881
-4732
354
7463
-6048
-9802
4863
6822
-2171
4696
-7947
-1923
-8927
-2449
316
9138
1290
-1490
-8548
989
3527
-8595
5919
-3566
5228
-8202
-8172
6826
3257
-9642
-2480
7159
-2411
7539
-8823
5334
-8469
7676
-3035
8783
-6149
265
-1348
-170
3780
3117
3729
-1783
7626
4803
-9935
-317
7759
-2777
3708
3304
2950
9152
-7473
9656
-1605
-9313
6286
718
2241
-6195
-3690
-7768
-2941
1985
-7687
6071
5166
-8386
-8455
-1291
3124
-484
-4943
8866
-3035
-9382
6806
-9339
2015
-7214
6680
-5550
670
-3407
-3123
-2079
-1521
8684
3300
-6369
6906
-2741
-7956
8360
-9332
1216
-6525
4713
3523
-7410
-4411
-6097
-1498
-8493
-2538
-7781
-737
8576
-1364
8049
-7550
3159
4631
987
9217
8774
7547
-779
7098
5938
-7192
8140
-6551
-9865
5173
8957
3350
2641
9327
3238
-3934
-9986
-9887
3337
4458
-8640
7806
-7537
2981
5736
3786
7007
7861
-1394
6215
-3078
7008
4355
1804
1990
-3179
-4270
-7779
-6184
-5449
2252
3263
-5766
9940
8816
-4093
6882
-632
-8549
-2265
-8125
-6850
7073
940
-3239
6958
-609
8376
-9275
-620
-8721
6864
9704
6171
896
5597
7924
8563
-1440
6436
8214
-342
9075
3714
-5848
5989
-7362
-479
7663
-5805
-8148
-9530
7292
1202
5941
2082
3838
6000
7454
-6309
-6382
-940
6020
-7647
-295
5714
3395
7822
8688
2248
8860
5829
-1834
7000
-9100
-5354
-3162
-7602
-7816
-6260
1915
-7556
9046
-6189
-5353
-924
7407
-7743
3712
9564
-1801
-6494
8955
-9122
7060
7484
5649
-1564
5782
-6585
-6127
9141
-8637
-8956
1095
5346
-2803
1375
-6644
-9633
6251
7259
2430
1284
7963
-3919
757
-7363
141
-2891
-2621
-4541
-4059
5696
1642
-7450
-3695
1112
-3023
4275
7717
-7536
228
7386
-4954
4291
1437
7595
8903
-5483
-7721
-3703
892
-3466
9835
-2784
2759
9735
-1536
3600
-5054
4176
477
9534
1638
3946
328
-2125
5365
-220
8519
4577
3858
2704
9170
8135
3639
6291
2310
8129
8652
8292
1280
-2688
4494
2271
8223
-4488
4171
7012
-5081
8682
7010
-5159
8330
-4778
-2097
-7300
-578
8874
-7432
-4699
8442
5362
-7311
8341
-8002
7902
-1352
-9761
274
3843
1794
1784
3328
-2707
7628
8208
4094
-3438
9108
-4000
1853
5498
4930
3567
-8065
2676
4772
-3961
797
-7236
-3917
-2791
8982
6881
7241
8155
-5046
4118
6482
4453
-8106
-5302
4052
-1257
3910
-5503
-849
9147
4659
9255
5079
-5070
2509
176
6376
8438
-752
9844
8284
-8170
-954
-8884
-330
-6638
2607
-2683
-1102
-4444
6052
-4252
-6626
3691
-7042
-7346
5526
453
-6797
9080
-7206
1586
-7698
-2038
-9452
5812
2999
-5374
-5641
-7097
-3218
1048
8781
9294
759
1895
4521
-6484
306
2309
2414
-9557
3975
-8696
8155
-4891
-1758
2809
-8150
1085
-5644
-9280
3859
-4213
-8182
-7299
1648
8186
6378
-1122
-648
75
1045
-2607
-7065
9791
-2215
833
-6550
-6702
1109
9527
9020
-8744
-2075
-171
5390
896
-1700
-1371
496
-3022
-9379
-9428
-5419
-3607
3908
-7777
-952
-2429
-1881
-8950
-3036
-362
9245
8860
4590
6059
349
5904
7069
-8298
-4374
4174
-7338
6129
-596
1843
-306
6394
-4950
-5774
9018
-3502
9150
-2664
-4188
6152
135
7714
-3424
9985
2200
-9927
-8322
1309
4138
2606
4860
2814
271
3920
5340
-8489
-2313
4689
-6338
8656
4664
-2916
194
-926
6788
5024
1667
-5332
6937
9994
-296
-5636
-9410
-9410
-6949
2412
-8274
-1962
6500
-645
-1702
-6448
-1372
-871
-5080
9388
6392
-371
8557
3047
-6836
5236
6362
-4147
-6356
8365
-5259
6711
-4625
6088
4936
-9300
-4174
-109
-7365
1518
-8230
6891
-8838
-1422
-227
-139
-5466
8165
-9130
-9561
4114
6976
-5618
7296
-2907
7910
8734
-5675
-9280
-842
1445
5112
3218
8129
-5033
-3752
1047
-9204
204
-8171
7467
1316
7072
-5362
7859
-1042
-6938
-5332
-905
-7977
-7150
-2612
-3920
1724
-9145
-5010
5193
-7278
1140
913
7643
7036
-1172
5365
-6240
5682
6264
6435
2768
-9651
4229
6018
4041
4356
-8082
3418
9033
5140
-3586
-2334
-8022
-3308
-6889
-3432
-9047
-2952
8961
-7368
7729
-2226
-1836
2851
-9863
6670
-5580
1619
-6604
1450
-8105
6683
-382
1904
7965
-6872
-1342
-779
8688
-6082
3597
2673
7872
2023
6693
909
-9133
-8915
-772
-5280
-4828
6126
-6569
-2302
-8442
-315
-5883
6262
-7650
1088
-7546
2802
7533
8009
6847
-497
8765
-9887
1617
-5915
-6195
-9924
-168
6684
1972
-4376
5286
-7554
3333
-8437
6839
1750
8625
-1823
9345
-8195
6289
1541
1635
-6985
-2439
-5832
-1449
6316
-2765
3297
-9263
-267
8415
7102
-1583
-8882
-8389
-6765
1800
6289
7308
3135
-4481
-4642
-6910
-1667
851
-449
4572
-3240
840
-4678
3521
1470
-2359
6419
-6044
1831
8601
9529
8727
4196
-1655
-8664
-8769
5782
3852
5717
-2778
-6878
8401
-2973
-3786
-3897
-1869
-2166
3936
9879
-3518
-8501
5178
-8702
-3370
-6116
9031
-7254
399
9652
-2110
-7527
4848
-3924
-5965
907
-6907
-7785
7795
-899
4231
-3906
3301
2391
-8230
-7432
2433
3176
-5171
7593
9753
2362
-2981
-5905
552
2874
-6250
1072
2583
7490
-8161
4650
-3725
7471
-6487
5819
-8184
6561
6865
-6584
-3667
868
-7976
-6310
3449
-1011
5550
-5572
-7193
-5625
2062
309
-9729
-4611
-9956
5151
-7172
-8849
4860
-2013
5274
-5866
-4455
-26
-1254
143
3655
-2830
2296
-7827
-6157
-3181
-2794
-6163
-3406
-4640
9175
3997
-2582
-5113
7794
1338
2952
-8513
-3100
-3272
7631
2205
1706
-5440
-8440
1158
8269
970
6696
-2466
906
-3511
-8489
-6512
-8762
7802
8681
-7528
-4479
1250
-5149
-4319
-8149
-9793
5985
-7108
7688
-9666
4199
3443
-6525
3100
2678
4551
6123
-7339
-321
5426
-6094
-161
-107
-53
-2794
-6881
5308
3856
-3951
-6435
2006
6090
-1949
7361
-2761
-6178
3072
-9302
6740
2581
-328
8924
-7826
5305
6855
-7165
2296
-5359
2047
-6763
4456
-5023
-7907
-4400
7292
6438
-1014
7797
5044
-2358
-7420
-1305
7492
3875
8141
-5212
826
-5858
-232
623
-8855
-9632
-9089
6128
-5471
9027
-1919
4469
4864
1711
4296
4038
1834
5625
4183
-4764
-120
-921
-9377
2765
8783
5308
8330
4710
6423
1712
4542
2352
-135
-7499
-455
8405
-3169
1032
9704
-8209
7254
-4688
7225
-2203
-1986
-3147
6877
9147
-2671
1772
482
7200
1979
-6050
-8667
-2317
864
-6605
2577
-6117
2499
6628
-7676
-338
-6739
2365
4796
6988
3128
-236
3162
8810
1729
-3019
-7195
-2438
4389
1428
-2179
6047
-152
-4485
-5985
-8163
5579
5465
6622
-5081
-8689
-8661
-2748
-542
-918
1796
4850
3974
4786
-5761
9123
2922
3849
5855
4847
-4953
-916
-6563
2978
528
-3655
74
-1933
-6163
-4944
-8811
4916
-2080
730
5847
7671
9155
-8292
5650
-4586
1380
9130
-5434
-3677
6534
1697
6688
-8310
-6978
-918
3974
9842
5399
-9301
1513
1359
-8773
-8103
7643
-8122
-5440
-3371
6687
-4034
9571
9466
9581
5507
-1487
-4832
1634
211
3941
6311
3444
5981
7279
-5797
-4936
5054
-5468
-53
9654
-1313
-289
-88
4323
4402
5093
-4404
7541
2643
-7079
7021
5014
-3244
3968
-5050
7845
-2534
-1057
-5535
-9083
521
-7666
9271
-2463
-2618
8439
-6206
-9207
7222
-6669
-8033
-409
2490
2481
9128
9138
5345
2069
-8661
2403
-6437
1860
-4579
9291
896
7051
8230
-5496
9107
-9850
4955
9278
-9306
1473
-9402
-3440
-4796
-9452
2736
5322
8583
6106
7214
-6689
6388
-9950
2889
-6160
1319
3018
1862
7831
1364
-1737
-15
-125
4721
8047
1606
-1031
8497
2262
-5829
8468
9420
-6399
8084
1930
-6817
-1208
-4424
-2041
-9863
-1294
3146
4190
9966
509
120
-8011
-6566
9949
-2764
-4084
-5459
-1236
6163
230
8099
6754
7937
3713
5956
7045
-1398
-5068
2203
38
9921
-4126
-8911
807
5008
-523
-2898
9126
2729
5593
-5173
6236
4262
650
5920
-1718
-514
1432
-7220
5086
7280
5211
-6938
-4349
-3318
-3904
-8549
8057
-1312
2973
-359
9881
-9205
3196
-9130
7840
6013
8149
-647
1091
-8313
3822
2355
-8171
-8645
-1846
-8273
2623
2228
-7900
9181
-6197
5721
9243
-3811
4722
-2695
4217
2886
7367
-3703
7352
3366
-5632
-5681
-1292
8446
5403
693
-9832
1207
5686
-4997
8985
3350
-6948
8217
9641
-59
2421
-6855
-8533
-8686
5562
-5320
236
-1949
-1378
4238
-3494
-4639
5599
934
7620
-5095
-6525
7247
-5396
2049
2146
6542
4026
7205
1609
-582
5790
3438
-632
-4574
5215
-1058
1853
2044
-191
-4386
-6421
-2767
489
-9699
7439
1283
-5682
-6579
-9439
3135
-2414
-8450
-9069
9955
9240
1952
-7164
-4682
-9571
2488
-3345
-2423
-4848
-1178
-4467
6499
4395
1134
1479
2699
4024
-9768
-4663
8794
4656
9251
-3773
6911
6883
-2201
9631
755
-6099
9271
1119
4127
-929
-8325
-9938
-2831
-3637
-6823
9660
3635
-6839
338
677
3168
9652
-2082
860
-2460
-3772
1666
1038
-9452
-6475
7141
-4077
-3615
1633
-7174
7244
8629
-2636
-3015
7419
2594
-1926
6155
1730
8277
1173
-214
-713
2310
-7833
3241
-9215
-3142
1219
-5491
6502
7439
-7288
125
1225
7962
8870
7448
-11
-5175
3140
9039
-9986
2506
-661
-1133
-7040
-4303
5305
9904
-2750
-6882
-3204
-9990
2560
-1668
3333
1048
1812
-9156
8462
-2275
-641
-2559
9641
-4295
7510
6827
-8603
-9430
-904
-2446
-4347
-454
2006
5573
4745
1925
-4565
-1922
5223
-7943
-3287
8469
6828
-934
-9746
3925
1823
-56
7387
-9631
-9541
3018
-9038
6420
386
427
-3532
-5075
-5549
-9435
3210
-2235
9132
9258
-3452
-6867
-2411
-8075
-7429
5939
-3444
2306
-597
-9601
5974
3255
273
-8075
2585
3099
7975
-8099
900
-801
384
4094
28
3358
-9616
-6051
-5059
223
-41
-3625
4401
3159
-6078
7252
7449
-9480
8408
-8194
-5345
5983
2575
-4879
-1075
-8074
8011
4776
5164
-9336
6423
-2831
-6436
-8208
626
8255
-696
-6704
-6248
8299
4776
-5246
-5280
-1693
9959
3040
-1581
6661
-158
100
-5664
-7347
7274
-6151
-9667
5983
8586
8311
4774
4523
-9704
-6927
4763
5946
924
616
-2587
-2453
-4820
-5431
5768
2337
-584
-9641
-942
2616
9613
-1679
-7361
9547
-3213
6431
7266
-8741
3130
4273
-9734
-1940
9078
-8548
8218
-798
-907
6409
-2606
-8298
8520
9565
-3349
4360
-3380
2374
-6495
-9244
-8192
8914
-5880
-624
4252
-7512
-3376
5670
3633
1245
-3018
8223
-9354
1011
851
-572
9172
4130
-3278
1387
7417
9999
-8270
2142
2725
-3224
2114
-7015
-722
-5295
-7859
1762
-7786
-6511
-1797
2577
2712
5441
-7014
9460
-685
7907
4614
9327
-9129
6643
-4331
-1324
-5935
7613
-9189
-4870
2995
8742
5119
-8683
8894
9351
8197
3710
-8648
-2785
6326
-9458
210
7433
1244
6720
6463
624
7621
8800
1510
3338
6429
4900
8387
5822
5433
-1630
-8543
276
-1631
7398
-9545
-9540
-4552
-4455
-7535
953
-640
934
8875
4326
-8448
-2841
-5125
9291
-6053
-8952
1538
4988
-9121
-4487
-1044
7378
-8394
8472
207
3745
2780
3276
919
-4311
4071
571
4692
7343
8405
-1620
-8803
7053
-321
-8483
-3251
9944
-8215
-1865
5737
2449
-952
-9508
-4902
5139
-1656
-584
-7720
8592
-3644
-9590
2321
-8366
6546
4651
-6512
-3950
3967
5086
-7099
-9652
6418
2752
-9653
5076
39
769
1046
9924
1711
4557
-6082
5683
1580
-623
8647
828
7418
7972
-7424
-8249
-1562
-1834
6098
6018
-6446
7973
-2342
-5480
9610
-3547
9249
4947
47
-1840
-5309
-3028
-319
-3955
-8839
-3886
9846
-5600
-6566
1152
-1991
-642
5651
-7726
9993
7442
-1288
-4657
-5527
-5464
-1114
-9335
-6721
-4086
-6193
-3415
-7074
-9648
-900
-5456
-5665
6083
7134
6775
7552
-3767
-9534
8388
3186
-4715
-3232
6419
8863
4316
-9477
-7872
-9006
-7944
-7610
-1678
1143
9107
-3670
-4139
-2972
8928
6153
5989
6828
5825
925
7564
7918
-1805
-9537
-4686
4210
719
-8693
-3459
-3302
-1970
-8463
8467
7589
-1402
-6397
-7221
-3715
-5430
9650
-4306
-2554
4866
3591
5070
4733
3299
150
3406
-7900
-748
2733
7831
-8045
-7009
-1238
6940
-5652
2692
-528
8881
4027
5629
-6037
-3505
3038
-6640
6531
7723
-9142
-9820
811
-5724
-5725
3553
-8189
-550
-7260
-8831
64
7834
-4727
7926
7101
-7362
-3199
-7809
-1310
-1879
9859
5873
1533
-2159
-6390
-948
-5615
-2970
-4581
9510
8676
-4661
9972
8700
-9985
-5885
-7770
9773
3916
-7483
2179
-7468
8867
874
-4433
-9948
-9396
-9189
-7449
-7800
5060
885
-3732
8211
2295
-829
-9203
1633
7436
-4953
8823
1317
8654
-6722
5472
7061
7036
-3834
2454
-9506
-7494
5084
-4728
-2230
-2109
-848
-3876
8892
8790
7930
4729
-328
3202
-643
-3761
9393
2450
9995
5907
-5491
-3358
6571
4808
2660
425
-3429
-7077
-5705
-1307
1219
-6222
5806
9473
-7188
3628
-668
-514
-3230
-992
-3825
8387
9591
2179
-885
2272
906
7344
9945
-5993
-7662
3364
-5669
3128
-1156
3123
-6089
-7814
9867
7570
5410
-3026
5927
-5107
3140
1732
5292
-7465
3245
-4656
-1253
9132
5810
-2396
5180
-5878
-6388
2252
-871
-1150
1342
9895
-859
9871
7748
7394
8950
227
-5014
-1938
2668
9245
-7864
867
1364
3764
2673
1492
5865
-5827
-2665
9980
5190
3853
6211
-8247
-8063
-864
4399
-3915
-5920
3285
4173
-8399
9819
6353
5444
1413
-9390
-3534
5895
-3923
-3120
8979
5731
5385
6313
-8710
4932
-3849
-3149
7410
-1347
-9093
9249
4917
-7402
-4944
7134
2110
-4521
7657
7080
-2044
4835
9025
-8674
2058
-8070
1023
-2866
-6848
8835
5061
-5224
-4160
8280
1166
2260
-231
-7260
3851
2286
-7043
-3482
-2247
7600
4356
-9026
7111
-2678
8866
-586
-215
6700
-5777
6647
6318
-7436
-5942
-5183
9501
-1629
4018
-5671
2945
-6223
1154
-6711
4380
-5180
-1405
-1142
-1099
-3285
315
-5556
3617
4709
-1114
2226
3285
8718
-4540
8081
2108
-7441
-8185
5958
8413
197
6759
-1484
3555
-8538
-9924
-5572
6489
2479
-2258
5440
9918
-9901
-8167
-4281
-3883
9974
4369
-907
-8141
7249
-3148
7753
-3406
-624
640
9908
-4846
-896
599
6627
8188
-5054
691
-9277
7242
5204
-4724
3603
-6066
-9007
-5146
-1159
4361
815
-7320
-5988
-5675
7650
-7413
-2609
5771
345
1788
-6053
8203
4262
-3730
611
-5174
-1618
-4991
3332
1959
-5204
28
-6094
6069
-780
-3655
6900
2152
-3643
-6567
6124
-2928
4257
-4936
-4417
-8908
-2234
-4198
-6965
-356
-802
2440
-1322
-7709
-5974
2300
-7230
9243
6569
9182
2956
7534
5703
3816
5120
-4028
7851
4585
-2363
7947
-7997
-360
-5442
728
-5285
3346
-2724
-6386
-599
-5454
-9755
8283
1874
2434
-7253
9519
86
-9451
6856
6589
3559
-1067
-7205
3710
7321
-428
9582
-4168
-6773
4480
-1906
-9842
-2113
6050
6434
-2458
3223
9757
-2125
9614
5056
251
-1747
-1189
-2643
-9806
3042
-7520
-6081
-6302
-6662
-6192
-1933
7688
-3461
5191
-5395
-5973
7229
2026
1383
5966
-7464
9872
-1645
-7209
7949
-8355
7277
8932
856
24
-3723
-8366
-8741
6234
-9036
-5131
-4857
-3223
-8051
9643
2266
7753
7625
-325
8878
88
-7849
9317
-511
7825
7370
4952
4492
5307
7251
-7979
-6686
-7383
5582
6139
4804
225
1284
-4427
3046
-2250
5607
7916
-1735
-4929
-8896
-5952
-1351
2594
-9097
336
9532
5660
616
-5434
-2072
-355
1004
-323
283
-4268
-6268
-9815
9597
-424
3813
-2870
-8193
-7375
6091
-2535
-405
2146
-802
7340
2283
-1138
6409
-7634
9018
-5862
59
-6269
-1988
-7123
-8791
-9521
7822
1077
-4451
-1662
1774
-5901
-9408
-6674
3713
-4106
-1989
-1111
-5380
-2978
9877
-1937
-9868
6536
-8416
-2731
-6424
5974
-7953
1248
-7740
-6971
-5835
-6841
-3525
-9293
-3712
-6190
7925
-8494
-6133
672
-2081
5088
2999
-875
3669
7693
-3486
-4714
3099
3068
8909
-8608
4948
2737
8116
-5646
-790
-5040
-1395
-9
-2871
9067
298
-9238
-8671
4932
-4018
-3272
-1099
5325
-7192
9578
7365
6730
-8467
6295
-7162
6498
-4103
2678
-335
9081
-2992
9328
3057
9738
-9068
5145
681
-419
-985
-5356
-9835
-9295
6211
-3811
7307
5032
8476
-5777
6650
4115
-9007
-8096
-6157
6599
9060
-2492
-3952
-8010
-214
5063
4691
-6956
7242
8630
-3422
1591
1821
9302
-3033
8082
-695
830
8533
7911
-527
3064
-4391
1111
-7071
-2825
7058
5817
8703
-3655
1143
8488
2436
-8772
5296
-7105
-258
-7852
-3683
3387
9825
-1501
-2096
-3153
-5231
274
-9620
4077
4292
-5154
5618
-5257
7027
-2215
3509
9920
-6217
-9462
9056
9189
253
-861
1900
-6663
1586
2667
-4505
-6824
7611
-1689
6304
-4865
-7497
2015
3620
5897
1340
5780
-1502
4718
4309
-3239
-5108
-513
6084
-2873
5061
7121
6028
-6294
-1039
9145
-8233
-5028
4043
-3795
-9660
-8468
-6045
-8967
5924
-799
227
7362
-985
-9250
-7106
3723
-353
3147
8923
3486
9123
-1167
995
5790
5258
-844
-9020
-9690
-9393
-9886
-9856
7107
5357
-1241
6808
-4104
3535
-657
2443
-4305
4038
7614
5532
-3658
4821
5380
3208
1685
2865
-1200
-3039
-9475
-7272
7670
-7795
3616
1221
-7241
4279
1278
-5660
828
1570
9405
-3181
-1239
3200
1021
-9799
-1923
3462
6602
8843
4623
5086
-9896
-1789
-5328
9925
-2345
2890
9812
-1719
7920
1739
9686
-2215
164
4784
1425
1410
-205
-1578
-9418
9226
3553
-6020
-9748
6762
3937
-6425
-5435
-2536
-5700
-4106
1573
6344
-7295
-3960
3255
1984
3969
4881
4358
7109
2202
-6533
-8369
-548
-3660
-6583
-112
7309
8430
-4690
-9630
-8899
7348
-1406
4507
5250
5221
-319
-5165
5233
-7631
-2851
-6403
-5330
9873
9340
1401
-215
8108
-1103
1548
6454
-9294
-1520
-9667
8436
2039
-615
-8822
9335
5182
4803
-6535
-9174
-102
5524
5240
7398
9286
7602
5914
2664
-6297
5893
-5609
1790
4547
2336
4739
1569
4438
4277
-1679
-9226
-6663
-3826
-2805
-6782
-8789
-4555
1112
-9800
8160
5924
9600
-346
8619
5766
-2081
-6906
6739
-36
296
-1059
2566
-1865
1948
-1432
-2640
-9179
-5528
2743
-7609
-9342
-6412
3119
2011
-1174
-7637
-775
3856
-7379
-9005
4864
8215
658
5001
-4842
2070
-692
2530
5699
7750
1549
5200
4712
6578
3312
-5673
-6383
4139
9395
-4272
1380
-5644
2141
-6112
-1091
1094
-9287
9520
-9693
-6747
3048
9268
8073
2979
-7952
8957
8373
-6502
-7101
8645
-5226
6528
-4741
-7477
-345
-9874
-8390
5862
-6266
5608
-6790
-8447
5953
7597
7650
-4132
2020
9590
-6404
6195
2733
-1417
8450
4845
4009
9587
2776
-2450
5577
7248
-6607
-9145
-6957
-6686
1894
-3415
-9939
-8909
-8471
2014
-3324
9680
-7886
-8471
-13
2475
547
-8557
4548
7508
3399
6840
683
6185
-841
5191
7250
150
890
-9869
9880
-9008
-8539
-8380
4023
4699
9304
-9714
-9984
-1724
5506
-4911
8510
-9422
-3571
-135
-7679
-9228
3379
5909
5541
5417
832
9126
2424
-7223
3578
1873
4237
4752
8925
-6214
5342
4349
-5221
-6172
7354
-8777
6163
-8034
6628
-9588
-2079
-9285
2382
7677
-2494
-824
2447
-870
5055
3223
1976
4912
-2572
-4133
-9875
4727
703
-4215
-8755
-7056
-9175
-2313
7445
-2731
5501
-439
-1075
-6167
-3126
8289
-33
-9102
1321
3321
-1691
-3685
-6101
-4703
-7283
4397
-7123
-8251
3080
8478
959
-9194
-7826
-9782
6241
7983
-9356
5934
-9361
1045
1864
-7575
3213
3097
-9695
7901
414
-2575
8387
-5018
-3954
6526
7672
-6387
-5396
-1301
-1205
-8394
2231
-9000
9984
4936
-3687
-8545
1346
-7851
-6420
-6275
301
6195
-6179
2646
2116
-7628
1056
3248
-121
417
-1972
-4072
5626
-5545
444
-8879
-8478
-6068
-6766
7861
-9393
3536
6153
-4456
7966
-2876
-2146
-4079
1940
5727
1455
-7588
-9072
-9106
-6601
-3308
-417
-9229
5187
-8268
-65
-9869
5899
9437
4301
-7693
-1270
7336
-1217
-5968
-6295
-7820
-2154
-6068
7623
-1923
-1650
-6044
-3170
-9724
-6655
-5538
-9587
2398
5940
2229
2353
35
9743
-2932
1979
3037
-6046
6444
-4770
3451
-3094
7493
-1491
1492
-2227
4662
-5436
4758
4344
-3102
3469
-4579
-614
1318
2994
-3618
5994
4020
9043
-7692
7393
-9045
-3111
-3415
7775
-5932
-7391
-355
6212
6041
3820
-2572
3188
-1158
9950
-6987
8950
-1042
-4089
1545
5087
6394
2198
2063
2590
9223
-1169
-2796
-6229
-1597
-5771
-9387
-3056
-2767
551
8252
-5215
1462
-2500
15
3508
-324
-8594
-6152
3121
3404
-7722
-5620
-1264
-6851
-7276
3754
5018
-8080
-8815
-1711
-2903
100
-808
7142
5264
-9982
-8939
4049
-9091
-9044
3375
8048
4926
-9833
-411
-4271
7086
-149
-775
-4994
-1254
4845
-6389
9011
-8485
7997
-4281
-6527
-7970
-6513
-368
-757
-2168
8852
-5734
6750
-8930
7279
1005
1489
-890
3116
3211
6584
-8016
3771
8410
-6587
5239
-8821
-8951
-2028
-9642
-2889
1072
9530
-536
-4443
1345
-1877
3071
-8668
661
1784
8349
-7873
6393
-3123
4136
5879
-3863
9052
-66
-2159
4859
2791
-2696
-4491
4324
5052
-4596
-3883
5469
-7119
1579
4626
-2696
2843
283
-414
8686
-4924
-8877
-7362
-4924
551
-3147
-8264
5665
-8609
3174
7557
3649
4987
2598
-208
-689
2624
1170
3071
9065
-8227
6606
-4310
-1134
9735
5920
-6986
-7443
595
-9331
-8759
1197
-4857
6211
5653
-5458
-2197
-7538
-1027
-815
-3196
-5988
9953
-21
8352
8613
-1108
-1284
861
4842
-2363
-36
2081
-9283
5746
-3952
-5498
-4334
5771
-681
8744
8398
-9610
-2859
-2489
-9400
2793
7627
-3246
4368
-3062
-6850
-4835
-7123
919
-7667
-1797
8565
-6897
-3274
9414
-436
2401
-1329
-7678
100
-6378
6206
-6006
2692
284
8602
4834
-1056
715
6099
961
-683
5916
-9213
-4391
7
226
2430
2183
6728
2711
7899
-1258
6867
6777
1691
4346
-9871
4212
-4541
-915
-1356
-4233
-6779
-3823
8578
-490
6508
5234
-3515
-5742
-3580
9058
-3429
-3778
3170
3859
2761
-9066
-967
-931
-2159
2651
-2362
-4460
-7091
5357
5957
-9299
-5324
118
-5388
1834
1817
7795
139
-1287
-761
843
5553
-2959
1282
-2846
5279
-2044
-7672
-4809
3696
-9072
-502
7595
8888
3726
5945
983
6737
-9079
-2833
2233
-1743
-2287
-5633
3997
-4270
4761
-10
-6543
-9051
3487
-2990
2393
-8539
-6774
-564
6195
-7985
9885
2913
3833
9514
4232
952
6192
8160
22
6107
-3608
-1229
-5407
-2905
-8108
6085
1184
-1440
1378
-4043
3466
-9546
5733
-6690
-2017
8426
5044
1741
-9134
2343
-4719
9854
-8143
1069
6075
-6945
-1429
7686
6516
8143
-6986
-760
-3826
505
-9617
-7862
-5473
2061
-5541
-159
1236
4559
-6472
3753
-176
259
8192
-3452
-1290
9340
-8795
5855
-4354
-532
-1369
6977
-2717
9354
-3651
1374
-4240
4503
-4972
3946
-1675
8527
5253
-141
-571
-6708
-7705
7052
-6084
2677
3753
3239
-2012
8994
-3278
7457
3913
-1593
1694
-690
2016
8073
3827
-2504
7203
8809
-5338
509
-7839
3988
-3531
-1781
4568
-5712
1767
-9174
-2312
-6113
5855
-2573
9887
1790
-1276
-437
-1535
8454
-7818
593
-581
7356
-5084
8718
-9039
-3127
2075
-4780
6453
2838
-9240
9561
-1781
-9381
-6923
-6646
8689
4683
6590
532
6428
1260
1171
-9561
4800
3920
8303
-4463
-9161
6208
1797
2452
-3380
4165
3485
1647
4102
870
4155
-5326
-9901
-5627
718
868
-8900
4351
7918
7959
8834
5394
-218
-9594
-5123
-2386
-8486
3408
-7327
8142
-3982
-822
-4817
5285
-3667
-1919
-7096
-6792
-4716
1363
7153
2330
2865
2896
-7920
2567
-3346
3251
-5582
9244
-5358
-4962
955
-8344
-8508
7370
8876
2143
6556
8400
-8633
-2396
-6761
-5463
-9126
-5494
4998
8068
-8558
-4020
-6678
-2195
5657
-6445
-5909
8382
3787
3616
5869
9289
-4402
-1400
287
9244
-4279
-2318
-7122
-4290
5720
-8235
-3704
-1291
-8902
-886
2716
-7537
3509
978
-7306
-4950
-5764
4564
-5322
2617
8622
-1854
-4793
