7663
3870
3210
-4509
-7923
3497
1015
5379
-6393
-9
9922
-6052
-6103
3093
-7745
-234
-8022
2123
-3541
-7178
-5163
-2406
1046
-1388
7778
40
34
3611
-5089
6073
-4901
9406
1275
-7490
5168
3879
-3284
-4700
8419
-1786
-518
-6135
7829
-3766
6673
-2912
9641
3857
-7491
6931
-2835
-4942
6610
1025
-4916
-7866
6351
426
-3217
5466
2429
-9367
-9957
5496
6863
-8427
-7631
4585
8760
204
4708
1355
-5451
7592
-8910
8431
-1267
-974
-1785
4869
3685
-4611
6928
-7070
-467
7679
5363
9599
-7763
-6766
-2241
-6327
6139
-9894
-5077
2346
4525
-1868
-5734
5314
-1433
517
3548
-4199
6719
-1530
-5736
4195
2468
-8646
4305
-8125
3270
5622
3765
-2435
-8821
5876
-9924
-984
-832
-51
-9779
842
-2326
5317
-6089
-7903
-389
-7575
-1759
4019
7030
-6341
-3443
7972
6706
-2645
1883
-6734
-8650
4526
-3015
-3809
-4091
7487
-6444
3560
-686
6706
-6212
3486
-1491
8318
7415
4254
7118
6076
7987
-1326
9833
3187
-4172
2133
3574
6339
8642
-764
-2700
-3585
213
7480
6985
-5417
9056
-7657
-1982
4505
-5066
-5202
-6449
-4686
-2281
3391
2481
-3054
-4151
-2717
2042
-9145
1752
1099
-7565
-1094
-3973
2920
7251
-5692
428
-1653
1361
-2313
7114
3631
3665
-4647
2327
2159
5625
4682
-1201
-6446
-3278
-3989
-5990
5818
-3314
-3832
-1390
356
8932
-9904
-2080
2860
-4170
-1741
5789
-7663
5454
-7992
-2950
5266
7885
-1012
-8669
-2590
-110
6244
87
1359
-5486
-1504
9844
5856
-4653
9370
-3801
-2418
9383
8708
-7063
4718
-9827
-2529
-110
-4908
5800
-9190
7663
-9793
5860
-1582
412
501
-1065
9734
9649
5089
-8912
-7087
405
-5809
-6357
-7095
4857
-8523
4558
1165
3444
-869
9021
1137
-3006
9514
-2625
-2037
-7326
5430
-7916
8627
-4252
4490
-632
-9923
2065
5191
7795
7549
2016
3056
-8107
2665
-554
-4246
4767
-1017
-2907
-9846
-9098
-9061
-7952
9115
-7878
-7824
1172
297
8603
4191
-3736
-8683
-6649
-4578
-8175
-7925
-2093
-4306
-1865
-1814
-6768
-5836
9718
3189
5911
-8130
627
3350
-391
8669
-2804
-6306
1026
2901
5663
774
-9880
470
-9788
4756
3942
-6987
-9729
-7029
-6738
-6406
3461
6829
-3727
6413
-2025
-2700
4645
3533
-633
3185
3923
4657
-8908
-1212
-702
-9433
-6857
-5043
2401
-2219
-1079
4701
-4751
-6371
6281
-5030
-9559
-4249
8237
-9203
-6680
-3310
2852
7401
3340
8726
3769
-5215
1140
8425
3992
2672
6340
-2242
-3921
5341
835
-9628
5635
2056
-2196
-1501
-6495
-3584
5678
9100
-113
-3823
155
-6352
-7882
-4348
4672
9939
7066
1980
1305
6120
5206
-8425
6640
3278
-9819
-3953
-5299
5572
-1489
-7460
-8175
6413
-42
-6696
8485
3291
-377
3083
9421
3081
2703
6308
7770
7098
1828
9397
-6695
-1390
-4668
-7857
-1166
941
8253
1551
797
-212
-134
3408
-1670
-5520
4599
-1630
69
-8840
-7607
9552
-5625
-4434
4962
1860
-8328
3389
-9275
8053
-1899
-6288
8632
-4348
9981
4073
-4608
3917
4486
-985
7901
4360
-8422
3237
6386
9421
-2656
-340
637
5670
5130
298
-5507
-5707
-6728
-5693
5676
4412
6760
-3415
5165
-8570
8468
8946
-6957
-2495
7024
-3080
-2889
8432
2951
3312
-6378
-6379
-3196
-3312
-6377
8253
-6506
-4265
-3961
2152
6369
-5892
3874
-4047
-1510
3149
8713
9567
2970
-1095
838
5835
4732
-2328
6333
3312
2238
-4435
3735
-5050
-9314
-8534
4947
-9384
-5593
9531
-6882
-5685
-4485
9338
-155
745
-9914
-2780
324
8713
3656
4213
-2376
4480
5822
3433
1377
-9274
1085
5309
604
223
9298
-189
-7563
5987
-7646
-1746
48
-1077
-9203
7720
-8959
8469
-6181
5852
7767
-3672
-4936
9527
-6323
1157
1772
-9120
2803
5163
737
7691
8431
8892
-6266
-4364
7179
-5073
3551
-2914
7272
4956
-5678
-3068
5201
-1490
8033
-8074
-4640
-8733
-2691
8146
-507
3934
-3658
-7616
9331
6065
-7623
-4957
7993
-1635
-2340
-4023
7194
-7058
-3226
-4608
5752
-3219
-4675
-6371
3539
-9528
2976
-8064
-1677
-5032
-1516
-107
-39
7119
3382
-8025
-1356
8727
-7433
2732
-2865
-1805
-3223
-9170
2820
-719
8449
-716
-8511
8292
-9669
4514
9844
808
-7216
-9534
-7338
7094
3667
-1002
-6609
5156
1682
4842
-9696
-4033
-1766
-3795
5410
5975
-4784
7483
-2812
-6880
6115
-8840
4842
-6466
-391
751
5246
4472
-7541
2239
-9630
-4349
-1560
-4930
7379
-1455
-6727
-8144
4509
-1242
-8279
-6382
-7140
-3626
8906
3072
3143
4472
-735
-9933
-9026
9056
-7892
-4722
-6169
1215
-5462
-2667
1172
-4101
3509
861
1509
3450
3622
8591
-7884
-8912
3492
6777
-712
-6924
4123
-474
-304
-370
-7517
9446
2284
-7987
-9607
3970
-618
8532
5184
-9545
4268
-1121
9034
598
-668
1744
9015
1229
7618
4286
-1782
-9597
-1599
5606
1358
2727
-6070
-2795
59
2776
-4427
466
5681
-9516
-5066
-5254
-9057
-9726
4476
-6954
6687
-9998
3518
1394
-2676
-7169
-5249
-7142
-7773
951
9107
-919
-7370
6801
2531
-7394
9198
5433
-6857
-7357
-4274
-8005
1108
7056
7031
-2564
3863
-805
9033
-1455
-5000
5912
3726
-516
-8477
-5946
-2352
-5736
6581
6306
-7252
-5537
-5549
6822
-1829
5244
-8353
-468
-7147
-5471
-8458
4888
-8776
-2772
799
9583
-8951
3005
-1407
-3686
6939
8641
-7670
-578
-1858
3375
9273
1469
-6456
7825
9111
-2435
1998
603
-5674
7434
2813
-2368
9280
4848
7407
-7796
-9754
-29
2958
3781
3657
8138
6456
6773
1790
-5098
454
3213
-3250
-7385
-3591
5430
1762
5851
5531
8556
-4071
1826
4420
-3009
-8460
-5241
-9889
8469
1761
-3356
3546
7759
-8832
-5532
4359
-8495
-9095
2132
6038
2807
4653
8427
-8983
-9671
-9155
-8651
-7139
8092
3514
6165
6279
3633
4071
-4809
4760
-2449
-3257
-2779
-2517
488
-5534
-3305
7030
6350
7885
9629
1477
-9957
7305
5433
7673
9132
-1485
9974
7503
1721
3629
-362
6654
1975
-6608
-4959
-264
1521
895
2122
6366
7735
-2573
-6458
5108
9663
4257
-9887
1892
-4275
-3600
8797
-3073
1663
-9829
7993
2902
1371
5286
-9067
-170
-4010
-1705
-728
-2882
9296
1884
-7895
8813
-5926
1226
9800
-583
-6642
-5878
-4155
7003
6864
5561
5184
5250
5242
9968
4015
-7294
-4942
7781
1491
6552
-1133
-4133
1241
-6154
6285
-4888
-2881
-6396
819
8483
-7612
-8805
4755
4773
-5684
-2695
-8660
-5076
164
-1417
-9605
-8076
1748
-2444
7061
9884
-6730
-7416
9841
2437
9137
-8781
9431
-9013
-3813
8285
9585
3777
5411
-6836
9876
-5711
-934
-6698
-5936
-1256
-8008
4912
-7529
2969
8270
4907
-1218
7114
2894
-6717
-4518
1411
-9009
6697
2339
7476
-216
-4350
7294
-3696
5225
2687
9786
-6879
-5127
-1294
-7041
-5770
3658
3403
-8624
6258
-3419
6178
5072
6143
-6226
2016
6575
-3295
-4591
4611
-4773
4682
-5205
8554
-4913
-3207
-2020
-8310
-14
-1354
1238
6020
5217
-1163
-1418
8137
-1284
565
-1726
2960
-9519
6027
-4768
9854
6089
9580
4175
-5191
-594
6706
593
1665
2492
-7795
9063
1555
-2424
-9378
7014
728
-7718
-7353
-5865
-4132
7696
-3925
-7359
-6754
4944
-480
6576
-1121
-4164
2845
-7480
-4591
6666
-8924
6066
1016
387
-4918
7827
-2426
-8856
3089
7282
-1836
-7679
-5830
-401
-5397
9394
1793
7659
8616
3089
-3725
5268
8552
222
-6500
-9014
-5340
-1725
-8542
-9439
-435
-7666
-5469
-9744
815
-6782
-6163
2723
-4454
-8088
-3412
-2352
8581
-6902
6300
-1471
1424
-2366
3949
3057
4879
-8705
-3926
2232
835
-9768
5140
7761
6730
9837
4269
-1527
-3092
3214
-9540
-4904
3748
-2332
-6059
7319
936
8843
-7907
-7490
6910
-6205
-9648
-1925
4
6341
4018
5145
5615
8266
-5173
-4432
4440
8584
9188
6400
-1005
-6429
5906
-3200
7731
-4821
1186
-4256
13
7476
-4595
-8204
3381
-789
9573
3972
-919
-1329
-98
-269
-5562
9583
-3150
-979
-8090
-8748
-3623
5539
6529
-5200
-2313
206
4132
8836
342
-3654
7859
-4047
762
-7338
-8531
-9460
-1399
4588
-576
930
-3040
-858
-7180
5435
-9743
2345
604
-5103
863
928
-1910
5580
3679
-7447
-9882
-44
-9
9396
-1763
7507
-8852
4990
-8224
-2822
-9316
195
957
-7540
8977
1365
-3763
-5477
-4982
-4276
3225
9530
-60
-9097
9723
-1899
-1270
-1532
-7626
1581
4908
1679
8016
7148
7064
8672
6966
7026
3651
-2689
-5811
8576
2334
-775
2030
-9258
-5591
8048
-3143
-2127
-2442
-5392
9216
2064
9675
4848
-1466
1140
-8684
6225
2803
-7492
5768
5104
5116
6692
-2798
2899
8156
-1111
-80
-8041
-5427
-677
2934
2134
-6470
5378
-6461
963
-4957
-555
-8863
5357
-8560
6054
-6727
1256
263
-9005
-3835
3021
5601
-9162
-2691
6286
1504
-2325
-1965
7535
-2317
-1572
9686
4249
5269
-718
4797
-3131
-7330
-6801
-6331
4107
4706
5224
-3831
-2962
5771
2812
2411
-5474
-6249
9970
1582
7543
2838
4001
-8897
7166
4792
7049
-3654
5957
-7927
8440
4991
7573
-6675
-2767
2263
-9688
1776
4567
-8259
-3265
-7074
2216
5295
8131
-7467
-2330
-5410
8011
9651
-3213
-3593
9065
6760
-2331
-8394
7060
7028
8630
-9303
1841
1560
9457
9502
9746
9253
-5840
9261
1446
821
-7291
-1485
-6937
9049
-6461
-6643
-4623
-9205
5501
591
7047
-1100
-1028
-9560
-1176
-1693
2603
-4769
-9686
9703
605
-9327
2791
9511
1848
6532
-3456
5057
718
-3777
-7041
-2906
-601
4255
7879
-409
4983
2925
8937
6426
3323
7096
8300
4241
3275
4831
-3490
-7708
-937
-4107
-3823
2573
1578
-252
-665
-5756
5842
5131
-9391
-3935
-8749
9935
-1447
-9167
-9757
-3357
-7991
6154
-5677
2211
-3502
5968
-8852
-4098
5293
5740
-6349
-166
-3656
-8453
2953
-6952
-6495
5427
9874
-8086
-421
-991
-4946
4820
-6306
-9273
-4189
4402
1937
5188
-3559
-5006
3057
-5173
-7205
-1252
-7861
-7083
3745
-1536
5289
312
6258
-682
-233
1898
-4450
8098
-4856
-3050
9131
8407
1800
-6538
-8891
-7970
-9933
-618
2170
2708
6000
-1731
-6610
-6271
14
140
-1082
4216
-7122
6140
-7108
-5455
1560
6130
6490
9338
-276
-3851
-8652
4567
8507
9898
-97
-1056
-8623
-1838
-886
8025
7059
-8758
-4351
9934
157
-9640
227
3993
3974
3243
-5557
7244
3192
6290
3891
959
-6481
-2847
-6728
-4753
-4539
-3345
94
-6093
6096
7303
612
4510
-2066
1029
-8504
7635
-2883
-7429
4925
-6043
-7740
-777
-4709
-3428
-2266
-2908
4481
-6410
9474
-8554
-3406
4997
-9437
-6847
4293
-625
-6909
-8743
1845
-795
8995
-2688
1631
8930
-5582
-9795
6710
3341
4338
-691
-2133
7503
-7719
5552
9034
-8934
-1146
-6257
-8706
-5133
7519
-4924
-5284
-9429
2801
8101
-5713
-7618
-2627
9941
9022
-9316
8176
-9965
4722
6065
-6815
-3620
-8927
-176
-8773
-2864
541
8268
-7656
5393
5897
2047
5580
5893
-6446
7181
399
-5194
6674
-1036
1527
3987
-134
-5289
-3721
1745
9798
-5517
1277
-8517
7793
-6745
-1093
-646
-7533
-6517
1517
6088
-4925
-2980
-5123
9517
7676
-1843
9116
-3762
-9078
7335
3052
1125
2934
-2936
6973
5976
6817
-7527
7978
9194
5219
3536
2784
7984
1159
-4491
-5647
-5472
9392
5758
1761
-6850
3559
5677
9830
2827
-873
-5638
2807
-3555
-6990
-3587
-6761
-1065
1591
7890
-2863
-5098
-4910
2710
-736
-8594
-6879
110
-3848
-2919
-4263
-3302
-9565
-3467
7325
-6127
-8874
2132
8125
-3710
5967
5176
7653
-2893
6944
6082
-2896
9332
-5736
4403
-7890
-7951
9811
9973
7294
-2568
-6622
2123
7984
-7195
-1485
4204
1076
2910
-9748
4056
-8282
8278
-7122
3563
2362
-123
-8235
-1535
9002
-684
2571
3799
-1464
-827
6738
9866
-9968
6483
5921
-6616
-5691
-3513
1467
-5931
3750
-7373
7282
-9828
-8389
3965
4530
-5007
3971
-5954
2551
-3585
-1914
3437
7265
5692
7674
3324
-5106
-695
2999
-1808
-175
2179
7101
9076
6643
5844
-9372
4819
9624
4738
-4238
720
6493
7464
8068
5163
5130
-4388
-7264
-698
-5316
-9552
8956
8151
-3754
8522
1025
-4460
-9498
-2441
6445
812
2700
-2224
-7625
7158
-9046
7250
8774
-2799
9878
-6726
-9962
2911
-7847
3953
-6932
6173
-7571
9321
-82
-9707
-4910
-3810
-6881
9588
-5089
1891
-3645
9331
-5498
-6438
7930
7302
-3388
-336
-4618
-5368
-3903
437
-379
3428
6625
8204
2552
1899
5494
-2901
-908
-8222
6316
2595
-5100
9856
3893
9145
5032
6295
-2340
5371
-8724
-8602
-1904
-8794
4298
9630
-1231
-8394
7096
7741
-4991
-5151
-34
-2251
1123
-3604
-5635
4688
-8022
-8202
-8422
-290
-3170
-8189
-9685
3606
-88
-3238
-5960
-4496
4577
-8777
-19
-796
-7257
-8649
665
-629
-5052
9506
2634
-6359
-6769
6014
2349
-947
1425
1766
-4748
4368
1140
5985
2142
-393
-8442
4192
7450
4588
-4699
-4046
4246
-9205
7554
2612
-3197
-7594
-4205
-6169
-1406
-6597
8253
-5904
-6581
-4411
6078
4589
-9012
2088
-5899
5109
-3788
-7226
-1619
6209
-9954
-6756
-6358
-2715
7378
-7849
-5830
-3390
-9149
-3853
-7176
2687
-6540
-4552
-4505
-5571
9823
-6630
-2348
4310
-6175
7235
-1618
4481
-45
6276
-2859
5682
-6315
9018
870
-9792
6172
4415
9266
5134
6239
683
-7866
8007
-155
793
5392
5790
5029
5010
9577
1241
-7302
-8480
1827
498
-4621
-7286
-8662
-4902
4228
7982
5743
539
6025
-4572
3500
791
7421
-7013
-1120
5839
6833
-8696
2803
-56
-7708
7919
511
-8520
-5501
-8856
8484
7581
-3173
-3382
-8069
-5871
4267
6189
9446
-8814
5300
1198
5628
1440
-4613
6143
-8714
6105
-4136
-9527
-8946
-8050
8750
-9796
-5686
-188
-8209
2160
6891
-2967
-8126
-4331
3421
-6029
5102
5005
1315
-3536
8515
1323
-1976
-7268
-4939
-7087
2109
8042
9466
8100
-9541
9416
-6219
6374
420
-971
6643
1494
1543
5098
45
-2180
8628
-5412
1729
-2242
-8112
-3161
-6070
-6772
9006
309
-5198
3257
2178
8824
4681
1285
-9857
3566
7353
-8251
3537
9331
-6040
736
-7168
-4674
917
-7335
7982
-8836
6726
-6761
1684
3783
-9990
6207
-2556
3862
4428
-575
9315
1501
4356
1156
-9655
8566
-3155
6687
4438
2981
534
-6347
-6750
7481
2543
9676
-3167
-1896
1062
-495
-6596
-5032
6296
2615
-6641
1638
8791
7258
-8258
-1148
-8593
-1191
4605
1284
-3064
1607
-2267
2703
-7611
-2049
8120
-7210
-3523
1947
-1017
-7041
-1264
6108
-3352
-4544
3784
-9807
4385
-2916
-7529
-6315
3310
-580
2288
8030
1262
-7385
269
-1186
2647
8375
5313
225
6838
9143
9654
5507
-8545
7057
1664
-4127
7909
-3718
-59
5895
8481
8356
-7968
-6339
-8042
-3933
9041
460
-5647
4332
4195
-7800
9922
812
1571
7918
-3114
-7685
-6348
5749
-4492
-8448
-4413
-359
-3387
5315
1566
-3545
4850
-99
7669
446
-9533
7958
4883
3066
-9877
-564
5720
-2253
3568
-9803
-2217
3660
3495
113
2034
-1583
-7839
-1254
-2553
6843
-2819
6536
8810
-5571
-8336
-6327
-4790
-6263
-7071
6845
-6563
-9145
1545
524
-9677
-9320
-4078
-2628
-7464
-2921
-6615
6895
-7970
-7500
585
-8498
-4826
-7475
3172
3497
2431
3952
2054
5544
-205
-9702
9858
314
7487
5787
4573
7830
-9338
2007
-3669
9829
-4475
-1327
-2506
-9487
-1788
3504
-1015
7739
-9530
278
-677
3689
-4134
-3745
7725
-1449
7197
-7620
3541
6852
1637
9179
5728
-4582
-3334
4518
7600
-5517
-3357
7157
5288
9998
5936
401
6749
3475
6735
6628
-6769
5848
-905
-4305
1855
-3006
-9592
5346
-5119
-6739
5953
7739
-2562
742
-7717
9243
-8707
5164
-3777
-8484
7422
-6339
-6212
-1376
3930
8352
5067
-6866
7457
6443
-5166
-9346
-6423
-3783
-5094
8584
2460
2992
6413
-9844
5141
-2604
-3978
7694
-1945
-9505
-8610
-1780
1846
-9368
7104
-4528
8557
4691
8924
1801
-2707
-9426
6514
-51
-5341
9103
-1693
-3231
6838
8204
-9388
-2537
2685
4762
-8209
-2417
-9510
6773
8271
4236
-8726
7880
-166
4940
-689
9676
-4023
-4457
-7319
-5698
-7568
8403
5610
428
-6722
9355
4606
5822
9340
3632
-5484
-9141
9934
2049
4210
-9825
-1029
-1804
-1868
7967
4355
-8358
-3699
-3390
2892
-3355
4393
-6449
-7879
-7330
8331
-7898
-3547
5448
3527
3587
-3271
4516
-7217
5082
3616
6909
2029
9539
-7224
6940
-8877
-5105
4550
-1696
-3554
6202
677
7599
-7852
5777
4629
859
-5350
-9917
9033
-2408
4613
-7449
-8147
-699
4755
-6011
-1934
-1689
-1202
-88
-900
9034
3213
-6749
-2244
-379
-4860
5002
-4999
-2866
285
9286
-7378
-960
-8067
1004
-8915
1734
-6374
2839
-5397
-2642
-2648
2973
-6825
228
7009
-7022
-5858
1889
5691
7370
-4291
2034
2520
-9122
339
-8866
-9723
676
-5814
259
-3621
-600
1860
6903
-9304
5691
3012
-8460
6199
1407
2365
4767
-1726
-2096
-3539
-6192
5717
-3506
5547
-5745
2335
-1073
3902
2444
-1260
-3347
2341
1775
4774
6665
-2428
5753
14
-8859
5904
5200
-8888
7774
9037
4620
-9012
-8728
-8333
-9171
-1446
-3976
3803
-5090
9783
4993
-706
-4500
3266
-4220
816
-4344
211
-4518
6628
-5921
-6620
-8147
-1854
5611
6634
-7531
-8617
9930
9269
-7009
-4098
44
8666
551
8670
-3718
-1207
-5978
779
-1407
-2367
-2133
815
8130
-5953
-7238
-4251
-4287
1835
5770
6398
3720
2541
-7150
3503
-1820
-151
-8583
1585
-2796
-6288
-8903
-2953
5027
9619
-6688
3104
-5415
-5711
-8797
7437
-4406
-1928
2212
2233
-2751
-2940
-5770
-4692
1293
-5920
7116
8830
-9379
-6543
-2929
4397
-5646
-1135
7578
4996
-409
7938
-8821
-8494
-9797
8626
-16
-7321
4753
696
8181
-3487
-3284
-598
-1879
7628
42
-5513
-7112
-4650
6929
1267
-3981
1221
7670
-3629
-9235
4661
-2121
4476
-5651
6909
-4413
7405
778
-6816
-4228
555
-9744
-5885
9061
7571
-6390
-421
-6044
-4070
-636
-6274
-2167
9588
2749
-1093
-2229
-3049
8916
3534
-809
2088
1110
6639
6410
5320
7669
3186
-2125
-5293
8004
9006
-9235
-6751
-2124
4092
4981
-9126
3887
-6354
-8522
-2979
9794
377
1810
-8515
8733
6181
980
2163
-7503
227
-8690
1403
-1491
-181
-6938
-1849
-5495
3536
8204
5794
9165
9251
-378
-9302
1209
-636
6939
5989
-5874
-4274
-9654
7717
-596
2466
5696
-1699
2223
-109
-4402
8493
-4001
821
-8097
5495
6297
8536
-1268
1523
1862
1671
-3999
-5688
-6811
9851
-4914
-25
-7109
-347
-3380
-5973
337
-6147
-990
-103
9804
760
-1183
2503
-7051
-536
-2312
5612
-6237
8358
9788
-5012
8650
-9161
2493
-2875
-3925
-9312
-6212
608
-2142
-6439
-9112
5208
3687
-920
4360
-6286
-5479
3029
-7485
7627
4583
3216
7086
2900
6683
2855
-4283
-1814
-418
-2780
-3258
-109
-3052
1118
4784
-6745
2652
651
4005
5173
9631
9582
-3989
9210
3581
-8930
-6821
2892
-3616
1406
-3377
-2308
3348
-5617
-4906
-7440
-2443
-75
-7189
8816
-2472
-9479
9104
1976
-7814
515
-7443
4434
9953
-7322
-9225
1008
5166
-9269
6980
4643
-9954
-5221
477
5052
-3130
-7537
6558
-1090
-2869
8121
-4123
-6443
-9958
-5679
7385
-8589
-1642
-6896
-2430
9612
9545
5658
1902
1041
141
-3641
-3105
-1168
6905
1921
-3664
1794
-8601
6701
6925
4216
9599
-417
6320
9127
419
1829
-7822
-5278
3641
-7741
-4014
-1531
-2786
2530
2510
3190
-2668
-9904
9920
-5174
5339
1596
9222
8526
6644
8917
-8520
-9027
-9654
5430
2615
-3123
4717
-795
-9253
8586
9384
9030
9346
-3607
-1329
-4398
472
5833
7281
82
-4816
-2253
9970
5706
-2589
-8672
9965
-4631
-7634
-5403
-8474
-7571
6448
7492
-2510
-8970
8239
-8887
-8692
474
-7059
612
7422
5786
4086
2720
8329
-6235
-8998
7902
-6934
-8702
5533
-4561
-5304
-5023
6592
9672
3757
1133
5407
7831
-1122
-9795
8112
-7392
3018
7662
2260
4458
2992
8101
-1904
-5163
-1671
-7812
-4839
-5772
-6994
-4453
-6268
-5695
7195
6190
-2538
-8105
-5684
7786
-9819
-662
7990
-4166
7402
4882
4916
-3759
9867
8781
7610
6630
620
-193
-7786
-1527
-8278
-2069
9328
-1720
6985
-2928
436
8619
8882
637
3308
379
-8312
7090
-2822
-2284
-7859
1602
-4426
-9086
8100
8226
6377
8788
-9931
-4482
9837
9903
3791
-7775
7090
-6621
-1188
-3279
3542
-8094
-1605
-3781
9489
6973
4912
-8372
-1222
3583
7367
8447
-831
6499
7633
-2166
8404
-3171
-5549
-6286
6683
-6744
1659
-904
4750
-9622
-9729
-9151
-5120
-8971
-3768
-6238
9822
9474
7231
-4581
-2750
-7271
7493
-9365
6701
5654
-952
8488
5990
-3742
9614
-3269
8274
7709
1010
-3603
4074
-999
1367
2477
-5723
274
7456
2128
6047
2850
-9037
161
-9536
-84
-8682
-706
9094
-5475
9145
1514
-76
3602
6761
211
-5798
-8524
5901
4628
-102
-4068
-5070
5454
4482
-2396
4120
3777
7567
9521
-189
9724
903
-3431
9875
6382
6575
8954
7796
-7678
2739
-4593
4719
-2904
4007
8383
-609
-4675
3640
-7817
-508
-6970
-8093
9963
7045
5756
4508
2230
4763
8315
6113
6130
542
-2057
2538
1275
-7634
-9166
355
9163
4931
9621
-1179
-1688
1957
-4860
-1778
4765
2744
2694
-6703
4624
-4918
1563
-4931
-2301
-1488
-1862
-7442
-7371
2927
-3366
3682
1146
-8824
-7464
-5314
9949
1642
-4843
-1748
2840
-6972
7020
-6606
3586
-7781
6582
-4253
5316
2014
-9300
2236
-1087
7524
397
-1543
-328
-1000
-9419
-405
4834
5299
7170
3633
-3571
-3325
-873
-5038
-8292
1111
-1496
5899
-3717
4032
7643
-2134
1464
8631
-583
-1291
-2316
-378
205
-2279
3015
-4325
-2912
4838
-2062
-2490
-5253
498
-5823
1150
-7885
3711
6715
9190
3999
-5400
4486
-2783
2113
-2602
5009
-2085
2624
-7158
-2840
7578
750
7114
-141
-9036
-9858
7070
840
527
-3783
-1198
4977
-4694
-9971
840
-1287
3340
5637
3323
-8808
-152
4090
2279
2400
3622
5557
7406
1728
-6207
-6854
9369
-1510
-776
7941
-198
-2850
-8600
-2035
-6944
-4912
3161
1107
-9157
-29
2332
3526
2980
-475
2693
3630
1842
9457
-8447
-8643
5193
-7607
-7216
-3445
5076
-3863
4111
2047
6171
-8313
-209
4101
7966
-6715
-2218
4927
4162
-3147
8837
-2553
2566
4934
2771
-7477
-9527
3088
8645
-9747
-9813
2189
-9972
-9229
-9226
-3806
-4666
-9816
-2414
1556
-4638
4552
4315
-292
-385
8301
-7991
-8398
7355
7788
-3204
-3157
-6000
-9935
7979
-7777
1933
2619
-6030
-1504
5239
3674
-7417
-6367
4963
7631
1437
-6749
2640
-2187
264
8626
2120
-8597
-8666
-9824
-8748
7049
-5763
-5722
1877
5388
5100
-228
-5024
-6056
471
-1782
6883
-273
5029
-1954
8751
5226
9953
-1293
-1629
-620
-8810
-3973
-3165
9212
423
-5226
-2286
3864
2811
4158
-620
332
8182
4434
-5167
2848
-5108
-8418
-8152
-7932
452
5122
-1912
7275
-2620
-3815
-292
6683
6400
790
634
4281
2738
-7017
-9399
7302
1846
7408
7213
-4532
-1138
-6624
-8675
7244
-745
-1390
7883
-6761
-6700
-3850
-4868
442
1004
-5540
3999
4204
7336
2463
9436
-3941
-4450
-9827
5006
7990
-8289
2272
2842
-3737
5346
-8805
7573
2338
-9550
-3263
4864
-9687
-68
2238
-9341
8640
4974
-4189
359
-8702
-2463
7434
-9280
4876
-8993
664
-4981
-7825
-4117
-777
5299
6291
5154
-5683
2548
-7831
-8938
6628
93
-9770
9042
8903
-4099
-4452
1557
4170
5651
1358
-9469
2875
-1348
-4526
3620
-1955
-2077
6240
1348
-5197
2550
6099
7978
-2209
-9479
7113
8076
-4592
-9855
-7630
1672
-268
6926
5382
-9234
1720
-4200
-1726
-6260
7082
1304
-1719
7053
6160
-9537
-7824
-7438
-6221
-5707
6286
8237
-8242
-3565
2115
1700
-7366
-2842
5601
-8162
2097
6067
3917
-831
9964
-5704
3807
2855
4993
-1775
9039
-1152
-9543
-2250
-9084
4361
-6492
5819
5967
1184
8725
-1996
-6581
746
-8312
-6676
2001
8155
1346
4560
9410
4534
-3420
-2197
4818
8595
-3510
-3834
3813
-9050
-932
2339
6624
-2676
1885
4080
2082
-3201
1100
6739
8881
372
-2223
-7078
-498
2396
-6385
-9197
-2704
-3108
-8162
-7470
-8764
1868
5161
-2542
-9547
-7664
4229
-3985
9793
6516
-4729
-8328
-2396
-4508
3188
-5258
4885
-8483
-6552
4733
-3424
-6640
8993
-8730
-3701
-7104
-2761
5786
-8373
-73
8155
-8260
6949
7797
3062
32
-4134
3400
5919
3335
-9558
-6919
-623
821
1420
-8470
-9046
3593
-2606
-6829
2061
1538
1659
-8164
-4884
1019
-9090
4326
-4368
3519
3172
-7662
-421
8344
-612
-5840
8779
4444
694
8839
-3877
7413
-6692
-8886
-417
-9869
-7189
4507
9871
338
9840
5109
7282
7419
5722
-8116
5162
8792
-100
-9787
-5254
-7785
-3443
1633
-7052
-7959
6845
9683
-7945
-3578
1332
-7581
-9023
1492
-8439
1676
-1748
149
-7577
-2455
-9671
-9193
-1562
-9950
163
9
-6515
-9164
9069
5873
6482
-4363
6143
9617
9012
7463
-5058
-4745
-3290
-4092
-5570
8996
7992
-3832
5377
-9033
-5422
-6254
6418
6112
6814
-8947
-3029
5715
-8010
8702
7366
5961
517
-4884
-3053
-9230
5811
-150
4743
3359
6916
-8867
-1550
-7337
9349
9835
-1366
-9869
1041
8785
-6168
4241
-4747
1413
5151
8432
-3456
-8860
-5208
4137
7848
-9108
-4439
-1923
-3131
-4853
2575
9914
1892
6811
-9037
3162
9698
1234
-5807
4780
-4747
-2280
-2027
-4609
-324
1962
-148
-8573
-9848
3123
477
-5324
5871
-6093
-3123
9597
5742
9173
-6703
-1651
-293
3698
5042
5811
-1777
-1513
1388
7163
-9847
-8880
-175
-2860
-4299
-5864
-8273
752
8489
-1814
-3672
4448
-6798
7254
-2004
8864
4306
-5437
3727
-5348
7403
-563
-7678
-3460
-6703
7593
-9830
234
-5557
-7174
9964
5574
-2625
-7480
8579
4615
-3957
-9998
9666
-3585
2322
229
882
-2680
-7031
7458
-757
7744
329
-6735
5684
372
7209
-8318
4594
-4410
3484
6350
4478
-8750
6954
-6382
7631
-6258
4040
-5503
-4022
-4925
-5976
8267
2977
4305
-7848
4634
-1209
2917
-8309
6849
1889
-7372
4420
-3025
8382
8377
-9772
-4788
9549
8185
2908
-9723
6835
-1626
1305
2046
5382
-6392
6264
-7314
6304
-5535
-6757
-4367
5335
4125
3620
-1706
4905
-9065
-7795
2855
2601
677
-8738
-3351
6231
5381
-6592
-9985
3321
-4469
4922
1206
4826
5739
-4359
5849
-9780
1822
-2688
3278
-154
5841
2879
7571
-6786
1772
-441
5393
-797
-8143
9578
7501
-3590
-5032
-6252
196
335
6663
1552
4394
-7614
306
-9353
-8477
-9238
6933
9012
7706
4040
-8403
4556
-4231
6106
-8398
1712
1767
2163
2142
-249
1809
2623
9369
-4147
-1521
-5019
-7881
7459
-8071
5105
9689
-7859
-8947
-6348
-4624
-8024
-8314
4004
-5311
-4509
-9618
9915
-8394
-5808
2988
9513
9385
2562
-8936
-6727
-9960
6776
7891
-2292
-6181
4448
-1518
-34
1706
-1360
7496
9597
-6647
7794
-9354
-5776
9247
3858
9857
5516
-9014
2957
-6494
1838
-9722
7232
239
-1055
7916
-5503
-3976
-3805
5531
9747
6659
1733
3790
-8388
2716
-1524
-9668
-1444
-3902
-6763
-7670
-172
8018
9725
6244
3552
6012
105
-2718
2638
5679
-7227
5873
270
3058
1084
-6503
3154
6771
1178
2259
-3501
7705
1355
2104
-372
8502
1632
-4427
9034
-6777
-6343
-1734
-8187
2080
-193
3872
-6023
1545
-6072
9253
-9883
9591
4225
-6137
-9311
-1283
3311
3950
-203
9789
3820
-6562
-5522
5428
3094
-9703
8858
-2627
-2047
-8109
7114
2531
-2736
-9179
-4685
-6738
3856
5871
7220
6075
-6988
4113
1083
8622
-7483
-5823
7602
-7906
7847
6462
2307
7292
-6559
-7886
3551
3195
8708
-9174
369
-6797
-1879
3685
-9050
-422
-1100
581
-6956
-778
-6152
-680
-2545
-1615
1044
-9659
-4605
-519
9069
-3476
5793
-2953
5134
4997
6224
5501
2095
3176
-3558
-8326
1142
-3743
2153
-2054
-7529
-592
3236
8495
5946
-7486
-6080
-3048
9579
6733
-6629
1125
6256
889
-5075
-1204
-8251
-2046
2654
245
3637
-2073
-7540
-8226
-9690
8490
-8069
7573
7797
-9978
2843
-3375
-4294
5200
-9596
7051
2572
1922
-3345
-3303
301
-1925
3879
147
-4419
-3786
-357
1127
9517
-546
-8664
2746
-9530
3039
-5212
-2131
3251
888
6282
-9719
8854
-1137
8410
8011
7085
8352
-1578
1187
32
7694
-7748
-7959
2909
-3211
-5500
-2433
-4752
-6499
-2342
2232
-6111
123
-1342
3198
2881
4317
-6085
6657
5666
-428
8474
7241
-8540
-7131
6267
-7910
-2181
-5335
-4196
7153
6297
-2607
1239
-3430
1975
2673
2328
4651
9136
8616
-6662
-5974
-1014
5099
-8486
-9459
-5110
7275
-1364
-9071
1873
720
-3835
7220
2896
-9941
-9289
7281
6833
-3734
-7082
7428
-9194
-7897
-5562
8267
-9844
-6042
1333
-2049
7377
7597
3166
3481
8545
1045
-38
9011
4354
4407
4914
941
8431
-280
-6589
3600
2845
-6793
-3533
-7474
8532
5025
-9852
-2814
5367
7393
-6800
-3719
-9615
-8217
8096
-3754
-3710
-2861
-9231
4715
-1516
-1440
2801
-4683
6669
6695
-5109
-4638
-2605
-6742
-1134
-6805
-4347
-9352
-5035
3655
4533
-177
3726
1018
-3124
1360
-6438
1119
6425
9706
5944
-6044
1574
1220
3596
409
-9086
-3071
-6701
1359
1266
5214
-3145
4199
-574
3340
5142
3777
8259
-1850
9368
1155
-5421
7358
-8338
8197
-4463
-8864
-3285
-2605
-8250
-4645
-6200
-3225
-3624
-5226
7486
-9270
542
3818
-7744
-7021
-839
-169
-109
-4858
-8944
2666
4530
-2396
-2497
-8074
5028
4538
-4444
-39
5428
-4176
-9022
-8694
-6059
3756
-4824
-1804
-7814
-8148
8260
6678
4299
-6298
-5882
5446
2084
8705
955
-4271
-9204
-6214
-3927
3407
-3423
-161
-4753
-3143
6600
-6039
-5299
-5824
-5749
9290
-7515
2579
4830
7161
3632
7144
4894
-7647
-7609
-7267
7769
9042
433
-3636
-9191
357
-8151
-986
4154
-8510
-8857
-7554
7670
2931
2503
8234
336
9978
8731
8085
2727
3741
-1206
9991
-1959
-6208
-8049
8723
9224
-5907
908
7354
-174
-4610
-3564
-2501
-819
-6416
2186
-5505
2731
-6588
1412
-1358
4648
5403
7021
9785
-7928
8844
-7296
6304
4748
-2026
2970
1991
-1978
-7589
-9324
7732
2105
-5620
399
-6361
9865
-4210
7164
-4119
1851
-9478
7982
883
458
-7616
-209
-6664
7337
-1143
-9102
4655
-2357
1084
-7975
-7078
932
-4187
-6613
8537
8302
-4735
-5989
-1502
-4885
-8940
3188
-7205
-9712
7362
9186
1362
6111
-8393
7671
-6681
5271
-2210
8758
-303
-5756
-2704
-5800
3600
-2757
9919
-3313
-3121
831
-1621
-2111
-5859
7921
-8594
-1398
1179
3416
906
5907
7916
8362
3853
-7935
9154
9300
-3890
-3398
581
2718
-4078
-2935
268
2874
3773
-576
9095
-6883
4578
2897
3140
-9511
-172
6883
-6381
-6065
-2962
-2086
3896
737
-2478
-8707
-2727
-7478
-4254
-8647
-8671
639
7211
9480
-5188
9290
-8030
5172
3180
-5340
3233
3589
-2361
5321
-8142
2430
2840
8170
-1885
-9294
-232
-6177
7463
-9655
7562
-8791
7917
9928
-5122
4908
9595
7016
-3370
5681
-4164
9111
9844
-3295
8300
-1405
2287
7365
-4805
7102
-5939
-9090
9762
-3464
4649
3546
100
-6306
7076
1976
-7955
6672
3199
-2211
-9494
-9881
1910
-4539
6473
7384
-3209
-8274
4837
366
-7381
3537
2294
-2051
1271
-3092
1207
1112
-5708
3617
-6302
-9350
-6
-2807
-6235
7034
9711
-1989
-1627
-96
-1705
-6540
-1251
9854
8300
1789
-9803
-2880
8805
-647
-305
-6007
3125
-9883
3771
-6841
6268
4964
-6707
4261
-8202
2040
-3990
7937
-1406
-7645
8251
-8748
-8736
7349
748
4630
8596
-3658
-9325
6567
992
-6037
5999
8128
9789
5748
-2675
-1394
-4282
8966
5901
-2518
3497
2255
-657
724
5132
9884
-9639
8205
-1024
-6835
9237
8416
9605
5440
1347
-4641
-4061
-3615
2382
4960
4731
-3709
1620
-96
3040
1177
-5547
1855
-2029
6910
-7047
2678
-4020
-2616
-9797
-5844
-7844
-307
9986
-8259
7831
4031
-349
-1984
3584
6313
-4917
2527
8393
5800
1535
8132
1682
-9071
8905
2272
-8304
5059
-6016
7923
342
-723
2689
4111
5891
-7882
-777
-9038
9768
-3114
-2417
5716
3726
4256
-6323
523
6794
-6993
-2627
7134
4283
-704
-4477
-1211
-5950
7786
-24
7259
-6067
-4110
-3140
-6318
2581
4679
-4351
8662
-5902
-4406
9981
-9160
3882
-3203
6029
1729
184
-4760
-3641
-5302
5058
-2137
-3795
4976
2427
-3454
-6355
-857
5655
3648
9927
1679
9603
4686
6475
-6416
-8617
8421
-2467
7778
3768
-7633
-7816
-6015
6319
1008
-6739
-9110
9126
5510
9270
-1634
2877
-9517
1104
-493
5532
-621
576
-2375
-6911
6486
-1649
5550
2215
6440
-353
1467
7477
1025
9871
-2968
-729
6847
331
5558
-5243
4423
-1170
-481
3803
8
-8845
-9336
6458
9367
1151
-9065
-7764
-9381
-3544
-2729
9267
-5611
6938
1636
-457
-996
-9849
-8964
-1738
-9710
-5143
6862
-1339
4819
-3065
9943
-7740
9725
2283
3479
-1299
-7037
-9789
-8045
4313
3381
7958
3501
3617
1448
-9769
-8458
-7691
-2213
-671
361
2305
1305
-671
7947
-5627
8148
9648
433
8464
7395
-3584
-7234
1634
-7166
2887
-8919
9233
-4929
-2055
3132
-6421
-7268
8193
1572
7395
-6860
4982
-2024
-1655
1484
-2067
-5303
5898
-779
-2796
-9746
-2129
-1308
-121
9417
-7206
-6427
9343
6806
4884
-721
-4621
7039
3111
-7
8019
9238
5105
-5266
-4559
5453
9807
6649
6931
4119
3653
1693
-1646
-9630
-7416
-2642
9162
-6582
-4750
6502
-2857
4446
-2250
5355
8632
-8585
6437
-9861
3988
7764
592
-9300
1407
5824
-2156
7615
7747
-5179
9686
8657
9966
9621
472
-7567
827
8350
-9199
7214
8647
-3748
-4673
5303
-1128
9106
960
9874
3765
4663
-9178
-9360
1521
8165
-6556
-4132
-6198
7564
-1758
-873
6497
7035
-4566
-9665
-8268
5172
7380
4704
-4271
-4053
3355
-5018
-6788
1272
8143
6579
-5959
3059
-738
3633
-5935
-4432
8564
3053
-6591
5714
-8866
-9961
9721
-81
4721
-6040
-5680
2436
-4097
4971
-468
-7766
1454
1645
68
-7197
5904
-4848
3070
1156
7301
-9793
618
5064
3679
-4338
-716
8187
-1364
5867
-3099
4687
9621
-3323
3028
-9684
7121
6134
-2906
-3507
6615
422
8839
9277
9854
-577
4124
-9585
-545
7068
-1607
6617
-8039
5936
-7807
5643
-2003
7419
3608
3885
-9213
-9080
-5375
4846
-4130
-4119
-6027
9902
-5600
-6446
6193
-2615
-844
3541
8136
4489
6095
-3011
-7721
-5638
-6562
6002
-4794
-5233
-5711
8849
92
-1929
1267
4964
-8070
-2082
8284
-7209
4252
5432
3292
-1814
-3290
-5553
-4181
7531
3877
-1732
-9152
4775
6011
2760
3598
486
-6890
-1590
789
7158
-206
-6888
-2172
8805
-9277
-7757
2661
-9843
-9959
-7614
4780
-1704
7883
8885
-2070
-8697
-4030
-2588
1168
-2690
-7908
7806
-8971
-6513
8948
3067
7299
1091
-940
-8160
-5730
-6563
5777
-8653
-2421
-7272
-4932
8913
359
-2382
-7663
2482
3934
-5782
-4869
2057
-7849
-7605
6149
-9506
2790
-2395
-702
7657
-6334
-2518
-617
-494
-8793
6315
8340
3861
-2083
4906
-4421
-4944
8688
-6677
911
-204
-8106
8061
8943
-5800
-6391
2884
3829
4778
-5680
3753
186
-1882
2328
8787
3627
4153
937
7939
5923
-2688
-5840
-8717
497
5434
-9422
2862
3990
676
6748
-3398
4788
-9000
-8197
9067
7100
-6927
-2237
5419
-2277
4856
1271
6964
-9558
-2931
-5306
5698
6026
2859
8385
-6268
-5768
3273
-6321
-8256
-1388
-6496
-4412
4034
4776
-8540
407
-7124
7280
-1516
-4789
-4434
-3245
3748
-6464
-834
-1798
6423
-8685
1903
9923
4393
-9587
-6160
8616
4646
1132
-635
5167
-8067
-914
6233
172
6620
8362
8594
-4346
-1878
6617
6869
-4888
7451
1025
9504
9023
5419
4647
-7357
9056
7085
4161
4684
5289
6839
-5145
3395
-9583
-4084
7385
-6759
8200
462
6910
9302
-8069
1365
-4624
-838
-8446
-296
-1603
4480
3933
-8254
5821
-5148
5043
-8275
4300
5024
-6924
-4679
7008
909
843
-4015
7949
-2497
-453
5068
2063
-2597
7625
-9483
2711
-3279
-6932
5529
1390
-4023
7978
-8462
167
-343
-3929
7098
-9503
-1868
4643
7832
127
9454
-1692
-2260
-1862
-998
6459
5376
-3660
6110
-9513
-3454
5567
-3220
-4525
-5264
9346
8621
5094
2905
-1409
-7145
-5570
-9764
8912
-181
8133
4760
2395
7832
1524
-3109
8281
5769
1804
-7293
-5182
-5182
5700
9140
-9255
7359
-4764
-425
-7621
-2694
-2010
-1732
-1986
9600
-4032
-709
6405
257
-6774
-8773
-2567
-2436
5427
-5887
5108
9697
-9918
6564
9773
-3883
-7376
6802
7617
2706
-5598
-9642
8207
8103
-9500
-3227
-5187
4919
-5325
9522
-1469
-1215
5795
2553
-922
4386
6849
7731
791
6008
-7848
-4067
5762
-6164
7530
-4179
-3584
7560
7054
-5864
-4779
-4849
-2169
8476
-5276
2592
9880
-430
8960
9404
-6079
2199
-1648
5713
-7886
-4142
-9961
-1553
-3714
-9865
1679
6452
5668
-9833
6608
9752
-8410
9734
7790
-990
-5745
-5843
5059
-2666
4255
-5101
7664
-5857
-2799
2742
2440
-250
-5346
7289
802
-5486
-3822
-6200
-9218
3974
1091
-8210
6690
-7690
8834
-4682
1760
4098
5686
7369
9734
-429
3372
8761
-3765
386
5150
-1283
-5006
-4075
-6910
9496
-1865
9181
-3200
9932
-2968
9136
4653
8491
6119
-153
5804
4631
-4822
4565
3838
1229
-3829
-8886
9847
1679
6424
7033
-7110
4692
-4861
-9460
-3681
-6715
-6205
-8355
7272
6396
-2815
-3337
6508
6284
2150
5666
6772
9835
-7853
6109
-2369
-4130
-2574
-5181
-675
-5558
-3518
-3805
9926
-8872
-6461
-8481
-4052
-2729
-5309
-931
1175
8382
-3773
5393
-1095
5668
-4271
1741
-5225
8978
-133
-8220
390
-3261
-3746
-8663
5742
-7116
-9311
-2357
7106
5590
7896
1587
3030
4527
633
4587
-5178
-2207
8675
7810
-6301
-7413
-1973
-4587
9026
-888
-4673
2309
-3024
7742
4810
1366
-1524
-4951
853
2732
835
5232
5749
-6177
2657
7407
-6598
1930
2610
1113
7655
8741
-1414
-184
-412
-1001
-2957
3557
829
-3159
3653
6091
-8828
-5860
-8824
4726
700
9648
-774
9964
8550
-2650
-1372
-5651
6382
3660
6169
-1094
222
-9218
4122
-6296
1810
-6576
4469
4788
-3324
-287
-1631
3612
8452
-2767
-3421
9006
-4770
3039
-8135
2139
-1764
7303
4060
7875
-3977
9357
-304
5437
-6711
4047
2963
356
-3552
1963
637
6430
6475
-5948
455
8805
3144
-4286
9133
-2796
-5931
-9049
7732
-3660
-1704
8332
993
6674
1877
4227
-7988
-1267
-4452
-7562
-3619
186
6061
-7411
6789
2307
2262
650
-4250
-1460
6306
-9360
4881
1888
4398
6397
6529
-1005
25
-4261
1687
-7598
-5203
-2604
-1863
-8975
-4889
-2279
163
-3904
-6504
-7638
1440
-271
4785
-5891
-6039
4758
-104
35
-5267
5326
599
4689
8968
2992
6867
-4302
1795
7272
7179
-8265
-7028
-7597
-3560
6717
6475
-8346
-6368
-1106
7928
-3741
-8281
3676
-2716
885
-8063
3493
-3079
-8193
-3120
-9839
9810
6452
2388
6561
9259
8779
-6745
-8105
-1544
5290
-165
6431
5768
9761
-1141
-3090
7600
-5263
-7381
173
-7167
-8193
-4119
-394
-7652
-7904
9760
-3517
2606
-6109
-8593
1413
-5394
7101
1148
9365
8813
852
5873
-720
9398
7311
-4232
-1409
-7890
1414
6029
-2302
-3959
9811
7696
1564
-7973
-7028
6648
-7041
2889
-6754
8521
3187
6351
-7441
-9493
70
4796
5807
-3008
5085
-8269
-302
-1959
-66
4026
2883
9370
1633
-5976
-5841
-8290
-551
8370
4779
9870
9800
-5700
9612
2703
2291
9858
7052
933
-6067
-1333
8347
-4153
6997
8682
-7028
2693
7345
-3834
226
-7582
-9271
-3268
9640
2213
-5777
5988
5150
-3429
-8117
3317
3804
1103
-7516
-7283
4330
-7686
-878
-6455
-1091
-1404
2404
-1436
6988
6784
2731
-6099
4516
6275
2344
5706
-9661
-6977
8893
3881
2518
9832
-7198
-5107
9747
3187
9109
-3497
45
-5423
5772
-2884
-7641
6288
5937
119
-8793
4616
-2384
-3647
7515
-8547
-7011
9704
-37
4635
-5252
8077
-3308
494
-6660
707
7734
460
4838
7027
220
-7231
-2798
7129
-2810
-4748
-7430
4215
6463
7908
6227
66
-9977
6913
451
7157
2849
-6959
9430
4365
-3185
1284
9090
-2690
670
6689
-1284
8887
-2612
107
1268
-7463
415
4744
-3561
9578
-8025
2226
-3184
451
1112
5158
1571
7115
-2898
-956
8911
4263
566
546
3221
-6029
-7423
7338
5160
-5647
3827
-8267
-3231
1695
7374
-8186
6610
-3196
6705
-2234
9697
4611
6406
9798
-5364
-3448
-9489
3482
790
1861
2709
-9888
9227
-6270
8654
-4815
-5287
6698
-1858
-4898
-166
4983
-3426
-3748
9012
457
-3683
7411
5132
-6446
325
5616
-9654
8306
1379
6731
-6442
1524
7941
1924
-1747
6175
5277
2649
-9575
9687
8610
801
9099
-6428
-245
168
-7472
3133
-6433
-1379
2186
-9229
3492
-4631
-1120
5729
-1215
-5079
1708
-5858
-5177
2159
2294
-3883
-4319
-7487
5480
-4783
4822
-9732
9559
2923
3788
-2741
-7079
8359
-117
2352
994
6585
2609
4403
5792
4812
7158
1467
348
-8384
-2072
3459
-5319
-8857
-3444
4992
1209
8212
-2079
4342
3940
-7156
-1011
-7418
-1798
3845
-6360
-2089
-8637
8232
325
1411
-6671
-5858
9701
-6866
-913
-651
-7190
5389
-9290
-2175
7878
5876
-1765
-949
3382
3664
-7574
-6912
-1265
-820
-5849
-5409
-8597
5064
5773
1406
-6102
-6134
-410
8866
-1715
-7140
8361
9429
6113
-5528
7119
6615
-7735
680
-6325
1880
-6009
-311
-5264
1788
-3311
-6803
7449
7910
6674
712
2990
2298
-2552
-8138
-430
-2468
-2417
-6138
4955
-9051
-3849
-9429
8535
8234
-1062
2640
-1447
-8275
-7109
-4386
7425
-5249
-8914
8748
-8978
4933
-6036
-9334
1901
3
588
9420
105
-3597
-447
-9103
-1142
-7589
2329
-660
-617
-3754
-635
-6176
5441
2307
2686
-9449
-9974
9911
-1981
7101
6449
-5391
3524
4242
1418
-672
-36
-68
4455
-6936
-8111
4429
4784
-1760
7071
2746
-6154
-5358
8933
-1981
7677
7369
7484
630
-9846
-2254
6196
-5781
-2164
-6386
-4359
4207
-2997
-9902
4829
-5254
-6446
5641
6951
-2354
1308
-1902
3171
-7718
-1522
7918
73
-9210
-4228
6846
5979
5083
9632
6497
4159
-354
7611
-1659
7802
410
-1140
6824
-3551
-302
2503
4928
5834
8594
4470
3048
-6802
1985
-4154
6984
4284
-8385
-3570
5408
-49
7890
526
6465
-8827
546
-4742
1803
-3419
1298
9333
7384
-1849
4777
-7717
6037
770
2153
-1494
538
-7695
-3687
1138
2671
719
-4572
-8311
-1708
-1720
3697
-4128
9928
4368
7733
3535
-417
-7596
-8203
-7360
-6464
4829
-5953
-436
4197
-5384
-949
2902
3994
5439
1787
-8875
-287
-8965
3242
-5961
-5497
2969
8728
6826
-9032
-950
4456
-4537
-2623
-1846
4535
6599
-1245
7211
5200
-8005
9175
8381
9002
419
-6568
7653
-5478
-6169
7061
9071
1317
7461
-948
-9072
8303
-3040
-8339
5222
5431
2306
-7592
-6090
-1516
-3437
-2829
358
6180
-9129
160
7398
9115
-1905
9850
-6195
-7061
9076
-5450
2849
-3361
5420
6186
-4402
1795
5880
-7430
3437
9445
8167
1265
-56
3131
2447
-6714
9876
-8969
4685
-5897
-8675
2020
-4593
-7764
-1342
6570
5918
5256
-669
-2156
3449
-1362
7578
1957
9588
-6609
-8392
-9997
6941
-3550
-9912
4545
-3622
-7910
-2494
2057
-775
7014
-2941
3224
3180
-7451
6989
-1938
4422
7847
-4234
-253
3466
1065
-9810
6173
-5945
4964
-442
7879
-2100
5607
7927
6121
336
-6415
-568
-6687
312
-4331
-1198
6826
-2884
1250
6755
1676
-3468
-7724
6340
-3385
-2134
-2570
-8094
-107
7871
-3055
8518
-4278
-3869
7536
-767
-9904
2276
-9725
4099
2294
9409
-7830
-661
-6115
-4975
-4405
-7885
628
-8075
8578
-1452
6022
-1930
-1557
3748
8468
-9605
-391
4098
8795
-2279
-1257
2404
424
-7100
-832
6805
-7833
7108
4631
7817
2836
8124
-1356
712
-7576
-5575
7972
8601
5801
7626
-8
-3896
4201
3909
7288
-3287
4337
561
-1130
1515
-3457
-9275
-2358
-1061
5299
8083
6162
-5312
9469
-9639
3831
-8879
-8671
1782
-7702
5241
-2452
29
-1957
-9780
8365
3009
-5227
-4968
-2683
9961
-7361
4708
6925
-8171
-4670
8474
6904
-465
9404
6500
-4675
-2540
-1070
-8
-8120
2931
-8309
-1851
6692
6336
6812
-7153
-412
955
8500
-7913
-434
-7263
3323
1181
-957
-5025
-2383
-6969
9266
9990
-6219
-5101
9188
-4429
-2177
-9494
7904
-4935
-5559
8222
8215
-239
-755
1386
-7608
-3747
6979
-1109
-8302
1701
3123
3610
-8590
-1831
1829
2666
402
8766
-1055
4502
-4967
4435
3726
6260
4608
2571
-2743
4040
4889
-3679
8970
1705
216
-9721
-3968
9614
347
2997
-1623
-2085
-2759
1259
1935
413
-1408
1614
-4875
-6976
3438
-389
3265
3281
5387
-7279
5286
-9379
-3952
6810
-2864
7774
-1754
9069
9209
5947
-16
-4589
-4810
-8688
-5413
-7986
790
8666
9838
4647
1100
-7758
4022
-192
-8143
1144
-1270
86
7721
790
-4998
-4311
-9714
-8575
8172
-6389
-731
-2792
-4163
1795
-6457
-8142
2313
4441
-5790
-4503
-7890
-614
563
-5070
-9121
3608
-7908
1234
8088
7374
347
-7465
-243
5522
1999
-4518
7422
4829
3690
729
-2522
-3978
3344
3711
3043
-3672
-6077
5746
6774
-3353
-8300
-5265
-3390
-63
-1679
-4101
8372
1768
6377
6016
-3431
4665
-8814
-3014
-9607
2973
-4702
6337
-3143
7070
-2562
-918
1880
-1711
1154
-9177
5976
-815
-2414
5118
1676
-6499
-7190
-5408
7817
-4251
-4713
2517
-1735
-7240
-8792
-9018
1885
-1652
-9165
-6289
-8434
2516
-5228
8413
-1271
5851
2697
4010
-3747
-9260
6017
378
-7591
-582
-5272
-3995
7887
-6954
7161
-1970
618
-203
-3539
-922
-2483
-5112
1404
-5620
273
6745
-4316
-1450
-5198
-3689
1853
-2135
-6367
-3924
8955
8876
9076
6776
-1367
7721
-9304
-4978
1842
-6136
7864
-4763
9477
-5483
-8304
-507
8370
7022
5400
-7248
8357
-6415
2965
1142
2699
-7283
5345
-199
-4015
1270
2830
-3308
2283
7393
3757
-8539
92
-5108
939
-2380
-9510
-4249
6023
7435
6982
7728
-147
9893
2444
5386
5239
6841
-1903
6375
3782
-2977
-5131
647
830
2977
7190
-8083
114
-2844
2179
8173
8348
5087
1213
9602
-7885
2527
516
4176
8602
-9739
-8215
-4389
-760
5624
2860
1455
8125
5088
-8977
1315
9019
-4421
-7194
-1514
4128
-8420
-8846
-5098
1094
6693
5878
-3923
776
-2176
-1692
2316
4966
-2935
9804
-4298
6122
-9818
-6928
7512
-7580
4864
9186
-3136
6673
1514
-7199
-6760
7800
-1767
3943
958
7515
-2893
8456
-5420
89
-91
3660
1002
7146
782
5046
1935
9651
-2766
-8489
-3973
-3285
-1130
9977
5865
809
-1750
4380
9845
3839
-947
8086
-9704
-4075
5594
-5575
-6182
-4476
-1322
469
6185
9379
9958
-5007
6333
8744
6113
-2391
-7151
-7813
-2753
-1684
-1492
-8457
8590
8200
-2520
232
2268
5316
-9266
-3220
5278
-605
-3904
-1733
-6926
3253
8592
8885
-2572
-8153
-2754
-5281
-812
6265
-5204
-5675
3800
-3065
-2355
-7854
3936
-635
-4062
5630
-4050
-6392
7546
6565
-6132
-7006
4755
-6992
-9269
1213
-9372
-8186
-4052
-7067
-5044
-1359
-4426
2490
-5479
3807
2383
6597
-8881
7047
7977
-6054
413
9311
2437
-9300
-6635
4806
7443
-8486
-3296
5132
8114
-1817
8025
-8313
7855
-408
4973
8448
3069
5775
-4742
2627
899
909
649
-5384
6992
8310
3076
-9897
5153
-4394
-6074
4182
6015
4340
3298
-7675
6253
5981
1929
-5995
-1821
-6476
-4981
-5921
5114
-9349
3509
-4644
3974
6186
7610
1585
-6542
804
-3132
-413
7968
1126
-7985
-1304
1378
-1972
6361
-4929
-6162
-205
-8093
9709
-183
-6444
1490
5700
-9320
-1309
-3131
-8879
2621
7024
6271
-6541
2940
-2938
-7603
-1644
-6895
9629
6971
-96
-784
1097
-4171
-8843
-2867
5044
-5443
-7133
2181
-6917
-3075
-2287
5394
-9254
5390
-4775
8610
6567
-8698
8227
3296
9195
8150
-2044
-1400
8040
446
-2384
3982
3987
-1541
-653
2330
-9657
-8431
-8508
-3224
2267
-2383
3702
-7050
805
-1817
3468
1888
-915
2780
-7101
-6509
7818
-5235
1708
-6934
7271
-1346
-1809
4799
-7444
1711
4758
8056
-6717
3762
-8366
3802
-1418
1468
-1775
9511
7600
6736
7561
-2850
5714
-358
-5156
6529
-2455
-3531
2287
639
-8602
1813
-8931
-5507
-2730
-8938
-4021
-2934
-4148
-1404
-7795
-8299
-8819
174
9239
-1542
2902
-34
-1423
-3028
-3233
-1302
8415
-7717
6646
-1011
-464
-9122
7199
9463
1626
1465
-4420
5169
-4034
8201
-2268
5672
-1012
-2878
4424
264
-8241
2113
3103
9737
-4452
-3860
-3457
8737
-4753
-6156
-297
278
-7516
1335
820
-5830
7960
-2697
1447
2488
1792
-5688
-1201
-5938
-7672
-6177
1849
9403
-3836
2348
-105
9333
-3864
1346
7832
4528
-9432
7247
5774
-9040
4484
66
6772
-9065
-3606
1817
4539
3490
8531
-1262
1028
-9315
5372
-3219
715
-1518
7247
-3203
373
1172
5608
-2642
-6101
-4228
-9076
-7469
7810
-3262
5782
1167
-7143
7664
3548
-6411
-2843
7721
715
-7283
-5549
4843
-4988
2466
3452
-674
9721
-5153
208
-5041
-3777
6629
5012
-2154
9643
-6618
7262
-2660
-2039
8292
-107
2171
-7569
-7877
2844
6140
3241
2164
-1569
228
1510
-9245
7671
8979
4841
3429
-2285
1997
4881
-1918
9082
8816
5914
1187
-4870
-5546
-3799
-6240
-11
-6030
8172
9764
-1754
2186
956
6478
4837
-1072
5214
5871
2405
223
-6286
-673
378
-2823
8851
-3062
-8027
95
-929
8296
-6543
4739
6389
4848
1365
-2552
1570
7736
-7850
4605
-9160
-9358
-2138
2851
888
815
-7087
-7929
8785
5061
-8549
-6546
3387
1722
5400
8662
9853
4094
-3667
9523
-2487
879
2879
-2184
-8529
-7871
6503
-6263
-9325
-3302
-3142
1528
-8145
-298
9037
5319
3854
-3046
5771
-9020
-8384
1806
5911
-1865
2938
-4437
6974
634
-7757
2368
7723
-7559
-8077
8295
-9637
7238
4214
5711
5965
4104
514
-3293
-2543
-1373
-718
5659
-879
-7150
5638
-7831
-3139
-5840
-9054
-8973
1755
-9135
-6077
4221
2842
-1804
-1235
-4629
-2583
-7697
-5994
5681
-5287
4398
-2653
-3887
-3801
7592
-237
4216
-9650
5694
-1203
-3887
6816
9063
6715
-692
5313
8229
-530
-290
-5719
-8790
6446
8055
-711
-4872
2750
-6390
1353
-6765
-5148
-5007
4174
-8176
-9340
-4910
8910
4167
3577
4475
-1823
-3947
9085
-6901
-2275
9785
1085
-11
50
-9023
-6853
-8141
-6620
-3612
-6521
3290
7506
9659
4193
971
-5780
8261
182
588
3121
-7297
9047
1421
-9972
430
8789
-6778
5993
1535
-7784
8409
3151
-3080
2220
563
552
8810
-3469
-9498
-6182
7098
-5078
-1326
-171
7009
-2584
-1846
-3908
543
8115
-2574
9342
-4608
-6977
-5691
5462
4080
8596
8352
9144
8552
1441
7376
-9891
-5182
453
5739
-1529
-3368
4032
6665
-1142
-5818
-8725
5934
-8895
8167
-6425
3000
9932
-849
-3451
910
-5842
-4800
-8747
-7529
-9785
7178
-4597
-1912
-4359
4219
9313
2066
-974
8076
8082
8206
-9847
-2766
-8238
-7908
-4329
-8850
-1544
-3163
-1120
5715
8376
6866
-5479
-8614
222
6871
-9778
763
-7938
-7586
250
-2305
-621
-8714
-8788
5897
-7322
7263
757
-682
-8184
-5836
-3448
7321
6507
2688
-6630
-2823
3374
-4842
-4308
-5666
7533
-8912
-7709
8164
-8764
6803
-9093
-212
9221
-421
-6608
3742
-8663
-2728
4906
398
-3882
4671
8520
9118
8546
5068
-2887
-3510
-1711
7397
-9647
3775
6954
979
3883
1632
-8674
-3333
6520
-4761
3877
870
-1960
1481
-9566
-7096
-8928
8342
5466
-5279
2795
60
8564
-2971
-2303
-1020
6022
-9179
7594
-6853
8966
8433
-5718
-1026
3869
7320
4186
-6518
4258
9233
-7001
-1252
2213
3519
-6947
-4293
7658
-8189
2828
9166
-9120
-4355
-3432
-4414
9267
-4127
1633
-438
2476
-6213
-7016
-4383
7358
2170
-5068
-6418
-1873
-9029
-5859
-9786
5270
-421
-7071
5216
-6495
-6789
-342
5363
-48
-8772
8130
1007
-3921
2381
-4355
6640
-1776
-6624
2959
5889
45
9285
-7909
4263
-9581
739
-2739
7099
8604
-7896
277
564
2998
-9092
3274
-503
1847
8430
-7237
-9390
-238
4981
6302
2636
3529
-7933
8497
6235
-4680
8690
-8045
8378
-4746
-7061
-6582
-9201
8124
3508
-4102
264
4999
2439
1728
-2318
7103
-9660
5798
698
1994
8753
-2481
-5772
3185
1867
236
3182
-9376
6037
-9873
319
-7390
9022
-4441
4605
7531
7962
-5523
2851
-6882
7517
6223
-543
2417
8984
-8249
500
-8025
-5336
1783
8165
-5118
-5613
-6382
8140
-7060
4117
2314
-8248
1272
5771
-733
6193
3694
9100
194
-8634
-7255
-9270
-5441
8003
3082
6662
5294
-8095
2547
8858
4989
-1270
136
8999
9292
2360
-4993
3419
-4606
-5524
7473
-577
7535
8063
7967
-2688
4232
1283
-302
2118
4819
7045
9474
-6922
-8087
-1224
-9463
-1141
-6573
5428
-7574
-15
-1270
-1024
5780
-2904
8433
-1021
-6552
-9147
-1825
-2056
-7169
44
6467
-5910
-5715
7759
7888
-9291
7285
-5936
-5689
-7464
-9561
-4953
-7917
-4457
3714
-6571
-9311
-2488
5938
729
-6134
2801
9515
3170
5812
2111
4065
-9169
-4169
7835
3007
-7905
5862
-6866
-4211
-8572
-6181
6190
-6333
1098
4599
-1610
5568
-869
4924
5130
-1231
-221
7925
2685
7355
3756
-3439
-9503
-538
-2576
6343
3684
-6161
4740
7158
-2741
2436
2684
-5197
-5706
-9121
-8073
7625
-5054
-4143
8810
5373
-6115
-7515
-7915
604
-6795
-2988
-8377
-6661
500
7254
-1903
3664
5118
500
9930
-1584
-5036
-5187
-6268
-595
-2133
3785
-4727
7222
-900
971
3146
5609
-212
2556
5320
-7539
-5114
1702
5727
4671
9998
-2804
2840
216
4147
4359
4048
-6852
-3861
-390
1534
-386
4793
-6136
6702
3950
3581
-7375
-7730
-3409
-5057
9316
337
3285
2882
8020
-6121
3039
-6885
-6603
-7211
-5851
338
4878
-8692
-7851
-5079
2055
-2599
-4596
-1736
-8503
-8892
-1440
-4857
-1560
-1053
9631
-1197
-7278
-5937
8316
4950
6013
2182
9046
-9681
3352
1260
-2867
-155
435
-1715
5839
4465
-4761
6479
6594
-4646
-2418
-9898
-9052
3677
-2881
-4991
1133
9700
-3201
5592
-831
-9196
4528
376
-3980
-4341
-3567
-1162
668
-3664
5406
8656
3300
-8885
6539
4946
-1443
-6967
-2547
1319
-1817
-9341
-7085
2069
3790
-4194
3491
-7417
3968
2148
-418
6362
6855
3980
-7395
-7489
-703
-2983
7283
-7764
1838
-6346
-7338
-7892
-9160
6916
-8429
-2016
2578
-3058
7117
-2957
2396
9363
-1240
6524
-6744
7230
-2320
-2761
1235
-745
-4870
4280
-493
8440
-9670
8089
5698
-5641
-610
6399
6854
-4038
9736
4492
943
8435
-6162
-3480
-5552
-3249
-5008
8096
3803
-7167
-8020
2065
-5229
-9922
-9274
-1086
5448
171
617
6040
8175
-1070
-9155
-9923
-1743
-3632
-156
-378
-1577
1779
-6364
5280
102
1380
-8989
-1733
-2566
-6102
3540
-8678
6555
205
1692
8400
3374
5486
-7683
-9171
2289
2447
325
8500
9738
4533
5509
7282
8811
5473
-323
-6890
4255
7107
-6537
-5983
5555
4405
-2587
-1135
-7438
-5451
2351
-7307
684
6867
7818
-7199
-595
767
3057
-4677
5515
-5137
3504
3116
5826
-4067
-2205
1369
5363
5848
-2935
3620
-3758
1827
-7058
6100
-9490
-2910
-3136
6782
8227
371
1988
7141
-3605
-3836
-531
4156
6714
-3957
4428
-3070
-4919
14
-6833
-6709
8384
7058
9436
795
-9802
2396
9947
9480
1257
-1228
-1073
6253
-159
-6718
-3920
7432
-3451
9963
-3062
4600
5189
-7591
-5552
-7074
-1650
1423
7612
7837
2358
-4514
1513
2608
-187
4572
-8958
-9029
8296
-2712
-3389
1104
-3434
-7404
4440
4056
-5437
2582
-2038
-9749
1954
-1640
2922
-9834
-9417
-1910
-8841
5639
3927
4599
-6411
-964
9606
3437
-4597
-2979
-7460
2032
-6056
7305
3893
7210
9857
8255
3047
6288
-8483
4452
3719
8171
209
7931
9713
3222
-5523
2875
-5671
-4524
-4710
9332
3322
-3027
6461
-4066
7792
8242
-7410
-4857
-9801
5546
2439
1267
-1962
-3323
-9246
2641
-2581
-6105
-2859
7484
7142
-1430
5880
-5073
-6449
-9667
8945
2415
-4427
-533
-9819
4243
-9947
-7609
-6745
-6715
-4766
4813
7334
4688
5730
-8937
9084
1100
7396
8424
-3597
-4991
-1401
-208
-1928
-3836
6965
-306
-4792
8547
878
-8235
-3113
6542
3546
4431
2205
-5711
8462
4453
-7203
2338
1
-4483
-5749
-6107
7349
-1701
9515
8245
-9911
4224
4605
9636
5712
-7974
7674
2366
6948
3080
-4926
1715
-6769
-2024
-4708
-7971
-4464
5340
9487
105
-3905
-3896
-8436
-9105
-9516
-5234
797
-6780
9995
1010
9311
-3416
-2376
-3821
6649
-9998
1020
-5176
2980
-7050
-3379
894
5994
-6577
8987
5706
-1032
-444
9429
529
-7662
2490
-9228
-3028
-4799
-6207
-6103
9638
-864
4471
9488
-164
-4651
619
-8542
-8519
9865
9819
3383
9912
-1060
6675
-6541
7265
-4382
4049
-1064
5564
-6890
649
5058
-9206
897
-3063
-5002
9124
5550
-2318
9175
-9085
8470
3428
9741
-1147
3433
-458
-5404
-6835
-9189
3216
-6632
2739
-1522
-9544
-1714
4747
6925
-8895
6170
-8840
5157
305
5135
-9065
-4663
433
-4977
-9375
7559
8324
2898
3669
347
-5999
-9931
-1312
2093
-7348
5015
5259
7679
-3958
8480
-9885
-6162
-4326
-2416
5956
-597
8394
-5348
-3887
-83
-9717
-5194
-3039
1625
1051
6604
1152
3013
-553
-1147
3495
7600
6464
-9857
2006
5837
-215
5044
-9348
-4427
6880
-3369
-390
-6732
512
-740
-1664
8333
1676
-8577
3021
-1629
-1813
-1407
8845
-7710
-3098
421
-3886
3901
-3090
8373
5366
-9323
4142
2349
5320
-121
-8747
3055
5365
-5811
-655
865
-4488
7033
129
9589
2441
2941
2520
5196
-4794
-5804
-1487
-8868
2206
-536
6144
-4220
1698
-599
-9473
6891
-8338
9291
-2701
-3773
9827
-2578
-3249
-4301
-8407
-824
-3413
2172
9570
-6955
-1497
1186
886
-3034
3052
-6502
2097
5165
1493
1545
7486
-3789
6688
-797
-5991
26
8830
8233
160
3636
-3089
9250
215
7082
5895
-7642
-2392
-6875
2255
4560
3241
-2188
2885
6578
-510
6069
-149
3084
-8520
8917
8801
-445
-8043
9133
7692
-3656
7207
-4948
-7463
1160
-6736
-1111
5122
5436
6133
-1231
-1834
5569
-609
1291
-4534
-7906
-9541
-6539
4659
-9577
-281
-5940
547
-2191
-6364
5617
-650
7202
6118
3833
7919
-9727
-4970
-4309
-1746
-4789
-8097
8319
-6589
6239
6000
-3015
-9329
7997
8819
-9446
-1584
6223
8197
-6436
7710
5168
-9806
9687
7160
-242
3669
4921
4565
5233
-9167
-6572
-5472
-5839
-6939
8467
2898
3444
8403
8662
-4104
5604
-2171
1027
-692
2481
-4038
4582
9538
-2306
-2261
8562
-1234
2314
-8283
7570
-7893
-9347
-7264
4652
-7350
-5095
4778
-2274
-369
-1027
-2923
-8110
-1809
-5364
786
-2302
-6172
7320
3174
-1707
7370
-5920
8446
-2983
-4919
586
-9362
6589
9166
8854
2550
1337
3433
8630
-7932
-5261
-7853
1314
5684
-4545
9300
-5539
7873
5831
-3813
7341
-2266
5540
-3265
6796
-1780
2853
6608
6958
9617
-5255
-6461
-5042
-1381
1679
6808
11
-5551
7561
9473
-7988
-9914
-7362
-9791
8817
-2301
-9980
374
5339
2890
8516
-2558
-2807
304
-2707
-8229
6962
-8968
2422
-2013
7037
2505
9827
-7757
-9704
3961
-1844
9094
-2306
7917
1392
9201
-9674
-1207
8697
-2860
-6586
4650
8844
7494
7774
-4983
-2926
7129
3582
-695
-3546
7618
-5976
7784
-8042
7630
-3194
-2198
-4981
-1378
1452
959
-3574
5724
6783
-6653
-7944
-3723
2266
5342
2
-8783
-6889
-9255
-1439
-7250
865
7996
-3286
4877
5849
-8595
-4478
-5223
-4465
6815
9314
-8458
5451
-474
-4687
4087
2035
-5297
3359
-8329
-7163
-2093
685
4170
4935
8998
4308
-5190
9510
-549
-7980
-1087
9787
5004
-5493
9539
-1800
3939
-1598
9345
3353
8581
-4629
-5082
8858
-9944
8947
-9158
-5985
-212
-3608
1688
-7371
2895
7724
-9323
-5678
5455
1252
8176
-6724
-4580
4644
8981
-7030
-7736
-4903
-6693
6815
5197
-3906
962
-8167
-9648
9481
-367
-3084
2442
466
-9169
6857
-3001
-8027
2330
6389
4857
9406
1737
-8168
-9462
4381
-8957
-8820
4524
-3837
-5895
5836
4343
6788
-9906
9177
-9706
-5923
2621
-7725
-6666
-1668
-5296
-3558
-1440
-1993
-9921
-9866
-8405
7141
-5794
8878
2240
4413
-5794
764
7578
8814
-5590
-4849
3098
3580
-8300
-8380
-4277
-455
-6704
8654
296
-4615
19
834
-3120
-1983
2378
-3501
-3159
-9932
6046
120
8071
1776
-4507
5346
8291
3188
-5573
176
-6081
-9810
-1849
-3730
-6360
-8300
6217
804
7380
2361
3750
-5544
2321
-3980
-4396
-437
9358
-8517
-908
-4762
-9475
-4774
4972
4232
360
-6535
-2732
-5008
7054
-9359
-2348
-1076
-5864
-3812
-2110
-1313
-4840
6825
7144
8298
-4382
-2034
-3748
8938
-6758
-7294
5797
-1003
9549
-6356
7189
687
8197
7757
-7095
1163
-3698
-6674
-4199
8417
1162
6300
-653
-4639
2064
-184
3843
8345
-8047
-1142
-5980
7304
8308
-2964
6531
5856
-2193
8728
-5955
9604
9359
9521
-4828
5849
-8338
-7041
-4208
-5542
-9591
4709
-6007
179
5211
9669
5555
-1713
7481
-3644
6841
5448
-9179
-2977
-1490
-7190
-4797
4165
4433
4137
1635
6312
3959
-6282
2097
-8258
9191
-6055
4404
-8813
4590
8105
-2587
1997
-6650
356
-9952
8466
6402
4066
-5649
9137
-880
9564
-5452
3116
-5236
-3882
6886
7428
87
5321
2935
-815
-1971
2906
6912
8349
-2852
5715
-6582
4463
-2451
103
-8423
-3040
3110
7302
-15
3532
5706
8955
-8983
1077
-4775
-2201
1811
-5686
6593
4551
-8598
7261
-6546
228
-2825
6638
6256
3426
-644
6692
-3087
6474
-725
7608
-3412
-4284
6521
-9695
-5994
9884
-1491
-2467
2663
3749
-9265
-5959
2252
-6673
-3792
-5992
5607
7140
9143
-1021
-5972
743
-4139
-419
-3938
-3010
8681
6772
3359
8940
-9970
-5624
-9330
7213
-368
6011
4606
8826
4731
919
5820
-2623
1926
5042
4280
9311
-1658
1223
-7711
-5993
-5306
-9063
-3462
6503
-2147
-5504
8813
-5975
73
-1596
-3303
6111
5580
-5992
-4551
-4989
7104
-1497
-8806
5561
2696
-1767
6393
1039
8220
5558
-102
-5478
4970
237
-9697
7248
8753
-6062
-6782
1328
6142
7931
-981
5143
9973
-2327
6569
-1215
-142
2234
297
-1841
-9747
-2817
4598
-5270
4932
-1147
4243
-2228
6624
-5856
-9113
-3826
8753
-6483
1685
3211
-7215
-3319
8733
2021
2589
-2740
-7542
1622
6466
-7373
7186
-3200
1012
-6610
5740
-3285
-6728
8876
-3297
8566
4927
-7808
1120
6027
2426
5334
-624
-3771
-8240
7548
-7914
8257
-9528
6618
5894
9548
1396
640
-2898
9843
-2917
8038
6651
2811
-9541
5890
-6749
7972
-5130
2701
4063
-4671
-5184
9068
769
-1030
-1569
-5845
-9361
-7696
3107
-6787
7952
-8757
4329
-9531
1352
-6840
1689
2751
-9754
5432
-7546
6037
564
8419
3163
5580
4700
8411
9956
-9530
7014
8943
-3959
-7887
2130
-1562
-8864
-4451
-939
8424
-8276
-4733
-6181
3507
2540
7636
-887
-8960
-5370
3970
9084
6395
-3259
7346
1484
-4073
-6361
-9346
-9103
-4356
-9506
7144
6569
