1000 123
124
434
820
778
709
186
606
56
194
210
80
938
278
93
30
433
565
315
315
611
956
379
792
719
839
583
557
920
638
444
587
279
13
325
179
379
570
155
832
848
915
749
101
18
556
558
577
500
566
361
31
366
192
693
400
998
992
319
994
762
233
670
516
523
437
602
450
829
272
393
796
243
810
633
857
34
694
248
968
579
620
536
11
474
146
190
345
907
100
823
303
497
514
143
294
564
800
328
596
301
724
925
795
722
14
972
640
704
312
540
895
234
803
576
173
843
395
565
326
798
993
670
366
489
686
4
460
144
782
848
595
934
476
309
630
281
753
337
196
878
279
39
966
670
369
590
523
157
688
138
67
869
535
290
419
281
303
545
317
122
879
265
893
865
851
471
885
31
653
885
139
434
709
468
996
890
213
893
415
926
511
512
292
419
847
886
516
113
111
441
32
162
290
809
978
188
152
864
66
256
4
407
559
788
517
276
894
964
156
241
614
783
654
979
933
712
960
301
276
111
252
463
487
865
150
382
867
604
721
189
360
654
988
471
707
245
690
692
982
936
563
758
949
447
777
89
95
415
524
116
358
34
292
888
668
352
45
391
128
978
139
897
73
156
888
934
718
979
777
456
977
859
454
733
895
648
957
973
790
29
377
461
123
350
10
311
30
724
765
265
225
797
475
618
100
975
934
218
244
661
952
453
373
620
963
168
872
354
603
74
433
292
571
826
745
76
682
960
597
939
929
782
764
235
628
690
963
843
235
954
854
894
626
556
141
949
504
88
971
463
650
947
928
182
205
631
428
488
871
14
233
996
524
79
315
100
938
182
791
857
296
297
296
363
49
795
138
787
712
410
981
810
253
656
572
714
590
229
948
205
821
80
881
901
942
695
876
644
38
919
86
550
641
305
782
907
852
906
906
581
260
419
694
449
848
214
218
483
213
385
764
692
168
692
620
515
939
512
453
143
79
861
430
656
834
118
21
574
804
553
338
722
191
544
37
956
974
982
832
51
884
477
167
616
692
231
66
396
885
314
465
202
522
946
394
83
302
129
328
756
428
645
205
289
134
764
644
917
625
935
730
114
136
784
895
258
301
639
809
822
457
234
210
29
465
656
32
149
428
469
446
86
513
808
393
980
149
811
476
164
969
887
680
445
529
995
948
818
560
19
800
436
993
964
495
258
703
467
712
119
98
466
146
127
941
304
553
876
855
293
43
490
353
151
278
345
819
178
878
39
183
889
904
24
905
407
976
265
68
77
984
202
337
2
829
608
587
673
819
938
568
312
743
998
629
946
786
115
630
84
736
642
15
965
769
91
723
211
449
887
158
859
657
397
408
375
18
283
196
95
555
810
797
40
284
959
449
788
99
219
802
973
286
577
556
401
777
442
815
338
806
967
424
738
137
605
614
748
615
74
117
610
995
435
170
590
849
473
380
426
291
644
65
488
869
164
72
283
905
948
122
114
949
598
747
395
240
795
735
610
257
837
701
296
137
482
864
954
329
951
189
107
727
46
156
136
563
982
748
502
121
673
656
870
767
582
839
687
927
511
387
114
93
447
801
781
73
281
933
305
169
179
1000
61
714
803
353
468
540
184
867
232
888
135
750
49
845
167
87
490
505
744
509
122
294
864
330
252
103
17
83
81
996
739
590
353
365
755
946
688
438
871
173
8
492
84
676
839
36
978
916
124
813
15
642
843
56
584
140
336
507
517
965
3
917
284
254
126
644
392
240
309
589
886
556
853
546
546
976
925
368
526
252
629
166
462
100
205
438
261
582
502
61
370
693
211
607
17
759
977
842
906
308
89
351
55
455
414
956
174
679
955
915
41
765
179
964
289
128
210
521
777
349
808
8
519
520
993
906
574
138
55
498
544
735
533
240
178
982
245
371
555
252
680
613
515
79
453
99
150
31
109
608
654
244
339
217
696
835
155
580
200
494
54
33
393
911
854
232
599
190
44
263
338
445
196
515
558
632
682
24
919
217
206
934
991
204
126
583
392
407
704
451
587
305
650
127
827
330
13
888
345
792
450
73
821
26
18
553
975
694
386
316
699
588
966
60
798
26
482
448
816
170
980
16
110
172
922
853
562
24
728
201
537
393
524
555
508
757
413
52
692
11
720
77
958
869
670
312
674
870
205
432
465
146
130
819
312
931
803
348
94
861
386
341
500
459
596
467
17
342
710
654
800
586
399
484
592
497
207
754
752
594
524
7
521
50
567
355
904
356
948
39
195
647
774
929
21
310
762
23
202
699
908
179
803
242
70
194
715
