648 123
2 626
3 844
4 313
5 484
6 960
7 366
9 489
10 154
11 814
12 333
13 410
14 764
15 225
17 1
18 307
19 986
20 292
22 794
23 738
24 793
25 661
26 348
27 281
28 321
29 171
30 923
32 889
33 768
35 497
36 446
37 562
38 450
39 637
41 587
42 714
43 11
45 21
47 602
49 614
50 507
51 9
52 965
53 980
56 335
57 565
59 662
60 856
62 244
66 57
68 81
69 411
70 648
72 195
74 387
78 545
80 713
81 178
83 880
84 25
85 347
86 414
87 879
89 502
90 275
91 664
92 492
93 432
94 548
98 441
99 51
101 853
102 335
105 367
106 197
107 283
109 512
110 696
111 423
113 780
115 465
117 250
118 655
119 207
121 705
124 563
126 553
127 62
129 988
130 133
131 307
133 506
134 195
135 970
139 953
140 792
141 667
142 560
145 333
146 701
147 164
148 143
149 293
151 385
152 548
154 368
158 308
159 975
162 401
163 889
164 833
165 379
167 548
168 977
169 128
170 150
174 23
175 887
176 519
178 314
179 533
180 547
182 984
183 503
184 156
185 740
187 127
188 924
191 76
192 494
194 488
197 260
198 612
199 661
200 929
201 513
202 339
203 955
206 226
208 757
209 668
211 243
215 50
216 775
218 863
224 761
225 617
227 740
228 522
229 666
232 730
233 221
234 489
235 759
236 421
237 482
239 733
240 401
242 495
243 391
245 830
248 348
249 277
250 395
252 710
255 183
256 25
258 781
264 408
266 180
267 50
268 271
269 302
271 555
272 420
274 730
275 260
276 228
278 719
279 337
281 775
282 720
284 115
285 264
286 608
287 581
288 374
289 223
291 765
292 718
293 354
294 417
295 883
297 946
299 819
300 843
301 64
303 351
304 517
306 280
310 446
313 999
314 172
317 373
319 320
320 565
321 532
322 86
324 903
325 78
326 76
327 73
328 208
329 981
331 939
335 77
338 287
339 210
340 473
344 52
345 709
346 508
347 906
348 592
349 3
350 925
351 836
352 990
353 488
354 663
356 46
357 292
358 737
360 75
361 626
363 357
365 326
366 857
367 381
369 877
370 806
371 124
374 661
375 854
376 232
377 142
378 826
379 345
380 956
381 305
383 307
384 878
386 929
387 24
389 768
390 713
391 255
392 953
394 3
396 549
397 585
399 118
401 137
402 880
403 424
404 155
405 173
406 876
408 450
409 803
410 139
411 117
413 549
415 285
417 363
418 949
419 211
420 275
421 491
422 37
423 684
425 620
426 774
428 588
429 910
430 345
431 392
432 40
434 43
435 188
436 509
437 674
438 994
441 80
442 95
443 542
446 525
447 761
449 378
452 984
453 14
454 683
455 754
456 268
457 402
458 156
460 771
462 191
464 165
465 1
466 654
468 831
469 157
470 329
473 499
474 714
476 968
477 725
478 743
479 792
481 881
483 327
484 254
485 831
486 841
487 440
489 423
490 846
494 340
495 600
496 193
497 31
499 702
502 309
505 409
509 604
510 155
512 524
515 885
517 640
519 336
520 863
521 859
522 6
523 527
526 305
527 139
529 805
530 137
531 337
533 372
535 286
536 524
539 662
541 946
543 143
544 729
545 523
546 630
547 801
548 50
549 984
550 517
551 579
555 493
556 98
558 528
559 130
562 647
565 751
566 7
568 962
569 909
571 507
573 793
574 631
575 210
578 604
579 390
582 989
583 752
584 201
587 86
588 984
590 862
591 620
593 394
594 86
595 442
596 858
597 868
599 636
601 106
602 66
603 784
606 770
609 911
616 673
617 785
619 887
620 167
621 760
623 800
624 456
625 528
626 891
627 284
629 901
631 543
633 450
635 351
636 384
637 643
638 718
641 535
642 129
643 161
644 933
647 473
650 206
653 7
654 424
656 651
658 630
659 620
660 664
661 128
663 48
668 657
669 803
670 356
671 324
672 718
674 774
675 241
676 520
677 684
679 511
680 215
683 563
685 965
687 634
689 112
690 620
692 821
694 736
695 287
696 973
699 486
700 516
701 176
702 882
703 582
707 673
708 256
709 165
710 896
711 311
712 698
714 650
717 280
718 784
719 445
720 290
722 293
724 743
726 148
727 116
728 243
729 827
731 253
734 681
737 494
740 342
741 117
742 279
743 6
744 994
746 196
747 815
748 255
750 793
751 492
752 599
753 700
754 704
755 994
756 106
757 475
758 949
760 405
761 612
762 22
764 578
766 103
767 46
770 407
771 684
773 814
775 557
776 354
777 156
778 517
779 758
780 487
782 383
783 133
784 595
787 213
789 289
793 258
794 656
798 234
800 250
802 161
803 62
804 548
805 21
806 317
807 118
810 256
811 358
812 774
814 454
816 281
817 287
818 235
820 558
821 930
822 679
823 287
826 597
828 334
830 350
833 208
834 983
835 310
836 324
837 952
838 497
839 571
840 96
841 651
842 439
843 172
845 665
847 908
848 863
849 454
851 765
853 399
855 405
857 650
858 875
859 958
863 233
864 140
865 362
866 700
867 508
869 897
871 902
872 309
875 929
876 238
878 192
879 220
880 884
881 124
882 934
884 661
887 507
888 187
889 826
890 561
892 498
896 374
898 988
899 561
901 415
902 494
903 389
904 635
910 238
911 349
912 840
913 232
914 180
915 948
917 638
919 793
921 56
922 811
923 447
924 136
927 424
928 442
930 680
933 900
934 467
935 1
936 986
937 282
939 433
941 663
942 115
943 666
944 454
946 118
948 266
949 760
950 212
951 926
953 182
954 961
955 93
957 938
959 496
960 157
961 86
962 298
963 211
964 70
965 691
967 544
969 401
972 615
973 685
974 295
975 865
976 96
977 413
978 993
979 632
981 308
982 511
983 430
984 377
986 572
989 485
991 18
992 293
993 578
994 412
995 861
996 158
998 774
999 724
1000 445
