95216
-49779
-1301
66945
49500
-31355
16968
-83120
-34237
79269
62003
98616
-93478
78565
96881
68885
33663
28651
-71880
33689
42045
528
1240
1816
-76215
-42382
-62351
-59292
-66599
92323
25266
23635
23321
5495
96988
29828
-26515
-44401
-10893
-42174
121
-53860
-8725
-60924
-56985
-72776
-16366
63701
-50995
82883
-44498
92570
-78620
-61414
-83977
-55146
43375
99460
23986
99673
76981
40948
79499
-36100
56725
-68841
20974
-23385
57384
-71580
-23111
-24567
-56413
72157
-31833
-1119
24033
-99733
-57111
42820
73957
82825
-54154
80767
10455
-48603
2529
47793
-6073
98811
4392
-25458
72093
78129
12249
26835
50111
22179
92078
82344
90282
-7928
42016
40698
-74419
-95802
-60679
7988
-33152
82078
30586
-5208
2915
15500
-24237
10042
-89492
-7588
-54633
11364
-9817
52657
-22253
-94789
-43703
96854
-37311
-96155
-85008
90199
33487
10147
86883
28547
-3199
57842
23321
-56723
89552
46283
5866
60537
-47029
48870
-79913
-94031
-12651
12454
-12517
-92043
72975
-85783
-95938
56925
89128
-20396
-30569
-23957
-31950
-77116
-89010
-7364
77673
85752
-64330
-15595
58795
8545
-31924
78713
56460
-5629
57033
-98500
19371
-83102
36950
-62518
94313
38115
-30443
-47530
-65557
22800
42749
-92550
-41930
47360
35331
48742
78693
40942
-56040
-10569
-26922
-96548
-93390
16847
-47230
82756
-526
-48740
99258
-36838
-12539
8395
99148
-67868
-49845
18167
57791
52940
-96541
62747
-57438
-32484
62025
25790
-54497
-73417
-75825
-47269
35400
-18209
89278
36041
25583
58541
-96770
-95156
75368
52269
-89637
-88013
-39313
90553
-12574
-66484
82599
83937
17350
83197
39561
-65007
83703
25614
98974
13111
-93661
-71465
87683
-51526
-94314
50847
73217
-22218
83794
-43550
-67725
-46296
80983
-72475
67957
19628
79709
-79615
-10519
-64350
-64318
-45746
62041
-55881
-9023
-57716
79420
-25710
80387
-72820
57476
11787
12277
52482
93295
-54170
-42258
-78927
80714
-77668
87613
81667
-14079
-90228
-89965
-41770
12349
35821
62039
-41446
-94624
-99392
34767
88602
-33317
14608
2935
27325
26628
17061
-12342
77288
-5203
78995
-383
-87207
-10140
-91967
-70793
-77148
-16092
84791
-87064
21486
-41162
-44471
27700
-47913
-74426
-59827
-77463
-51523
-34338
-66936
70497
66555
-57714
60900
-57440
-29645
31452
37072
11954
-6302
14318
-40462
23218
-70518
69058
-78479
-12817
-70537
10177
-51633
5916
15799
-83715
-39240
27165
-12819
97019
77085
-18403
-11922
47007
25197
-68276
-86243
49017
45740
-7404
-49930
88062
-33839
-81055
36098
86785
-47567
-14475
41349
80858
96542
62824
-47421
-3594
25021
-61081
-82651
29735
22210
61510
41999
-79636
32262
69532
-97217
-7865
-94906
12183
47363
-60555
91700
74351
-82672
25682
-88180
-70597
91716
61326
-25683
-65480
89794
-62510
-67274
85812
-57198
-71198
-65535
43577
18871
-3731
-30980
20035
-22562
20529
3302
-49455
-76679
14358
25956
-37294
-7156
57330
55894
-62672
13565
19613
-95066
27558
-11075
54402
-94197
-95820
-13107
33868
41652
-91448
-87083
39126
28084
-90550
38967
13553
24700
-85934
97484
34110
-82766
19314
-16580
-4431
8121
-31908
-70480
-13598
-50390
42953
13087
36484
-98958
-36100
-85791
-44053
10384
2529
45038
66184
19541
21573
-91209
72601
-64115
-91008
-33951
-5446
81833
-2075
-48038
96053
-43860
25983
-38849
-98859
-93154
74849
25260
99407
-53537
-93615
-66624
-97364
64357
-55828
-73697
16472
4595
42889
45888
15278
-31644
-69172
-72232
17392
10920
94006
40390
87088
2317
15007
-82623
-33613
45158
-34543
20374
-78335
-11118
-63657
-77932
-58162
-19247
25805
-9905
-99447
-90788
-7455
33373
18436
-89871
-89675
87202
-76652
96135
-1448
109
67827
34510
-19957
-94740
-22205
-87830
13831
23102
86653
84235
40984
-53307
-25106
-12115
32159
-38023
11756
22522
-91819
-64849
47671
-1872
3965
-87112
22894
24827
43494
61117
-64617
11381
97356
74557
91287
20626
3581
-73248
83903
50443
87708
58037
-69281
69761
78723
-3470
10187
-62310
53108
84025
68577
-76785
-31497
91233
-30043
-14973
64633
-51033
84345
-82398
41388
80383
-75542
29206
9665
-49290
74458
72592
-78614
71483
-34495
31943
55320
66334
92925
-28558
-65320
-26425
87154
57188
-76222
22679
31297
-69524
2411
-99704
-66153
1743
-66309
-6661
-95665
37067
56802
39382
-22810
-90083
-19161
-33685
-40650
47662
-29919
-75259
-31533
10619
-72838
70469
84699
33554
72957
-42022
13027
-89434
53887
54866
-21898
-6159
-50154
-74805
-80321
-17923
-90747
89501
36293
-60667
-71176
-33557
54138
5078
5257
-52968
-56320
22366
72581
-83855
-93368
35901
2092
-36632
99756
-94782
-97626
64120
63016
-60516
90706
-79974
-79380
-18927
-86548
-77777
69851
-10132
-88336
-79702
24458
8937
99320
-5778
-42583
-6705
16440
-26986
7141
65828
-98096
4768
77939
42204
-45430
27831
-9241
13242
60306
90486
-53727
50712
-39116
-86136
-99366
-65379
99727
55155
-71902
-62606
32447
61223
-28196
40433
40390
9617
11625
75012
13080
32862
-33876
80951
-77186
-63655
-6733
56126
13177
-76148
67240
17821
-13445
-77346
9188
25155
41850
-47149
32205
-28236
-1015
-71493
-40494
45827
92449
76420
-29182
41179
-91023
-96258
-39731
27503
88645
12385
-30141
-12952
52807
3695
-76318
73489
66040
51783
-52996
10081
76051
66518
55649
-89177
-93757
17642
29593
92139
-78171
29531
-43439
-46881
-79678
66285
44721
22257
-95199
-97169
82563
96013
13374
21923
-19290
-10685
-90057
66757
42243
31755
64807
-8794
20999
58937
-77356
-3414
-44539
19193
-98821
-12496
-47615
-42207
-62083
-42349
-49350
-27027
-52860
-57162
-54262
50462
42382
-62259
-57787
-16261
-33627
59616
-33968
29177
84620
-79882
-43570
-10719
-99741
-29808
-83254
-45942
80952
-49239
64152
-60377
51500
-12789
-61808
-23221
-66602
84392
23520
42745
16377
63234
-27809
-45376
78578
88465
-90443
28125
-13997
28653
73886
-38113
29329
22582
-10745
74705
74345
87170
3384
-83523
32495
30586
98719
-83605
-669
-37366
-48480
98648
69877
-65946
62193
76540
98496
26422
86551
64016
-38745
96982
-44181
-18527
8784
-51973
-12141
-24046
91547
82323
-96126
56209
51081
79433
31241
17018
-40922
60575
-50712
49716
-4334
98173
998
-70130
-71742
62609
36197
-80992
22385
-97048
98906
68689
-73024
83107
-64784
40396
76577
6027
93013
30783
39481
10171
9569
-70495
92565
21194
-97137
83290
47706
45310
-11620
-57074
-48004
70476
-69840
-97226
-60191
-50065
5268
-63265
13237
-68477
-99638
42222
84794
-34084
69645
-69264
86525
-1194
61154
84185
46284
-77593
74140
22196
-68115
93920
39243
-49679
-27814
-9910
-1022
30105
33026
-98666
2718
72357
-89947
-37910
-88739
71488
36494
99413
-13320
20443
-69774
22555
-85951
54891
-82516
83110
87246
-81054
-59468
94966
-58498
48804
-69542
-55511
95146
-3039
-61935
93859
-28509
95329
18436
-81994
-41228
93152
77742
-34991
15783
97344
78463
-36343
-97961
57726
-672
-28957
9705
-23392
-38799
-32672
77730
61993
86680
18868
-83736
57698
-60728
70001
-18081
5547
-30980
-83477
19183
37912
-65635
-26199
-73934
-6824
-92405
32432
-13323
-57003
-47096
71840
19605
-92077
94085
-21423
-90534
16823
24082
27879
96790
98877
-33125
-9642
-59717
90828
49162
-29569
-91977
68170
135
82923
70914
47070
-78524
14476
3470
67067
42870
-64575
9471
4275
36346
82030
-66003
74247
-58621
31497
-79612
65226
-75732
-99198
-71862
-32393
23070
29132
36688
-18134
-72080
86256
59792
-22049
26695
16081
-77690
-72688
-22576
86674
41409
28638
-79656
96380
83781
87904
-99128
35170
6420
37512
48994
95315
-74875
14995
-43717
-94704
-67614
91025
55893
-12674
-42936
-91516
93953
-22159
-79515
-86327
75256
-89187
-3450
-82229
2882
-43603
86537
-55179
-78064
-76965
-49000
54329
70665
-89506
57652
93921
88291
-98470
36836
81911
-60428
76740
-16376
-14158
-3610
77058
92015
35537
75127
62681
34853
83092
37858
-44906
-14237
-39693
-24485
43893
-36745
-85881
-48389
-81422
60642
16810
-53071
31000
89750
-81835
-8327
-25522
-86615
-1201
-93978
64988
82798
-9609
-5424
-91303
-76181
704
72668
861
-50189
-88945
10891
-29208
-50921
54581
34670
13418
-38324
5505
79860
-57100
-36363
51565
22083
-53169
-69329
61083
99044
-55970
-39143
6896
-78120
49397
-70494
44060
-75879
6844
-37018
26840
27731
16082
15872
-76549
-75537
-22336
-40896
54926
-68231
-53307
-502
80571
90219
41530
-12083
-90176
24470
-77222
61983
88741
-85204
-12945
54632
-95865
-19878
-72778
-35077
77587
-21198
49739
-59203
95733
90918
29857
28362
90082
-61397
-4852
7915
87461
43657
-78698
-9164
-19474
-70935
82443
49147
86205
51476
-4008
-37633
51023
88012
-70662
-87448
25725
-21247
-70635
-57177
61236
81234
-94214
87971
-39285
60825
47309
-75092
32680
-81158
54237
88325
79261
82307
2634
-95910
-81526
-54981
-69836
-25992
3421
-40100
45419
-79943
-56029
-68808
-87027
34172
72571
-47022
91165
-7529
-72770
-58185
-89051
-3036
98575
46601
20129
-86112
78463
-65154
86743
56908
16528
-763
-9185
-46795
64245
-6621
13151
39330
67567
70799
76774
-11476
18551
-64064
-60905
79787
5381
40633
-8187
-94787
-81752
-12048
-42339
13714
49695
-87448
-62555
-93412
53883
15681
25228
-65427
-65939
8797
-47417
-69559
-60821
79741
-91979
-80668
88910
-22234
-51869
-99512
-97323
94245
14339
90509
22323
13204
-27779
-90751
-84094
-87342
94867
15547
-32752
-90575
-63031
-98586
47674
89734
21581
69704
-46107
-45538
-56802
-89118
6188
41767
-35984
-33387
-80528
44937
-83601
60068
-12606
-23407
4571
31618
-73820
-12694
-9401
14155
53999
-88338
25261
-89152
11350
-343
43774
99525
-48659
-30084
87628
33042
69961
-78335
-48048
95243
48657
68355
-44100
-32983
35105
5798
83739
11003
41312
78114
-9771
18050
35133
-5896
88708
45060
-86377
-99122
84261
10469
-66125
85349
-67506
78722
-60480
47346
72868
-31804
62198
-54313
-78975
-61956
99558
-31809
-49889
2881
-74110
44682
-39295
67034
4302
-28342
-4977
-10836
82534
-22243
-31249
58439
50861
-29355
24351
-78761
34932
-73388
24018
24280
-95421
55551
75386
-41725
-70170
70354
40627
18607
35990
-39254
-39680
82941
-96571
-64232
-76607
-91009
82894
-41089
65633
52410
77705
-83191
94637
-55831
99825
-94865
-47154
16653
65056
40020
84835
-68455
-61115
41167
45022
-86585
-74239
-13047
26605
22439
27211
-15489
-14891
-24501
-82552
-79728
42822
87878
93719
-68342
34133
12014
-85443
26739
34076
17921
86820
-24226
10375
-515
52759
-66144
-41574
29678
52875
26697
-99686
-60772
-97249
4559
11816
1513
-74100
82007
82292
45527
-36652
84350
32659
4557
-3967
28238
50770
35585
-22019
46233
-12263
-93412
-9074
61844
19005
-15817
92008
46202
-18519
8407
55470
27709
22957
14434
-45328
-81549
68092
-89292
-99978
-78376
-79502
95836
49873
81288
75627
-40455
-27334
-62942
80006
79346
-57276
77611
70701
13957
-87654
-98960
14823
64168
94226
-98381
19475
71163
-40297
56613
-10128
-20201
4586
85638
26527
29935
73509
-40030
-58635
98114
-59169
77080
-90221
38268
-11467
91895
43203
35931
-35264
13788
71007
-34474
-25822
-74863
-11089
5763
-6949
-49177
-33065
-73247
43418
-31513
97663
58999
42420
-50056
-42289
-40961
-70141
-3773
82313
4373
-46592
51671
-71728
-20105
-24034
-73868
13826
-29067
30268
-7788
-22083
-69478
8139
-27191
-18903
70004
17199
-69103
36731
-21410
-58018
-82047
54790
42640
-91197
72675
-57614
-7773
64217
57916
-87201
42151
-60127
45949
-48615
34707
-26652
74779
-53104
51779
-51943
76717
25074
-10149
36276
-64180
-21730
-47797
94916
-22575
9852
-36960
67469
13099
79472
-33904
13604
-12390
-20188
68312
11936
-83155
3693
11337
-15966
-42973
-30782
6141
-51108
73270
-53638
83986
-21351
-55455
49662
68894
11053
91503
50895
91238
-98968
-82712
51047
87624
-6230
82403
91707
-74999
23056
-6164
7859
3547
-51567
1243
92720
20620
-88502
5638
54566
62726
58003
-81851
46034
-85590
91026
-3126
58968
86028
-80123
7054
-94474
36623
22569
-81219
-77892
-26216
99196
55764
71053
-42139
-32659
-83689
73886
26949
-38081
42415
-21299
69671
13467
-36040
62291
41986
-76520
-49435
53247
-2855
-84895
428
69250
-84897
-29588
15672
82259
-83929
-9989
-32822
62184
-95613
-99895
-59944
79194
-67750
67467
83924
79045
-18831
-89165
30974
-57257
68662
97902
97013
-59886
-3296
-39781
-25690
-23017
93666
79201
10544
-59436
86012
81527
-80396
-57954
-47934
-76611
-66990
-4995
-25846
-93493
-89520
-92363
-80667
-74812
74841
99694
24780
-49901
-27270
77172
70134
78175
46252
59658
32646
81581
11616
-89272
13622
-20715
62425
-45973
91257
34701
-92103
79288
-74472
-66441
-18146
21309
53211
-39153
9218
82794
4354
4913
-56240
95167
11674
63995
-44111
-59548
-26426
91462
66238
-25021
-96392
-44075
42906
28736
-339
33155
-79313
-62189
-85014
44239
-7895
63165
49237
13694
-686
10441
-7539
-19105
-66807
-87537
-15969
-30392
2341
77324
74995
21138
63464
-50670
19457
-14246
-31220
-48098
-75299
86198
-60083
31603
29011
99682
82792
-29170
7176
-23105
21879
-96105
-90564
-30133
13521
-27653
-10517
55894
81943
-57227
-23394
-99647
-47638
-63450
-37745
24462
-91006
13279
-86900
-611
14178
32641
22425
21910
6033
-14032
73542
-50821
-76267
32011
-56938
13199
10774
-5481
-72668
-47742
10640
98570
27585
64530
-81372
74419
-95458
33804
58444
-28047
13415
26175
-19206
47775
86869
-58968
-84888
-23258
76967
-21900
12607
-38219
35572
-25855
41112
-57024
46669
-38006
-52559
13822
-11289
-50389
-22199
-26460
-67537
75993
-25555
77386
-6399
57132
78174
-68157
-84182
86290
-51682
1374
90564
21839
98752
38944
-61497
44588
59090
71230
21321
65504
99255
-37537
-2423
-30815
44295
19089
-50553
93062
-3378
94312
-6215
-26140
-97931
44515
8579
14839
57756
99875
57829
25962
-51540
59738
-73204
-29778
-62116
-53121
12237
-51293
33610
-18501
695
-21302
-50537
-57343
92050
69285
-7077
-76762
23556
-11980
72154
-36228
-39254
54423
71497
-57169
35215
-35997
-79876
-87318
87553
-39944
2042
-62368
32473
96617
-86107
57557
-76084
30759
-81267
73987
95000
-13666
-31539
-75775
97810
-77894
33977
-33489
76485
37505
-54131
15531
-18198
40599
88937
128
-53716
-25227
-36516
35462
61410
-15775
87664
-97225
-97181
46920
-94262
25506
-19720
16072
46187
1462
9766
9778
97214
45812
27650
-34960
96416
34615
85793
56047
-41922
-49173
-63274
51527
73484
-67041
-34828
40611
-70716
32761
-9616
23706
57765
84165
5035
67888
8932
-72108
-36879
59282
-92312
-23582
-79617
-556
-97099
-62213
-80563
55749
70099
21199
47125
83020
-43357
30872
12674
-87695
66352
70616
81417
93729
-48083
94522
-21846
99979
-44927
63091
70010
47983
-95089
46365
-23163
-52086
63936
-37171
-11100
47604
-56270
69760
24394
94500
-54030
59034
-21265
34064
44490
64032
-26691
-49023
30074
54935
-43707
41682
-62868
-80482
-75140
-61731
-43043
5138
5373
-61145
59585
39008
-12012
-37636
4573
69285
77888
23900
-80672
91101
-24514
58141
-29752
-6732
-19814
-90055
72908
60335
68509
-73413
16813
59258
-98971
-56240
76525
-80791
43865
-56560
39604
45081
74211
-82517
-62422
80143
-72576
-47224
39504
-17381
20229
-3388
27167
74992
59363
-68031
-12917
-34876
-81168
-35686
-78732
-55882
49216
9529
41167
-70087
-75485
47776
71780
-89840
59043
65127
65016
-3272
76309
95514
71409
39739
27089
-81456
24564
-81122
96806
-91099
5304
12385
-75699
-97575
-38042
88887
27143
18417
88556
2563
10253
32645
-20564
24391
11872
-92759
-60877
4064
-60905
95759
-36811
73272
92531
-87811
-29898
57158
-94616
-25999
-17586
93482
62267
-6007
-94976
-52230
-12696
14145
65631
-85991
67816
-6966
-73958
43326
-74685
6024
-60309
-77464
-25318
66495
-85152
-88199
22047
-17164
-12559
37088
91706
55381
18704
-3544
33401
69565
-65224
25959
-59583
48865
77809
-80820
35056
35691
39226
-72289
84880
14801
30372
42022
95440
24824
-19233
-80169
66557
85797
-59644
29236
33867
73919
92119
-62506
-55168
-74162
37283
-6178
-73776
14006
-7365
26852
73802
-74794
40737
65897
25423
90016
38650
-18725
44213
-53095
-56069
-93520
-55975
-86107
-90645
-3710
-43803
-82658
2048
4297
77498
-61576
-57615
46980
11957
45341
-92415
-40859
-18683
84601
-35968
11494
83616
66511
74787
36996
-11362
38850
-18242
-77007
-17451
-37396
-2922
67119
-52384
53700
-8129
-42100
-90795
94966
-35079
1427
-58937
16029
97152
55874
-37353
58467
62835
-27041
-30251
59111
-63842
74978
-12587
49581
31898
-58722
36054
29499
15186
70161
43069
-35444
72772
-92592
-64083
61565
55833
11923
31048
-47463
-5780
58987
88633
-30975
62092
-287
97888
-85447
14539
-53997
-12104
52234
71122
79441
-84214
-69966
-52010
-3370
49133
13395
92991
-50604
47894
30279
-61481
-36484
67926
-96363
-73942
-42034
54051
-78751
-87187
-53082
19586
-7498
80564
52908
-91635
-73788
-80985
-43566
87883
-88306
-63384
88655
53057
-33311
-14032
-64212
43546
2128
63013
-28193
-8627
-1702
71903
21566
71123
28922
-63037
-19681
-68310
-9324
48148
83899
-22507
-23569
12058
42464
-68467
-83874
53317
-462
-62932
-4210
37371
-12575
66806
-43628
10854
-36647
-75167
71027
-42817
-72175
32706
-69810
39228
18695
12807
14907
29871
33081
-15642
17561
66504
13633
3399
33212
61755
-1509
-7632
-77639
-30215
-44330
46854
-87248
33532
-69123
-79331
12859
29948
-74701
84091
50084
-27324
-5379
-87777
57180
-58604
-79422
-85079
39385
-37467
-62279
-74407
87840
14388
-24800
38362
-38961
62514
-21979
73448
84470
57744
-67334
54698
35896
-18028
-22650
67417
-26316
-50783
68222
70
88925
39610
-3034
-46119
-10976
25319
10021
56354
77103
11064
3740
-15798
88571
94474
68878
98326
-93696
8135
-81925
75245
36628
22990
47818
-64104
63914
-72253
-95594
-53727
88027
9075
-19948
-54531
-4069
-71457
-76054
34043
-58719
91435
65185
-39030
-71458
-74458
99646
54282
-21771
-32307
-54985
96159
75789
-46150
7197
-81848
-20289
9521
-72094
64759
31036
-26478
-82267
-19119
3622
17426
-66760
20075
98520
98008
-15184
-35194
67513
-5768
-57975
9365
68545
-88013
14945
-13031
71245
43486
-4323
-88073
-68536
12962
-69053
-69366
34525
-48782
-94699
-33817
17227
87557
5565
45988
-8752
-33100
55535
92943
80253
-21400
44771
-94537
79778
-68185
-68703
-57371
77155
68328
-66499
-41487
76910
-53106
-528
33776
-96654
31072
-92130
-71317
-99760
9100
34900
-66478
-73633
26766
57445
-74498
44687
19242
-74058
-70266
-80217
-51168
-54166
31511
47629
-72407
-56541
-52006
-14442
-20058
71874
83174
81097
63505
8701
36662
28285
2625
-46484
7899
-64679
76367
-67772
-27454
-50475
-27803
81712
-69869
-75147
-85860
69423
25530
70102
-70093
9520
-90260
33330
-91
73199
59608
-96002
-66073
7826
28962
11065
-34095
15415
7300
29113
70367
-58063
-81651
13231
-63843
-55404
-86255
-32418
-77664
-28519
20200
-92193
-58675
-57899
-13128
-68919
9024
-53459
-83727
-35468
-47921
-16524
86006
-35502
80113
37290
-6371
-53629
17673
7558
-41986
19490
44569
15985
45381
-11321
-58085
-46541
74275
-17725
-53803
-61584
-99794
98067
70327
19668
-82694
-20746
37000
-61808
-55830
-61526
83740
-99280
-49810
23634
8949
41860
-38136
30600
-94237
84724
15908
89452
-19618
89989
77133
20295
-63416
-12409
48275
660
-57494
38818
54544
-48298
72565
-2546
-31228
94177
-87396
-68470
3880
-66695
-57756
43186
-82714
23848
-96273
-23606
5211
-8200
89659
-77532
-96527
18560
40522
48140
76683
-26825
-14511
45327
-75768
-6138
3785
75408
41687
19765
65326
-41194
54934
29329
-72399
-75246
26106
-1441
92292
-50080
51403
3724
-10733
-91479
-67988
40823
-89854
-61235
-97249
-46392
-16399
45174
72427
-43601
71531
71479
82164
-36659
46014
558
-31933
-18955
63016
40937
-70842
72621
21972
-96907
-4447
-86138
73920
83366
89252
91262
8357
-90077
-54665
-58929
-74466
-99431
-32209
16607
32905
15646
-58699
9091
32171
97117
-30324
58632
20951
56635
-30053
-26516
25926
61151
4620
-23161
-37532
-35652
-41175
-41596
-18357
-34259
52698
-69875
29073
72372
-32439
-45555
97386
-41593
-30706
-42451
77192
-72499
33052
80023
-98155
3718
90868
-79101
-26244
4173
-10812
-19396
-80598
-93098
-60177
45226
-6468
74360
94796
-38376
-8377
-83720
-19290
-63605
40813
-35089
23991
-82801
-75780
51049
-67724
84485
-18796
-97870
29867
-52998
49962
91111
61239
-79053
-40954
81314
39365
-81802
45704
43892
34357
73427
-40454
-97742
40096
88762
-61663
-30601
79740
-9667
63926
-12436
-2632
44614
-51314
6367
-50611
-21261
-13882
87285
-24632
73539
-36526
85671
68872
-83410
-65956
-88371
-55731
-73043
-1357
-47143
97878
43593
-73046
-66101
45935
-64141
77282
15431
55917
-26551
-71826
-96410
-583
97869
-82483
-8319
-43328
29111
-95361
52989
64799
4768
-7743
-9436
26262
61481
-64401
67531
-70630
46010
69469
-8929
-96439
26097
-21390
57928
42251
-95441
41116
15613
-4351
8301
-32051
51429
-72572
-74022
-46328
-8699
-43970
-23925
-93016
89140
-29567
23987
-40485
81196
-57235
-18754
59219
-42983
4761
54856
-36253
-11114
-91628
12584
28274
52340
-88048
25358
60101
2848
-67537
-3073
93341
64076
-59121
77901
-36079
-58649
80923
-6669
74761
-36713
92818
88050
60655
7835
-95130
5421
64331
19574
70664
59724
-41444
-70943
49832
87749
-62620
13589
92313
43921
11816
3233
-17298
22933
88076
35881
82125
18059
-46595
-20219
9636
61883
-56422
-30498
-3738
56954
-71533
3425
-90618
-31486
61172
-87444
-33824
41692
-97176
-52510
75857
1627
-43925
88228
-59296
47266
8644
78887
-68681
-60826
78754
-33075
-27024
-59407
-49340
49336
8714
-72112
7550
52495
-25988
90801
50359
40332
-6220
84282
14579
-52256
-24654
-11271
78735
-27276
-25572
-4722
-7589
-72082
27093
27227
8663
-52640
98693
14423
99493
81938
76996
99745
-82726
66560
46808
-2954
63826
-48362
-1645
-34059
-90919
-79878
47042
-17182
-4785
-9913
33298
11991
33192
34750
-16901
60056
-7493
7774
-68618
-45856
80645
-70609
-96869
-55031
88715
41736
-93020
26798
67030
38110
81404
-95809
-22389
30633
15775
-35773
90648
-14815
-35618
-59843
12122
80447
-38502
-75960
-56600
71872
46269
91024
85623
50125
88797
-84273
-71484
-43105
79529
-33131
65013
85221
90984
-79987
94721
43059
-8627
-71254
-66626
-4943
-8740
-1499
-38661
25728
7229
-78825
-19102
-32386
-40050
97488
74700
-29955
74577
886
6281
35964
27665
52190
92647
-74359
78956
-78101
99940
-41929
-50222
-10216
-18720
54742
-18588
-1620
-25815
-30879
-17982
80917
-11676
94287
6561
-20360
28850
781
-71009
-37202
-97406
-84892
-78196
40469
67304
97269
37480
-10042
81427
11128
-95996
-72543
54316
-81578
-74080
-85141
79369
-95302
-29712
-72182
91
23441
69310
-88390
59548
47433
-27240
-46724
-86777
-11134
31809
-64430
41501
45560
59864
92977
43192
-55012
-50099
21260
86029
46355
-33014
-86981
89597
30068
20290
-20384
69510
-9621
91438
89945
-13229
-47991
77713
-10782
13278
-60774
63794
-49049
-67354
-89473
95798
15283
98617
-54529
-62982
-53940
49208
-3140
-17054
-20417
52318
70078
90880
1242
-34968
-21957
-89456
-30722
29832
40344
-69974
51557
-37887
48855
-42109
-71961
-78600
-51392
-72116
-81834
33622
44535
48183
71512
-20045
97391
-45466
60045
8654
70378
-95278
44371
7126
94442
87654
-78730
4051
86170
-36885
10835
2898
-4952
64896
86746
-12730
-96949
-29929
45644
-30821
-66167
-40620
35165
-79336
-5310
95949
66932
-97198
-74103
-3797
-59632
49537
-60119
93889
-75959
95541
-96879
-84795
-89711
96874
59707
-90621
-80740
-20343
-35875
3535
-19521
-82858
-15155
45931
-87607
2103
-58913
87730
18400
-88151
-25444
57763
40920
-22206
13460
-52384
-86975
20981
95761
-10182
73580
9469
-28319
96068
12599
21402
-50208
55188
-38706
-78459
-72102
-7890
-74836
-69487
41017
69671
-71081
19440
60247
79367
44163
-32806
23439
99185
-82434
-14419
47566
44931
62579
44778
21006
61943
-21977
-63255
-4971
76512
97494
-53591
47085
-74285
-71942
7248
40392
29692
23272
49845
69761
-44237
-19046
-21910
17861
-7515
-94823
-99328
-77595
45594
-26693
9594
-61614
20395
-26420
-14324
17502
-82076
52340
51497
41848
63998
-95071
36634
-59256
25002
44851
-11277
2273
50311
2931
-17307
-55923
-46838
-41851
66558
-76278
80593
83914
-86121
54670
13928
1434
-18630
-55438
-62947
90735
-82908
-74374
48978
-96251
11936
-24700
28049
28141
64563
-86089
66114
83590
34629
-75325
42342
65168
-57653
-91869
-37936
83774
-23092
-55819
69512
-85908
-49002
92258
49003
-33450
82577
46446
-46256
27584
2246
19301
-51960
84822
-19599
-80595
94658
-82863
95352
-33368
32373
66509
65095
-8472
10064
-85958
-74137
7193
-2613
47569
-53779
45217
61361
91747
1109
-74404
-59040
-10136
86874
68044
84231
15688
57402
-2086
87488
-58165
1215
67714
-98592
-21986
77579
-85102
-98246
-5423
-90392
-54852
-54685
-3452
40796
-63859
-17682
-52281
93342
44636
39322
99411
2199
66997
-58739
58053
92888
-45437
-45536
-64080
-83590
-53705
-72727
-52222
-44783
17665
-25440
-78070
-83688
91262
31205
43281
-91923
58896
-63830
-84284
-15814
-98743
66251
-44343
-57058
13691
-14581
-49919
16681
2468
90573
-35251
50240
-17201
-79606
49108
-1573
26462
-4157
-5137
99756
-50910
-16070
22421
24999
52755
-10955
63190
-30984
67843
79435
-77159
-38158
21697
95733
27327
-25251
-53942
-6841
-40983
-90775
37794
9225
55186
-11986
80299
10624
-2760
3745
28905
44319
54767
-8641
-97732
-42610
-23324
35536
-88882
8609
55950
-51530
52802
14248
6311
-85395
15114
-1193
63007
-5662
-27560
16129
63444
-29501
-80217
6485
27533
-63941
35033
7665
-85390
43714
29931
40043
74958
-97341
-40185
45299
-98648
47171
-51925
20923
49764
48688
-40352
47668
86993
-50739
51334
51413
-62561
95857
-25849
78863
21342
14830
34954
53623
14599
-19592
60111
52746
71426
-19585
-91567
73812
57228
60663
31958
87404
-95135
54571
-64384
77565
-5569
9111
-34496
81571
36383
-13899
-51033
-62048
88708
-95014
-79457
22055
38298
24237
86124
-18256
73329
32822
-32561
-89749
-93643
-9594
35951
-4893
61571
97899
-24572
25144
-90624
-67367
70054
-78072
32191
-94781
70086
18788
-94424
-45997
-37028
-32529
43201
-93095
-7030
-44206
-64981
84571
-40814
-45883
-69872
-68248
99650
77201
-31301
34438
-32232
-64004
54208
57731
69187
92856
30852
-12518
8919
57832
-40096
1350
898
2122
-64081
-8041
53899
-24696
87522
-90621
15195
-51202
-84648
13445
-75180
76092
15946
61656
28803
-30600
33099
6999
-85266
57480
236
62305
38306
-99837
2963
-63574
87497
65235
69681
-13366
98213
-42717
-38833
14767
14716
-63598
-44350
-52117
-48793
-44815
-33502
-29664
94149
-57414
18151
-91095
70606
77486
8941
85269
-48918
-44737
60719
72131
-41584
-217
63255
-29682
10051
23663
89422
72881
69174
-49484
-33240
-96471
-74314
-72010
-54252
-17048
-55710
35475
-26360
50164
48146
-9186
-5061
-19563
41228
-41058
51713
-25037
36774
-58528
-9214
-50423
-29484
-17344
-13813
-28779
-32266
97177
-85949
93420
98123
93471
-70761
-18204
97417
-17198
-38067
11432
-30260
-62877
-96330
-60787
65951
-76898
73511
-29931
13411
-18947
-40095
14022
65362
-16759
-82427
-28396
28545
-51196
-85601
9006
-36171
9331
-47201
61737
-84053
20920
-180
-80304
49194
-64992
69174
48551
24540
80584
-58284
98402
-82122
-22260
-24998
51888
4520
-59451
21201
-3445
-65486
58209
-13308
96286
-67465
52576
21608
21455
10171
-26403
-27847
-85505
96858
2553
-38790
52202
-32065
62420
94575
47024
81698
30064
-22899
39927
43347
-82113
-89156
-63787
90975
-41058
81335
-51926
83383
13207
-90317
83246
-4460
81873
42696
-45021
75726
-35029
6444
21821
-41679
69493
30865
31840
-49005
49274
12154
85995
-45234
72145
11839
19810
-70609
-16758
-18036
-88685
30812
-70209
54561
-18930
48163
93228
45052
40649
-83564
-27959
-31101
-69174
-17806
46489
-79696
-35454
-51390
49877
-48236
35744
-19642
-60470
96383
97399
-2482
6101
-40959
-81850
-88870
93638
-41435
19819
-79325
55059
94720
-88099
-8736
-41671
-52727
54802
-95734
-99995
-54374
-29651
-67747
74128
-88710
78018
-12924
12816
-46812
-55833
-38945
-7104
-28648
-42344
40023
71956
-6388
38076
31194
-27403
56221
-31384
27305
-83392
-25349
50703
-74294
27177
-23333
-58953
-35944
-83621
-18074
24041
-48753
-68206
29526
-96759
-51608
-64616
88031
26787
63599
-10538
-5633
54026
35037
70515
19206
41599
-75901
-87042
-90928
-28152
-31486
-75616
-6271
-6209
58794
-87981
25517
-75015
75555
15587
-93421
-55643
76450
78179
-62350
-35286
81170
1967
-11476
29000
-88536
76167
-24745
20807
33878
67617
-64708
90461
63386
86085
60696
-20458
-28829
-27231
39173
54320
76253
-12548
-55771
-95968
-60875
-91891
5629
17926
83429
-80572
17381
-99761
99763
37437
-97587
2642
17254
-57406
70032
45774
-13160
53083
-98816
64881
33396
97852
7779
86067
31925
-34531
78018
27543
2988
55429
13360
-13221
70854
-3405
27114
-66368
6314
-15993
40668
32129
84377
-17326
74670
32261
9462
45210
-20907
-44010
64305
-79243
-80494
-68150
-5941
-62268
53310
65999
34638
88300
69808
-24167
-64622
-52623
28131
-73240
56297
25302
-39514
14515
-68441
-26443
-57612
-37514
-3291
-30301
-32444
88564
-95810
-32469
-83235
-97917
-43595
-42937
45249
15053
19435
33408
-70648
-62994
-70082
92111
38060
-83105
-18479
59504
7166
-1120
12724
-58692
37610
68960
59822
-3235
-92532
55327
80730
-49141
59606
3859
-92179
49665
-90339
50463
-67702
62670
84943
77579
11669
7113
-39742
-37375
12836
41941
45456
-84788
10269
-33544
34596
-5131
27758
-16843
7103
86097
-30068
36295
-70147
30293
-60197
-58110
86197
82325
65731
-51581
47031
-90127
-80582
-54767
-64272
-47575
-1570
-52703
-42700
43595
-46853
57306
22913
-41890
4383
76306
-17415
40475
80573
91384
88166
21073
64089
61001
-19813
-22994
79228
55832
-45030
74537
-76575
-6084
-53542
-58911
-77520
-15019
19343
8281
-77955
61404
39473
41199
-23815
-42881
18811
-43530
-25127
32009
4818
34191
-16092
54137
-80624
-94073
-79968
-80481
56724
-47272
73502
-99065
-47644
-20820
39288
-90156
54626
33403
11248
14296
-81111
46385
47113
5507
-81085
79861
13412
78527
33027
-99148
-35487
-59600
-64640
63972
-72044
53684
-10054
-13393
-36522
-30235
-91381
53306
-17436
22638
19180
11228
-4387
-91484
-42772
-24071
61040
-9113
-56190
-8316
53065
56394
68691
-74677
98155
66609
68804
-17513
-63418
4557
26448
3851
-96623
29422
-85648
18084
30869
30480
175
-31816
45432
16734
35504
-12022
-34759
13540
80615
-37057
99502
-82449
-32864
-22065
46618
91457
-605
-77114
-89246
95744
51141
-12751
-45594
-49515
20274
-19282
63894
7718
-68833
32417
-14459
-71018
-36428
89528
99076
-24690
-30216
-97200
-88195
1154
-12339
-6246
-39806
-56664
26925
39681
-5038
-28689
95993
-55659
72937
-99780
53766
38295
9898
76323
-54814
36025
6374
-54210
26918
-81828
94372
-3613
-71616
84357
89659
-98146
-45603
-66797
59422
-4481
43557
2291
-67605
-95992
42424
50218
-9098
-11173
99180
2514
-72070
85532
-89523
8359
-27145
45462
54969
41781
-6688
-83140
47605
70167
66732
98010
4784
-23679
-48928
94526
-81305
-39997
-32834
-42689
55898
9914
-12963
58942
80134
6128
20126
-79225
-96531
-20939
12990
-40736
90845
56668
25006
-42460
-69969
-25351
3901
-76927
13533
94200
73099
54273
26862
-94701
-62330
87610
42084
28272
-88073
-67721
73910
-5330
45571
44663
90242
22864
31764
-62334
19000
49343
-60052
33032
57676
88104
-78850
-15668
19713
-89938
-13910
-13813
97015
58975
-15422
-30827
47853
92862
88710
-83174
83465
4900
-62284
-19712
55540
-7033
-92819
-50959
56350
6584
82935
-96526
63146
2768
-3818
85113
84317
75028
71150
93043
74789
81867
57617
72298
13224
-37846
-88836
-8347
32922
-2473
-45075
92233
56018
38723
-78522
15995
82698
1312
80342
58955
-25973
299
-18150
8181
62017
-11646
-7290
13776
82120
96445
-4591
49622
-369
-64781
-75140
-90759
80531
-98749
-84980
49690
4679
-67865
88882
36628
72112
14359
-20842
-80163
26106
11891
3157
-88013
88675
41939
-53441
-68661
-78173
-58186
-42600
69882
-12182
38858
11480
61982
41822
5114
-52086
39221
59138
30204
1507
-74084
54850
-78397
-11853
61109
65103
-74193
27005
-27236
-78044
21413
48582
-72063
48254
47973
24526
92495
-58945
-14273
-68696
72494
-2544
-37653
27921
17846
-59667
-48585
41451
-4502
30652
93972
71022
-31306
-11983
-31721
-6035
-52782
-90728
26288
-94726
-64184
10977
-6191
-57488
6772
-47642
-8723
-80619
-7755
19791
72966
17068
-85868
98694
-70739
86616
-20317
14202
-17641
-59944
-25431
-12738
24581
-93575
-49518
32008
34726
39553
-21197
56658
50967
99453
-2255
-37954
-43358
-56642
15977
82951
27785
24937
-71738
-98561
12303
79247
-99079
-9287
-55132
4999
-74037
94679
-23525
27042
-36706
-19059
64333
71124
-82976
47490
-98770
59823
57359
64597
20809
-55583
10590
8192
-11522
-7487
17170
-17083
31362
6556
83320
-43235
-7758
41537
-71047
7319
21364
-32090
4939
44541
11011
76408
31596
-63623
-95958
-46425
44033
28795
-49424
11181
-88916
-21308
-28077
50683
-38234
-21744
65585
90728
-64566
-73985
-807
40363
-18734
-82540
27589
67541
35796
-77941
-5717
38628
-30062
72008
87589
-80307
16315
-69870
-52984
-28180
62736
66262
-20594
-19813
27992
89385
12250
-78640
83741
88285
98452
55434
45104
27723
-9646
66440
-57379
-40701
-88438
-12068
-71094
8908
11168
-26946
26603
95187
62435
-13643
41717
76879
13292
16700
-10133
8202
-56348
14354
-16561
-88528
-62820
88731
46930
-31912
-36672
65265
68091
-36391
39886
84588
-20686
38168
64876
-30640
-32222
20312
-56286
-9280
-49587
-32111
-97825
-18340
79308
23009
40955
-65604
78581
11546
81394
-59843
41266
79721
-95188
74998
95842
-78435
83556
11134
44203
-75149
96050
-50908
16650
48165
-4940
33421
96847
80039
8034
98019
80390
-60372
54569
-41414
-39808
61050
-28623
-1646
-12053
64425
70315
-51936
38944
82153
-83379
71770
33890
75742
6912
-44955
-92391
-18667
-62841
-7882
90623
64256
-50074
46853
26180
58912
-30254
-77225
-93551
62199
-88957
-85011
-97793
-2381
-53456
-28451
-98602
85603
-64455
-97866
-93578
-30772
-54901
92334
-62657
-63947
92072
80224
-46913
-78530
95620
-22015
60789
-45779
-46946
8462
-9524
-41518
-66385
-65460
-40717
67781
46099
-82386
-22962
10739
87313
-71939
1863
-15024
11330
48454
-91143
3240
8829
-31748
84075
28989
-1087
54711
47539
33636
-35638
-16723
-92097
23665
60664
-58724
827
64768
-58329
-35973
35829
18758
-20312
-35117
3937
-31880
-19332
34726
18644
41667
-62563
11624
90978
12094
49992
11523
31487
-62530
24929
57640
42385
-12129
-77731
-85397
26881
39850
-49891
-54488
-87582
42095
-35199
-63081
-4442
-5410
25234
53876
17375
-53472
-7931
-75809
-20712
-13142
61387
72076
40802
-84003
80644
42176
-44144
-75445
43367
15466
-40702
2233
-78975
25478
87928
45852
2533
-89322
15597
-70529
-10173
-58699
27444
-76384
24630
30108
63767
70187
16813
-134
-2851
-92638
-263
-55473
62750
72590
98844
30026
-86604
-25192
-8890
-16276
83370
18868
-40887
-60469
-12312
32718
-65827
79986
22785
94985
-71679
47141
-36234
17467
-24310
63226
94882
86714
65502
-75652
-53359
95136
-49507
-57197
-49934
-68152
-88724
-48420
81019
4858
-4340
-13774
-84747
-11224
-12467
93897
96873
30667
38104
-57328
60586
72758
55094
78572
82783
-43921
55581
-37735
-90991
35693
-19525
-39683
26582
-67367
72219
-77938
19087
68546
55134
-2551
30836
91472
22942
-60707
-53230
-36398
-49498
-8727
79974
24369
95077
32304
-81083
22444
5581
-5220
23134
-29836
-13132
-74215
15507
55167
-8224
-42083
-12975
-70295
12525
92932
-86995
15574
13242
-82513
-65095
-11286
58609
-50301
96800
-34048
53842
-59463
20930
-24124
-64745
-40693
-77354
80207
-45045
-43019
-32717
42317
65276
96222
78135
10749
55988
95870
-37994
10003
-14509
46265
-40907
-17506
79877
-9009
-24515
5031
-16214
95617
74950
3538
-42726
48671
-93908
71760
8507
-46472
98603
97186
44879
-85443
-61158
-96728
38031
58472
5930
-95706
4368
-3921
-48669
74658
52762
-40860
87244
-19537
-89931
-40705
68470
-11894
-23953
-38137
-66806
-86425
-5997
70240
86467
81434
-96915
-35898
44432
6218
93269
-95356
-68832
32004
-94939
23707
-54516
40881
68902
17225
16207
22435
23842
-2570
-63302
-44330
99858
40668
44797
-79511
-16095
60901
-75083
-70000
65137
25727
49643
-97978
6018
4752
-40515
-77966
-76132
-89306
-31035
-47058
41087
-31509
67832
25260
75273
-81146
85826
-65659
-48814
-69723
86686
4234
17491
-61492
10382
-89158
-1718
-75937
-69241
31841
-68771
78830
62589
-38740
68261
-72714
48889
-48611
54314
59980
20353
24406
16116
-40982
42792
-16119
-14678
-35512
-7328
5439
15952
25468
-99808
34916
88653
16384
-63180
-18260
45030
1104
-52785
92539
83653
88801
-21206
-42603
87983
-84948
99892
-76812
-86658
83115
80844
-24972
92250
45184
-83135
68041
4003
74451
-85169
-2925
90270
48738
-29815
-99018
92293
-10323
-78396
41603
70205
16273
34204
60888
-40786
55831
-58589
86615
97882
18488
-65065
-16810
-64878
73647
-2832
-24600
-90964
-92936
-27719
-27858
55492
23929
-7481
30652
33034
90727
-37621
49259
-70596
-85823
5873
-44956
20106
35688
-51735
64517
-21178
74563
41406
6953
-93887
-92963
46241
-20166
76190
97394
-57491
-39453
-10776
40779
24865
-9756
63205
86217
97944
12554
-71052
75633
3795
47144
8126
87493
11465
25006
31874
17054
83715
69349
-10194
-95504
70056
78555
-14504
94954
38050
40265
88186
-74060
-80284
32355
8898
93145
85026
-95532
87508
-2941
39900
38977
-22020
-32675
64227
76336
-78826
57589
-98494
19786
-18427
-5854
39288
35231
67309
-80819
64532
80821
-89089
-62596
-91640
20700
-67053
92
96381
72868
43018
-59568
19159
-43763
79013
-5718
54910
69921
-87737
-98869
-86781
62107
-61293
-28583
-59342
-27945
2035
-71757
29026
29334
40950
73344
18860
-63877
-38233
-22452
-84738
1706
-15903
-34039
-25266
-55204
-4196
12012
-34731
-26321
87874
32943
-73950
-56976
-65150
61526
37332
-46509
-7929
-80986
51545
1471
15290
93056
-14827
-13766
66660
54149
22863
63610
68464
-40521
-40481
66755
-97256
-6192
78234
-79050
-31545
21574
52418
27073
39485
24934
57485
-51508
34785
-93090
90307
21648
46252
-23126
75180
16056
75521
-99451
24209
99008
-59887
25399
-49911
394
21973
35503
-30041
13378
-37772
-42794
-9858
-23571
92239
21842
-3409
26839
40459
-59526
-6344
-13168
-3663
-23209
-24209
91137
73112
59058
90745
-15187
56827
-24043
79725
-60921
-93336
66669
-93285
56920
30254
-7933
38342
-81039
81472
-57827
65785
-81260
30097
58822
-69242
89631
11624
-70432
-96900
61514
96405
-35121
69784
5750
-55811
-84610
90731
11684
-86515
32128
-82525
-43359
97090
82920
5995
70222
42196
-4221
76913
-51772
-65989
-28374
89633
1269
-37189
-25739
-35367
-941
-35768
-28029
-88960
22150
-60609
-79304
-30650
-43270
-55501
76332
-54036
13798
5204
77797
26736
38879
-26277
52943
-88734
41341
-22729
33237
98353
-53417
-7073
65124
21959
-76978
-44391
-95200
-92333
4467
-67218
-99585
53238
-44013
76300
-3540
47434
-66682
-34502
-46354
-90885
-66314
79475
45233
97474
72255
-34677
77119
2106
-81368
-1757
-89097
-23008
33169
13646
-92591
-66883
-89960
38760
-65077
29288
1305
-46519
-24200
-45441
-12631
74267
45798
88052
-66860
-78544
-72787
-38245
-3701
69491
-87610
-97338
31257
-60930
-76244
72170
-18009
29135
112
-25791
-1926
-46855
-41758
49242
-57279
7638
-2323
98785
29701
33657
-70129
-26325
90895
-19066
15371
96398
3487
-60552
-63737
-64126
34691
-53453
46555
12413
-76000
82231
79411
-34617
73485
42717
-7424
-83874
18802
77526
41093
-1989
50103
85720
87084
-48347
-64528
21887
88385
-96317
76126
90843
26557
-63279
11436
-81942
83828
-53864
36382
-39353
-17572
84940
-71138
6251
88533
69302
95216
-63819
64580
-20206
-76196
96917
-55290
-55414
-5255
11293
89781
-49917
-52185
-80775
88311
-5122
89642
-58767
78171
-76427
-67615
23705
70494
72247
50349
32535
-47079
41058
50395
50259
-27347
66042
2319
11252
-11526
-95548
63622
34075
18729
63844
-31237
-40513
87398
21230
36528
-13820
-33407
-81943
4984
82400
-22602
77433
71092
-11667
58357
-65829
38867
-80900
-94955
-99475
-48160
59613
-37227
-5076
89618
30276
-54379
-46724
-1405
25345
-23479
-94576
99830
8457
77936
-87660
80913
-73110
-4274
-94656
-97013
-65896
-66965
-87387
39434
32245
-64806
35170
-59307
-74764
-70373
-79117
-7938
1576
-66530
92112
64686
-4737
11198
-74790
55562
20351
7302
-83985
-89275
42948
-70159
56777
56323
-49563
-12567
-97989
-55314
9242
-75070
-79108
-54082
7323
74348
92458
-23038
-80643
30827
53535
45975
-66989
-14824
-75265
-35941
59614
35635
-47530
19212
-49190
57231
-48730
91463
-64984
-12768
-47844
-88736
93889
97301
-53500
48727
75635
-82655
-75859
-55980
12112
47556
4822
-86461
-18958
-81466
95352
3840
-58161
5508
-54874
-72607
38934
-26850
-35216
31900
69117
-6609
-16709
-55115
56311
86703
-13630
77364
55945
22216
71042
-3633
-68486
1508
-97315
-60992
27542
36113
91250
39517
-55660
25121
84518
75547
66446
-122
-455
-76372
-72426
63124
4898
91773
-76929
70220
17693
30141
-17150
73986
-90931
-74477
96627
34366
21809
43113
-7533
30351
-48648
-95411
-12723
-27860
53860
91481
-25857
75245
3662
-85622
-79941
-65683
79632
48989
-37871
53542
-87716
-29839
-90353
60011
-80988
-34037
-73490
-82093
75873
-34131
54544
53112
61228
-21588
22806
68430
18776
-68491
21543
22695
-90550
-49107
-53283
1278
62623
80585
1250
-93613
-77946
-6729
-10617
-42589
7840
13918
-21863
93738
7934
56818
98591
-37198
46446
-4455
-46133
64903
82322
66043
58130
91188
-61516
36961
86766
-97419
61636
-13990
55921
-5996
10277
76424
72727
9339
73059
-6071
-74034
46974
3692
59852
54551
39507
15792
48742
99322
59716
43924
37539
-6316
86356
-37954
-51122
23255
-78502
40414
-82683
91863
86477
1359
-26472
-46005
-8237
22795
-24874
-8686
98879
-58487
-56649
-70446
-52124
33339
-26002
16303
83790
-60690
2517
-9608
80860
-12074
-77179
53843
67902
-98405
2983
29050
-93383
-15043
48829
52433
70253
41172
-25853
64551
37213
-39320
-62310
-40731
54933
20562
-97347
33580
-10116
13229
-63948
54580
-77541
90720
-30961
-21300
74809
-80011
26839
-5802
35499
-65027
-14141
53423
-79706
-26622
-16319
25618
-72557
89192
68163
-62649
-70607
-19742
67855
-15561
-46151
-48844
13177
59880
-52906
46525
7326
-82523
-66675
-52578
-75802
-67086
91510
23941
57807
88224
9022
81723
48677
81619
-19333
-82351
20889
-70403
36720
45741
74978
-37904
-77878
18962
-44363
-5580
-2731
-1957
6108
33967
-35897
-52898
-48881
-66757
-22581
13793
79342
2433
36578
41936
49879
-49142
-53751
7764
-69721
-14653
-24924
-9143
31912
43827
31819
85306
-9208
-10638
82899
-21805
14761
-1152
41140
7822
31535
-3528
-86754
-18073
14445
-88131
-13091
-22018
-44617
34767
-6358
26178
-92998
17167
-97381
-20585
78506
-18667
-50865
-43863
21964
-23387
32973
-57041
-44088
-15674
59644
-22976
81484
-86342
30685
99483
-31132
9785
66949
-32869
5185
73610
35391
-9700
-17810
1329
-57613
60851
99458
-53628
-84508
34930
33896
-11336
53929
-51550
79
-96142
43329
84332
-63299
37185
-32780
68023
98875
-999
-81523
-65229
-97859
-26433
-62611
-90953
98701
-71386
-64659
-13620
20219
-57913
96068
51222
-24083
-34343
13761
1595
72764
32913
69016
-48526
-36091
-14887
-58221
-97997
-15229
-5477
19586
-43376
4716
44109
-647
41318
3161
57895
92500
-83744
-63331
93527
-63883
35380
96091
57654
79338
27686
-10281
59325
80726
28080
52631
-34401
-19084
95095
-20864
47268
-80256
-55719
9372
-66323
59569
-97067
-4753
86406
60968
14441
-83238
90498
-68567
-70509
51966
89726
-36937
33683
-33973
3080
36041
-335
29572
-38211
63314
8529
73277
49719
56570
-26042
59001
85390
-2931
-37241
-19123
-70446
-27419
-23966
-91440
-10723
-13908
-78786
-41529
-84921
43949
-31238
-2542
-99845
-2925
46795
81181
9284
-76473
-76863
84878
-42500
85314
-77057
-5207
3656
50310
-85252
-69803
97969
86649
-96497
41809
-65126
-82940
-73884
-3119
-78009
1532
60229
-80340
-72363
-66475
-7077
60618
9164
-55285
33161
3024
57220
51896
-7521
8596
89373
66584
92976
46012
-77078
53241
-8864
27582
-78344
11371
19116
17358
-22939
46522
-22851
96396
-35977
4465
40408
-43581
-70365
47831
92340
-4851
-59903
88637
63281
60245
-80579
-5245
1718
41369
42063
14861
3375
29421
11429
61237
55335
-22224
20711
64876
59829
-34439
37626
48631
-66405
79028
-1343
-2233
24501
30382
76594
-21135
17561
-27410
86897
98756
-65166
-36524
-79334
-96363
69714
3887
84510
63338
-64786
13552
20199
59836
-45952
14232
-36818
-3820
-77720
60225
-46570
84331
46303
-31445
13920
-20446
-22410
21547
21472
68896
296
80038
31664
-6460
79077
-24127
90832
-2044
25814
-51959
21614
-61243
-25579
-3525
72410
-64924
63054
11701
86638
94303
4924
92654
-40156
-31994
-99318
40371
-31749
29656
43435
63090
92901
-68815
9358
-9487
20540
63238
10022
-64516
31336
-85170
-47474
-92480
-84816
35113
-85842
10062
9945
-91061
-9928
18305
96196
31553
56229
-79145
-40502
51738
43793
25101
89512
98116
88016
96924
-49461
66693
61541
-93245
7400
83138
-47895
-55919
65397
-47859
29292
27645
-89635
76416
95956
57974
56632
92638
-13245
-29796
-22579
1195
68267
71701
69759
86723
-32708
-92362
66962
-54598
46776
-88344
-98937
35901
-3626
35461
75482
84900
-63436
-78117
-92099
53966
87083
1405
-75147
43049
-57914
3938
34604
-48528
-5551
-14165
-13171
42893
-29999
-13593
-81395
-40982
58522
17629
-26120
-94867
-68713
62373
-61862
20172
-22988
-84250
92035
31964
70708
23107
-19075
64495
30853
75816
52140
641
79878
-42988
-23137
18819
32723
-4369
-26124
68236
7038
15833
-31443
-9432
80923
72318
-43640
60442
-56008
-67660
35620
12515
47348
25239
654
-26005
65063
-4198
-33502
91052
-7946
-64667
-72450
-54469
42459
50388
-89787
32368
-15346
-48750
-72085
-27936
4036
-79916
16681
27786
68303
19744
6613
61310
-63193
89372
-4613
-82234
45329
-4406
46924
-75291
85548
11758
-6937
4867
-58546
-6766
-24121
-3687
23560
-89215
31042
-56709
-43202
-65997
-48222
-9803
99425
40326
-10919
-60824
-35540
86590
-74724
23899
68489
57088
-3969
36774
90899
14383
20402
65341
86050
9036
34740
62504
-44700
76364
-31819
-45509
-55868
56959
68428
53553
76223
-56643
-47491
84185
-48397
68162
36098
23444
-69150
82947
24719
-78381
-99250
97825
680
94735
37798
-71958
4001
4477
97659
63518
-34367
-14737
-78331
-41190
9087
-7274
89574
20904
-77630
-17388
57598
63457
-14547
71969
3108
43077
-74139
49967
-31047
75221
-12145
-6594
98130
57845
68681
-21484
-39382
-51351
-60714
-45690
-41219
87935
74732
33711
39469
37206
-56498
-60315
23804
60859
54700
71013
81130
86567
-17203
59860
71178
-57591
87071
2844
66965
-94158
-97939
-27620
40049
74212
58221
97666
77284
-90298
59576
-90583
48875
-3546
-36381
-61444
-69115
-72883
-20342
-40539
25170
60954
77676
96648
16810
-26218
-65406
-9177
93061
-11402
-95585
62950
12852
44955
23239
64656
66332
-17145
-34651
-52796
57399
63953
-45440
17252
-22896
-32547
93056
-70276
-5219
-32381
24135
-83133
-63327
-57452
57140
-45488
14747
24300
72256
14467
-99157
-59504
43850
-76312
-35094
6950
-57798
-89483
-78995
-33251
88771
65573
-46072
68230
60850
92112
80564
77278
92376
-30110
11275
-95847
-82418
-86086
-78307
77640
-65790
98120
-99504
90611
-85678
77437
55270
-32352
-40207
46583
27013
-84363
-56174
-83324
-25267
-82446
-12045
-23786
-92328
-5880
-34064
50322
39876
56807
-41950
-33854
-96405
-63484
67377
-27379
91946
-52353
75836
-42728
64037
29057
36998
-77608
-90897
36439
-48916
43008
56826
83081
49371
-81237
67269
-9238
30112
99604
42638
-65416
369
-99493
-9957
-13348
48046
-69474
-36764
65515
-59925
64647
29274
-39628
47751
-52689
5
-60384
-50465
21417
62161
-70648
-89399
-55567
24890
-34002
-22932
-69896
-61177
62469
-57572
-61572
96134
85976
-83424
-93916
-57391
-28449
-12054
23237
86881
-3021
-32275
52803
-68543
-40632
-77820
69880
-85397
-19339
50332
84952
-15928
48973
5994
25835
-11247
-29031
98
83280
52043
14993
-98459
-3282
-39330
-9571
91085
-56858
38283
39431
84369
55895
-66811
14521
41064
71788
-94759
14727
85756
-12106
87543
-84061
17453
27707
-37405
-82962
26786
-49117
-11363
47966
19013
12485
48871
-43942
15571
-50489
-90334
73710
-9118
78435
-72861
-79941
-90940
32523
17785
-18391
70056
-17547
5255
74263
-68379
55184
81793
-2512
-12362
-3027
74780
37680
-76309
-49980
82919
-3595
-28096
71850
24590
64691
51139
11686
58518
75298
-99018
7193
70185
41397
77873
-80302
-72113
50155
98849
-35828
-84166
99240
-24448
-16929
16984
-50002
-16544
-93703
-97487
-2434
44691
5249
-8529
-56349
68848
-31089
-81214
28212
-40612
80776
-56116
1210
42963
-54474
87279
-67406
-13918
-36032
-89051
-50105
20713
53516
-30394
79856
61636
44218
47720
38374
-49908
1274
75158
-6458
83053
32623
14327
-544
25904
-68588
-23244
5111
-37002
-981
-87713
1334
53699
-93846
-8374
48644
-76026
37329
-41645
47038
-53910
-90016
57264
-91809
-98705
-80836
-14725
-21065
83186
50258
-47175
-40595
-52401
-56230
-9694
26072
30445
74835
69610
-70313
-76832
36207
-77873
-33525
-19471
53330
54020
80038
-99267
-12028
-22207
6880
-16116
-38691
-47101
-97431
22609
78216
-32934
-29208
-6867
-80677
-47994
98040
-32457
-70435
-99777
38616
-80180
9244
67617
-61138
-35839
37591
-18841
-94733
51180
73610
58407
51200
-40467
-69227
16349
34973
-56714
-56051
98039
41149
-86641
-28219
24366
-65179
70048
-45766
-58403
67529
81009
-42639
36271
-11546
11038
93135
-84185
1057
24864
-84524
-45640
-73883
-64208
-11312
-94968
91794
41772
-37213
-62013
-29186
72843
23682
47588
-29436
89331
-79243
-36399
-2976
-94397
16970
55181
75316
-33576
-29748
-19324
-77195
-73834
-19459
-77299
-82548
-68583
-13203
62884
-92718
-24768
-44526
-48514
81555
88981
-96083
6822
-48513
84017
77918
-32715
44616
73439
-54119
82101
-61334
-67132
-29596
-95927
-20184
-39447
96660
72308
-49437
45529
-21386
-53516
48669
-8619
3640
47700
41576
-59539
-21895
-34629
-48009
-91809
-14482
49295
92453
-43090
-40621
-48652
15102
83905
54919
-54361
93497
-78861
64977
-52101
-24622
62324
73357
3525
-81086
-99786
69198
-71212
69416
77372
61720
-24703
-2070
-29052
71256
-99273
29781
98620
24537
83474
9555
89459
-98332
-31468
40789
64932
-37731
-85879
-31529
79884
75190
-98054
-94237
75352
88321
-32829
-19404
-72525
20717
-73962
65916
-6672
61770
1107
-62974
-1915
46252
11552
39261
-93713
20014
50865
21084
85999
-81526
24274
15479
44339
52455
-87042
18567
45448
-93790
21009
-18810
41114
-45411
74906
-70402
81248
24805
58209
-70646
-76549
20970
58855
53880
71646
23845
50772
6668
71379
26779
-34495
78366
-56803
-52024
95986
49904
48897
-40959
-35629
99935
-36452
-39977
38198
87167
91645
-96346
97485
1734
19420
-77711
50896
-84239
-73247
15114
-40882
-83673
6471
64378
-96119
6161
-63993
76955
-58120
-46504
-28765
-95751
-97253
-42573
64719
98484
-41207
88565
46832
-13731
89612
59848
87852
-19898
30435
85023
49742
-93311
-91267
98737
40948
-85844
-38801
-65502
87190
16427
-97925
31407
40248
-20446
59973
2437
94099
64546
1355
98343
32843
28681
-34183
70120
-20810
14426
-6525
-4252
35296
-28824
58699
-36579
-32257
-96697
65009
-68834
81956
49923
-56326
64366
7213
-97550
18517
88300
-88982
88632
-82087
-16229
-27652
-3849
-84135
-61007
40603
81490
-36229
43176
12296
-79725
99453
-56023
-91344
-84457
64832
-16505
-68074
32879
23513
23955
51287
-18277
70799
-31582
-65361
-57256
17335
97064
-42120
-78868
-58732
-21219
-90072
-84837
63789
81316
-24509
-73661
-96573
52654
82502
16075
-74379
-65505
88560
57984
31915
7107
51841
3212
75260
99703
26854
65940
-99663
-56585
-95307
41124
-39226
12193
57250
-19405
89326
47597
41668
-70191
23416
81122
-91963
-53432
-11292
-10233
5629
37055
32644
-82461
-78704
-85540
-273
99009
13370
87524
-61534
99506
-52836
27779
47244
83555
36353
-26377
37143
-43032
35238
-4443
-90452
31283
72507
27620
34749
-71130
51179
-4402
-4111
90168
-7618
-72968
-40377
89142
16819
89047
57589
20708
-94068
-53091
-8775
89816
-60823
-85348
-61493
-96074
-16943
49100
25136
23423
-39418
59811
-39734
33574
-23637
-87132
71647
-21490
-76410
-15264
69652
-31160
-25734
38557
72320
-37557
76255
-48081
13659
18185
10381
16285
51904
-18173
-69233
-98138
-55022
47328
16336
83873
-56069
-41063
-88473
-27899
69757
-16537
5177
90930
-76460
75746
56912
-53453
-18222
-77984
58843
6028
29862
-19805
66266
88758
55768
66757
39550
-69903
-4208
607
8547
-6825
36988
-66233
-59475
-30443
-73953
18713
53391
-66771
61422
93467
76269
-41072
-49155
-91407
22943
-77530
-65504
-58251
58591
-78557
-17098
39104
1282
-28217
45237
-853
-91020
4379
85642
69300
59566
-7929
-97080
-91866
-87493
95032
59498
-49485
-87029
80845
76266
-49505
22367
41341
41716
83066
86183
-3631
5754
42406
98826
-62499
-89224
-73631
2883
97736
-77611
31333
-16569
-12204
-30513
-93327
-96419
-8073
56144
-82765
-5805
16406
73672
96347
-46733
36878
33035
-61061
43134
92244
58902
26330
13301
90703
-34989
-37048
-58720
37509
39207
-79944
39846
-68745
-37606
14461
-80920
-68517
-86809
79047
-18548
-71849
43413
-71526
-49735
-61625
13100
56490
-96101
-88867
98584
-90604
-59668
-26323
-15015
-54081
-20201
-98068
77435
-11710
77411
-85494
6995
55089
-78106
-41506
-11059
-86970
88988
3971
-85465
-76047
-21735
80666
79548
53679
-45876
-73536
-51267
-49838
-46610
-43199
-59650
-21468
-78564
31993
-91184
50516
-46871
-88377
-71053
-64055
30039
6483
-74079
77083
78977
74299
78443
-49603
47334
30482
52521
-36993
427
-85373
86913
89118
57099
74491
-49638
61281
73198
40930
-86055
81192
68619
-89275
-44467
-53346
-90633
-63684
-28196
-38090
78773
-90126
6123
-4687
32916
-87132
74832
38788
-56209
54884
24545
21038
97527
23389
-83043
-87271
5917
45243
80333
-5835
96887
70411
34142
21305
-23267
-15998
-11462
9787
43676
58873
19718
-27816
-44613
-8715
7556
92283
49087
19446
-62641
-65986
-40283
32570
-84235
38991
-8618
19875
-69633
-48462
32538
87169
-74121
56471
-17857
2444
-8341
-25434
52314
-64121
-14028
52454
22275
-96052
-46117
-9491
-78379
-7489
-45213
-9454
-13433
-95736
-42052
-5048
73756
-98054
45140
6970
83145
26215
-40674
-40395
-10890
-84495
49742
-9992
-31316
-75050
22362
29883
-10759
-11609
-82763
35216
-7971
4180
-58170
-30186
-33470
26349
-65249
46791
76230
71695
-19326
-60712
36558
-47821
-81051
-30460
-54555
-6129
62072
15413
-44997
25974
32668
90894
-79883
56498
-24330
5546
60542
-44538
-57302
-34479
-20710
-68421
80122
54693
310
49535
64957
-30654
25557
78974
-38478
9818
-4493
51144
78526
-90151
61737
-64500
43629
-10378
15872
-13067
-71388
-70205
45014
-73739
-64173
-35565
39631
-73056
73314
-41597
75347
-1462
59522
-41381
-86667
-76092
46526
-69514
80718
-74255
6135
46101
-8319
-21637
-5618
-55828
-20062
34929
68114
37489
-65452
32555
-63826
29801
95814
-90095
61843
18517
67663
-2960
-41585
-28444
70678
89486
-62917
49027
-65194
-43728
26400
12886
-88133
-50861
-54638
-83627
-86693
55206
46661
63332
-54384
99704
-24406
56461
12485
66170
-90835
-70015
-26260
-11676
-70772
-91774
-70227
28575
-67471
-24407
-47474
-24225
2757
-71464
-51326
-55187
15707
-93261
-61245
6100
-30396
-33708
38653
75530
-24924
-44288
75767
17456
-46487
13651
-18466
-48097
-40943
-61870
-56776
23214
15676
-16498
-97989
4812
83250
-31755
-9171
43175
-67227
64707
-11849
52399
-34349
-51088
-78578
-60152
-97603
95807
-98197
67288
76583
77319
75174
89249
-49920
2906
-40411
74143
5518
-9826
-87570
55313
82294
61253
-84845
-83300
75073
-75277
48962
-45487
17086
84472
-61917
-83523
-59626
99344
83881
-44812
10731
99256
99616
-1130
95279
70434
-83912
67617
9391
68246
-22339
326
-89589
50612
66167
1102
63508
-4798
11001
79497
-70468
-65894
12697
85201
-10955
64428
32422
-96329
-23529
-89566
-59511
58977
-22660
2120
29874
27082
10797
61349
97237
97201
74118
91968
-37019
77841
-54530
-86972
7148
-16484
-24430
33372
10385
-69986
-69240
75330
-38251
87753
-23825
50966
-98112
41573
68922
85379
66633
66
-88916
-14821
-81082
-36541
76297
64395
45352
10850
46190
28671
63928
-20148
20788
-12274
-85536
2343
-27828
-24228
-44118
95422
72716
6525
83501
-97039
-79677
22547
-67613
26907
-13493
-75404
45983
-94962
-90985
-63621
-7655
-46277
54303
-5896
-40614
98177
95733
5916
-24481
34974
596
-64097
17861
-58880
78017
-6623
54389
6285
-7685
41609
41920
35666
-96202
86190
35129
-23416
28677
-39161
88255
84906
-12981
-19206
-98872
-60481
50534
-69237
-73025
90988
-37867
-79634
59018
41860
34039
-26353
48863
-26016
92459
-4732
-77535
94426
-32117
45853
13211
67801
-6081
-25618
23795
46127
74285
83878
54314
75797
-10305
-11692
34886
16710
5202
-24199
-5684
-94979
59965
42911
66354
-33604
-9357
-26407
18970
-28931
55600
-84832
74337
74093
-42067
425
-28405
19481
93761
-96641
-97369
-41286
68587
49858
-24116
-56122
-4418
-743
-6207
-20616
31624
-55569
-15802
93564
-7122
-41999
-7475
-94944
-94325
10564
-28737
65766
-88147
67137
58728
42062
-31097
-42418
40120
97247
47558
-79518
65180
60823
-25853
55750
52609
-71489
75896
-97873
41065
-74881
57964
56067
32979
23513
8909
-52997
-33978
94591
-81029
43797
64975
-76313
-85313
99696
68375
41883
59534
-93282
4850
22793
-40721
-35976
82214
-24174
-79706
-88496
52388
66409
-57346
87943
-72925
-13092
-61699
-82814
99521
-71748
-56292
90370
-62764
61651
83630
60557
12227
-14973
66089
1585
93542
42143
5792
-69543
98510
56671
88884
22233
9362
91329
90067
92742
79426
-45940
65808
-81102
48525
-81608
-82291
59281
-51964
-83077
80424
58319
69214
-24740
-93979
-80257
56386
-60564
-46557
-29933
19135
56724
-19580
-49490
-98435
-27940
80972
-90231
-32167
-55590
47156
-24892
-44738
9177
80650
-42547
92931
-84760
46681
21483
73120
-89792
74668
-92289
-89526
-78734
20957
-18872
12833
-64831
-51979
74602
3488
-92289
-71586
-87954
-51022
-62001
46086
-72516
-8758
-82915
-54686
-14556
-34878
84599
-73974
-73961
25661
-96046
-60042
-72084
71524
19095
92885
-3611
88422
14821
62591
82615
35876
-88619
-30523
-90661
1826
5898
31717
46432
18087
-88152
-44894
15347
-39852
88556
70221
-12515
61763
34739
-93167
-88867
-96578
24949
66401
-28195
61810
58805
-53274
60937
-36480
52651
-57323
40859
20656
56631
-48895
60563
33024
-33336
29384
-82965
-79278
-48235
-22927
8542
-47422
19576
17159
-4955
27724
-17357
80195
39934
62150
80637
-16451
-85337
69324
-68790
-78698
-40657
70943
-6306
14725
48122
31405
-58399
-46350
-40940
75229
-6063
14142
83162
-46525
6369
82487
-84521
-44
-93395
-39122
67328
94751
-99855
-14681
-18037
-18050
-60248
-87592
81133
68670
83932
25158
-65494
65524
63784
60790
-6839
50101
73138
-51916
-34141
25320
74070
-18060
-72162
-63264
-377
57481
-42375
-68679
-34043
84050
-37737
22790
-59781
-99442
-92581
59917
-61256
-3321
29533
44966
-30667
81663
41857
-70063
-50186
85933
-22904
21913
-15920
-23760
-30965
-33934
-32008
-19899
-53684
41739
-50231
-69297
-2167
-8791
49012
40653
-36024
40260
-15064
21513
-55465
-92109
-97374
-6157
-15143
-46744
1126
-9944
-96484
49915
95906
42456
64158
4084
-57091
-83497
39870
-97804
80286
55709
815
-70181
33362
-80798
39844
-54480
20089
-43303
-64122
-99498
-3422
-21942
-39315
31838
72746
32417
46171
9922
72152
-5825
-62184
-27997
-71922
-10789
73619
-31730
-58225
66551
-1284
28873
70281
-53857
28659
28275
40324
9648
31649
14677
-46499
86645
64290
85550
-57336
-16756
-51426
-33849
-20953
80759
72931
71996
-4290
39845
16268
-32465
-70307
88208
51528
7964
44545
8935
29767
-46855
41998
24080
-93409
87293
-44496
78826
18502
42446
-29805
2280
12208
73381
-91352
43280
-57116
752
-8582
-17635
-49262
-86709
97068
-65180
-80433
-13968
81358
15939
76909
-17317
-72915
-25893
90016
-1513
-54475
36566
68457
37079
-32294
17214
34356
-30067
-82416
97124
52507
46173
49431
-33890
35938
-74006
-26370
3939
-82933
10451
-69667
-32214
22121
-23429
-74107
-14470
64149
2991
90524
-43851
-31973
-43941
20796
98189
42724
-78723
79425
-24352
-60900
-54139
-89820
7047
-12575
34899
-82083
60836
64864
26757
93758
78380
31545
55509
4373
89437
66128
93864
26089
-81755
10182
-96228
-50007
8134
6664
-25993
61279
-73514
96978
96121
-48243
-85204
73706
97073
90663
83569
-19865
3306
-58710
-92496
93053
90271
-49251
-36033
77005
-32630
57608
66656
-42196
36536
-30155
-80694
31330
43479
-24544
38850
96501
59977
72072
-44355
51300
-6219
65371
15498
-65655
-85754
-8349
68560
39661
25913
85024
75864
-87548
-16164
18656
-66405
23693
-70344
80715
9281
58712
91230
65935
-32319
-88454
1861
99356
33344
23456
73785
-3345
-91668
72510
-85964
-47366
6466
-9720
-94057
64387
35414
-25081
517
40983
18036
-98232
-49632
21516
37363
12506
26707
96200
76756
64524
16452
-46071
70634
56491
-87426
-39416
-11178
-98875
66811
-42822
25185
-45803
724
-49003
73806
-95231
-97900
34533
-76313
-19876
-43322
-47591
-31857
54752
-69753
60097
68481
29645
1127
-30225
29702
-97721
-13025
-5353
-8650
46211
-59986
-93117
-49215
27357
1118
-85097
74774
-71513
19987
19449
54286
48651
-33468
-72723
46500
61258
-76564
-31713
-18467
-59888
-12523
41310
13063
6868
-76783
48217
77952
-60521
-62994
30312
-24894
-16917
-80546
19445
-79601
44774
-98429
82325
51873
73240
18109
-92031
-56095
-27807
-29361
-25848
-1058
-54974
19462
22201
-25823
93781
53911
60798
14801
-49294
-45455
-83680
-66370
-84562
-85523
-25700
19516
59580
25575
73898
36720
-69835
26403
-58294
-7733
-41229
-4138
12072
81439
456
-65525
-30651
8043
45093
-52321
-87727
63528
19762
49125
-6474
-54474
-58796
38132
-80399
42887
-45695
40263
-77978
44545
13835
-91196
-64604
-66293
33700
-72663
-29681
-5336
-74083
24668
-57653
-96306
-48662
-7498
-8627
64335
-54746
59673
51150
-60295
94244
14818
-30624
60
27688
81805
43868
-9533
-71339
-11335
79533
-14077
62854
-85919
-29720
17394
60963
43610
10150
-18512
-99752
47842
-12974
-67562
23222
26531
-33933
20672
74648
89658
-79944
-86818
-22702
-43627
86626
7502
-25741
96733
-75708
-93068
64683
-81018
-43025
-48854
-66738
-80026
88327
-31365
-81375
28488
-61109
-68968
85681
63538
-89550
44871
9873
-12428
60864
66113
-21115
31889
90659
31388
53167
-60867
32967
-52280
-85057
13671
-89975
-93035
95832
-9547
85619
32179
57512
31753
65622
-51181
24358
-77591
-16180
72535
77267
-5881
61026
-8160
-77883
20191
37184
-12423
-73233
55541
97479
-30714
51646
-77838
37149
63706
-81345
-20813
49349
35135
26157
-11216
77712
34864
59361
27727
-19571
-1468
-44941
39175
46456
-2588
51710
-63610
-69989
49030
-50141
-86341
-94178
23281
-93607
69542
-75696
59366
-76948
61781
-6061
13584
-7889
1474
-63939
-96425
2906
-6461
-41868
90491
-9473
25126
-65915
-85557
81192
-21335
58719
-45433
56526
19075
-70433
29401
77541
-14496
18686
65430
-41121
-59011
23695
69804
-62316
83538
97489
-80723
82278
17269
38996
73599
-35138
7253
34691
34785
32184
90372
30508
-74194
-94178
48482
-94474
-70410
-68137
-33511
-75647
-69520
-29136
45114
-77687
71531
43278
-70201
92886
-10615
-76140
-96098
-10440
-68362
70011
75889
-70289
-2156
-55032
14415
-1251
44309
57831
95503
15986
-22016
9997
93572
-62373
30873
-48457
-13402
94983
-38883
69190
-16832
57596
20495
-13820
-27131
85669
-74072
69743
34379
-7295
68350
55659
20417
36961
15220
14789
763
-46052
70896
-35297
92383
74011
-43881
43506
-48141
-10558
-4865
-66918
-74184
-43550
-21243
-46156
9481
-61369
-40615
-12135
23968
69331
25816
11064
-79012
-40601
-62225
-44914
-68760
-55229
75656
59626
-93632
-42088
43833
-2450
66971
43870
-76168
20326
59311
-40851
78838
-71256
-75241
24274
-43973
-66302
-20742
65583
28213
-58295
-55623
-16219
-41043
38322
66595
22037
-40749
-53562
-52191
20770
-9384
37309
3457
98510
-65034
36123
33314
-42267
70576
47083
7522
-84901
-99936
-10937
-11205
-13621
74267
64955
-10916
98539
-85795
95278
54355
86517
4503
-41384
-74589
-32994
13345
-70693
5177
30949
70737
-86520
35183
27381
-99877
-97314
-11769
82842
90124
13120
72351
-75393
30288
94610
2994
-17725
-19533
-59064
6852
22467
-65404
72969
-73066
98532
-94242
14695
24165
74819
9660
19847
-67970
-73171
5231
-18158
-96344
-27215
70565
-83002
-97730
66427
89999
-77996
-32587
83682
11892
26543
60309
-60192
-70412
-92524
-15592
84643
-51390
-71184
-44704
75337
3643
-86267
-10340
65508
-80344
-34252
13353
-75359
-19619
29199
76266
-48896
-44059
6247
31022
57542
20054
85126
20832
-8067
38354
12456
-19681
-93190
93507
-35722
4258
-75607
-29960
-68595
-84143
82877
-4988
63149
84841
-92668
74483
18033
56548
-22031
80238
39007
-38988
-59828
45822
-10201
42539
-88678
9245
79690
-87421
58219
6656
43541
-41406
93992
97543
-31306
70687
-12842
-35178
-42531
37690
-40370
41504
-10577
-18858
37102
-70666
-19867
-67828
61610
-60333
41224
33235
98608
-86474
-86805
34988
6493
-2848
-26895
-95398
5750
70851
36531
-72706
-56919
-76398
25848
60692
-16223
6411
-67540
-39723
81398
6880
84583
-70571
79604
-56564
-32326
-51176
-50286
-24606
44550
30452
46347
-5339
-78475
36500
-47646
15954
97931
-65009
16737
68104
-68871
-1127
22607
-4286
-54036
97951
-70570
38742
-41788
82516
-34687
28202
-75538
37067
-93628
69729
41912
45441
-65624
60325
-35756
-3652
73939
-91576
13753
96085
15859
56217
-21885
-38254
-11080
-33510
87190
-12050
46417
-66001
61482
88241
45069
-45508
-4891
56379
-54873
-7101
-51185
96917
62908
-39558
41084
92810
39319
75317
63838
-56061
-48970
-24005
-87035
-13273
-26667
-12386
97328
-92597
87533
77288
-14188
96084
53562
75115
31724
-215
-37572
33916
8870
-49017
75705
31473
32260
-8435
-40350
71928
-93417
17969
-10533
44155
-8281
-9172
-16846
-36014
-27091
-90306
93524
9427
71672
21290
4186
-71508
82155
-73051
-92821
-38311
-30616
95230
75594
75529
-59845
14114
41039
34142
-52955
39129
49557
3188
91582
-44023
-37615
-57125
-66374
-86767
-63936
-247
-6176
1522
-38615
-69371
-74154
-44815
48653
96598
-56645
-81779
-17383
-97388
-36834
-28505
53190
57095
38147
-62692
-7650
27363
99161
11288
17172
-10328
-71315
21347
795
77123
41405
-71832
10234
-93595
99477
88389
-86909
-4467
-65921
-58782
-45787
88773
-53096
56672
-20697
38279
75379
38416
-72600
-99227
38206
3208
-85176
-66675
93311
37177
84870
53355
46780
52025
-64000
1743
11878
67919
48281
96997
17147
-78820
-37068
9952
-93532
-2362
-95088
-45227
18136
-6020
97537
13383
-96931
-33785
96900
36373
-26349
94976
-19728
36611
74310
-33428
88391
-87990
-21189
-39957
23166
-73028
79681
-89339
-40978
46272
24084
49678
-39738
-97360
-43409
6003
5234
20212
-43867
47127
50276
-59871
-30551
62597
7650
-28783
-14013
-76724
7624
-8475
28433
93710
-42933
-53649
97013
-10754
44771
99375
-47397
41193
95777
-67980
54764
-90956
-50516
74194
34977
-36229
-97252
-43409
-55845
-30278
-53659
48406
32288
-75136
-21752
-51717
42703
99167
39614
55880
98248
53321
7298
58626
34957
71973
54103
-97984
-34668
-16772
50150
94432
19088
20282
-46222
39275
-97804
47255
41849
-38718
43531
56270
53957
-55446
35981
