7816
6690
4878
6324
3051
3285
8230
703
8140
398
4706
9648
5942
9298
955
7671
41
2940
4311
1505
8315
4081
5805
2095
567
2373
252
5084
2050
2943
8621
8616
8447
2755
8133
8900
9709
2338
1637
5643
1745
9661
7497
6833
2344
4323
8972
8629
379
1217
5099
6394
4041
6073
1884
264
3819
2234
1090
9185
2729
4465
1498
578
9066
2861
6119
6874
1503
7894
1467
5694
6587
1722
5514
4288
8599
3452
9893
9489
9911
5852
1707
3115
4661
7717
1561
1470
1321
3114
9286
8559
642
4189
270
7368
4809
4372
291
7934
9283
5851
4876
3445
8332
7169
3595
7525
5336
1645
4864
8882
9045
265
4443
8092
2943
9355
9415
3718
8004
5592
1220
819
2791
1357
8052
1472
2809
239
5403
6221
8343
1492
1958
1206
2586
6446
4979
7682
4584
6313
6534
672
2497
9231
5037
9343
4667
1928
9750
4289
4710
136
4368
4471
1299
7908
2977
7870
9994
9040
5137
9009
1247
7839
5103
9340
8441
9725
5151
8441
8959
8342
4823
5209
2135
6903
6633
3339
8014
3369
6713
5519
7363
1811
6253
1005
2718
6601
1442
5651
384
1415
9220
7473
717
5440
4094
1524
2113
9910
4849
9465
3689
3043
7559
6340
4149
8937
8007
1724
3661
49
5319
2679
815
848
2507
2593
275
3849
5428
7183
7410
4758
9791
2987
1238
4070
8682
2529
5270
8191
6347
9821
8363
7566
1335
1535
1824
4769
4611
5980
8043
6967
1205
3762
9076
7524
9482
104
4757
269
5593
9263
6211
5258
2227
3439
8271
6524
9041
2001
1450
3495
7502
7766
6979
2013
8608
8099
5491
408
9951
8793
3223
5305
7997
1266
6184
3818
6206
9628
3883
3180
7953
2280
8707
2124
9212
517
7210
831
9955
2919
5866
7523
5322
8145
3847
5942
5744
2371
4452
1384
6688
2535
6394
7784
1163
2704
4098
3999
7217
1233
9503
6492
4936
1384
5689
2217
8661
400
5019
9898
4116
1035
1343
5960
8305
136
3184
4328
8233
605
6460
6615
3966
5304
5437
5751
2605
5340
2707
9735
4592
3057
939
1938
7450
7240
684
9935
5357
7083
620
3791
1651
4233
1017
2734
8010
190
5563
4446
5395
8362
8955
8233
2413
538
7027
5370
5146
2789
8247
886
7351
4689
3995
3861
8394
2905
7465
6425
2311
6796
8728
8985
4713
3582
2337
4792
8096
6850
9751
9633
2510
2348
1427
8525
9250
489
9473
7598
2201
7614
3808
2405
124
5262
607
567
4959
9807
2000
5147
9614
5060
7241
6250
5961
8650
640
8541
7
106
7848
6528
5004
3389
118
8735
7383
1658
5587
3298
4674
496
6578
5053
1964
3083
5424
2206
8929
2105
4633
740
1008
4372
5596
6069
4973
8806
611
2666
6706
630
5137
2006
7400
3448
6044
7521
8196
4156
6296
4277
4153
5786
1255
4904
3660
7548
6749
5113
3615
9247
8936
2649
3881
4966
4450
4921
5512
8734
5553
1389
6001
5762
8253
8142
545
6969
5160
6281
7995
9481
2803
6906
6225
6270
3079
9947
4075
6765
1513
9343
9666
1351
7705
246
2293
9407
5271
3312
552
7449
5802
7770
1744
226
1088
1054
5882
7671
1681
1288
2524
7775
3454
1519
4143
5294
9696
3033
6269
8711
6525
85
162
9778
7180
2206
9218
2477
3275
3480
8318
4921
581
1682
5222
4982
5384
6507
3209
3529
406
2259
1990
8015
6128
8550
3134
8319
848
8668
7134
1968
9662
2896
2052
4443
8110
1557
7355
7135
4955
5478
2212
8920
5736
1710
7839
8089
3684
2604
8715
7356
3680
9629
8575
3222
7745
3110
7941
4828
4625
9598
2640
8144
7673
7888
1755
1508
3031
5999
3285
7613
634
3274
4951
2680
3911
2031
3705
3360
2816
7686
8346
5240
8324
2259
8319
3726
3771
5025
7619
4395
2409
7445
4672
4589
3603
5585
9257
6792
5496
7015
6872
8655
9050
5159
7579
2457
3055
1224
4586
984
2357
501
2945
4863
2789
7407
3489
1456
5776
4675
2024
1205
1592
6273
9437
8574
8861
3319
59
5063
3126
1399
5416
2620
6285
460
7710
5999
3910
1029
9574
1019
8835
7818
9777
8364
4996
3849
7913
8736
3482
7246
1581
6789
7186
5801
9276
7610
6310
3595
7416
1486
8301
7839
3655
4896
7763
8481
5627
7600
5936
1143
4732
6119
238
6666
6014
7938
1329
8563
8263
3188
9727
4899
1799
8361
5148
9832
7850
1900
2782
1250
9888
8395
1952
1815
9588
5212
3153
4303
3424
8836
8367
8952
7176
3355
5292
5672
5823
6011
1006
9128
7993
5288
6095
2782
1175
8426
5568
8509
874
2870
5996
4033
4285
6010
3925
379
111
353
2098
6464
1577
6642
4284
215
445
2672
6259
686
9135
4754
3567
438
4567
3547
1075
9097
1763
3767
7090
3572
4728
5911
1809
9429
7845
3708
725
2712
6893
737
4528
392
4181
3459
2677
8188
9375
2723
8660
325
459
8920
3953
2919
3605
8393
2516
2016
7918
5145
3787
9747
2204
8500
5477
3238
4557
8742
9513
4911
4200
5698
1064
1325
7856
6357
7252
8530
6009
2883
454
3331
732
5655
9403
5323
9516
3664
8728
2209
2458
7486
3016
1431
9021
5386
581
2069
6486
1979
4795
7732
5085
1295
3412
6919
6972
5557
5660
8384
690
6926
3584
9972
1539
8246
1302
7986
4238
5092
2075
7939
4708
3115
8781
6643
289
1132
548
1143
4470
3196
3057
8403
5268
1280
5339
3052
9622
4018
3496
3648
7359
353
3376
890
9873
270
5753
2875
8297
2100
5057
3603
7871
8620
2498
6735
1924
7392
8641
3154
6189
7580
1641
6592
7614
5050
9297
6614
7680
3459
4561
3903
8430
7354
4842
3959
3271
2441
1888
8179
2409
1500
1592
1418
6519
1871
279
755
886
9001
7105
247
3412
9558
8489
781
6730
7571
3655
4004
8418
8397
6314
7410
4484
5000
4048
8813
7896
8611
2148
5864
496
1981
3729
6470
221
2302
5342
7640
8479
8694
4553
3721
9571
9447
2060
9470
912
4743
3542
3029
6835
666
5237
8142
8703
8749
62
2815
2856
6306
3563
558
1906
4494
1677
37
1538
8098
1002
4234
5829
2820
5090
4213
4537
236
9885
3412
8739
8234
7751
6235
414
8975
8799
2516
3297
7651
2137
4783
8845
2084
9804
2057
3178
6081
8177
1425
8720
2468
9333
5087
1888
4184
122
5126
1989
7336
8432
9351
2892
4326
9041
1373
7847
2008
9616
2373
4991
4783
7040
2831
8923
9000
4964
457
2458
6841
524
7987
9878
6125
2694
2567
6600
5780
6456
8174
5201
432
9721
2753
7285
9459
6718
5326
3322
3638
5300
698
3262
8560
8595
5070
6741
3498
328
8370
2128
2172
4013
867
2645
668
5379
5443
1930
6101
5409
8015
4850
51
4623
2114
3936
2047
495
6173
3636
674
7893
5684
7823
2037
8893
9857
2046
7993
7484
8597
2040
5741
4478
5655
3507
5645
3166
2235
4296
3886
1838
6725
4635
5655
5279
7184
3397
1034
9883
2121
435
9030
2021
8873
9058
1373
1356
5626
3266
8949
7341
1379
8830
8422
5588
7944
5247
4788
3290
2252
2672
4339
5535
8470
3561
9699
6262
1844
927
5272
4539
988
4275
4690
1243
5440
9479
2768
5992
3893
589
1794
1899
3141
2838
4019
6279
2401
9495
4930
6515
5906
6413
9265
6795
4233
3686
9050
8481
4037
4871
4501
7176
9542
788
7985
3976
7430
1921
8215
7545
5122
753
6587
5644
1653
3733
8907
8534
3845
20
1714
2726
3487
8117
3586
2806
6883
3209
2324
4155
7892
3132
2016
558
2790
8594
4193
8077
6559
1283
8034
4821
7382
6967
1978
5865
5944
9756
8816
4383
7993
3241
4238
6136
110
7009
7334
5990
7889
1430
6972
8339
4509
1275
8016
5393
3719
5711
7353
6052
2491
86
9092
9291
371
6644
4443
1370
3046
5299
1933
1683
6857
9936
6381
2319
1614
3637
3201
7691
7007
5054
8775
7110
5673
1900
7612
1268
6655
2122
5790
2141
9152
6472
5820
1847
1034
4945
3197
7049
6508
13
9821
392
5484
2873
8784
9164
1678
2557
9806
5176
4572
6867
7279
8017
1763
4828
4234
1428
3772
8628
5564
2966
1390
6130
6874
9615
3015
6321
6710
6388
6577
1154
507
768
6535
3796
7388
8994
2954
886
9618
2171
2976
2023
404
5686
6066
8577
767
4195
600
7069
6075
7412
8068
1917
4951
1534
6719
302
5517
5632
1469
4115
1757
970
3623
5466
3239
101
6340
2158
3781
196
7322
1696
6034
8607
6865
1394
2875
8928
706
2788
3745
8553
9214
5572
3637
2959
3708
5819
5963
9112
2082
6430
6447
6806
2154
6348
5411
8564
2068
4794
9939
8076
7661
4772
5974
3458
2808
9151
715
72
2920
2771
8197
4443
5325
2829
3878
1897
6410
1690
1691
7785
4538
2154
5206
5108
6697
6989
6798
9883
8888
5918
722
6587
4607
9619
8103
7901
8535
1184
6981
7051
1217
7051
7417
2973
1130
2555
1580
9284
53
3686
1487
5878
9330
8313
3118
3947
7550
4836
2951
2240
2086
9739
4236
2930
2565
1437
57
4113
3078
7035
616
2849
9081
3504
163
125
9448
5397
6414
3588
4164
3183
4073
1958
4893
6523
5491
1102
7932
8127
4706
3097
4602
5911
5101
6343
4733
5339
5580
8220
5276
8859
4366
5576
5112
1427
4982
6272
3208
7234
2399
9549
3257
8387
8709
4547
6497
1079
5668
3176
2592
356
2070
7446
215
3239
2776
4972
4434
3689
2654
3954
4401
9508
6896
7234
2117
4353
1427
9131
3884
6186
4239
6917
9752
9528
1186
2043
6834
8239
3184
35
7675
5068
7218
8136
5133
5017
1228
6630
1031
8292
9534
1542
3469
5111
4629
6696
5876
5884
3286
3188
2491
2752
3130
1376
6508
761
4012
8611
7089
8459
8463
4346
9722
9825
563
5500
4575
9565
6381
911
6688
5024
171
5392
5739
88
699
6332
5432
4811
9034
8141
8276
4
1342
9653
8883
7123
6754
1854
3659
6960
9894
3385
1697
3676
6876
2424
5692
3514
8541
9176
9387
9006
6935
3217
5902
8851
1188
7619
5251
5330
44
6279
5084
9299
8312
7287
9058
5577
1859
7924
3290
3783
5755
6387
3242
1789
6826
4660
7056
3231
9321
477
4806
1095
1057
5355
8631
7528
4546
8001
3972
2287
2779
4475
5378
7169
2577
7583
3159
1773
2672
6980
6770
9325
176
5141
1423
1006
7658
3353
8000
6819
7054
8508
6907
3488
8468
2261
6728
1385
3291
1371
8611
3464
698
3622
3891
8591
8759
6684
518
8953
2785
4320
7245
6026
7954
3066
5265
9591
6401
4540
3145
1368
4256
7894
2949
4175
4890
1130
4954
9108
7211
6183
8033
5669
2958
2893
3246
6646
2292
7156
8213
7951
7898
1880
9015
3528
4047
4710
4450
926
7240
908
9685
7762
7590
4358
959
9344
7990
1150
7757
6116
2815
2943
5467
321
1457
8133
4565
4452
7894
7211
6661
7061
8593
1726
7779
1225
9931
6486
6051
2755
4222
8200
3858
5498
4617
9135
2178
887
2995
9451
992
6114
2964
3831
751
4487
2585
688
9814
15
8425
9909
5308
2408
315
2782
9965
7626
4952
349
6852
7338
4849
8462
4774
2068
7640
9592
7267
7386
1047
7127
8493
9222
7372
8686
9224
1570
125
8272
7065
328
4994
2333
7449
6829
2364
1059
5761
380
9135
1922
509
2940
9178
1221
5376
4341
185
3437
3581
89
9112
1186
6854
503
3569
5461
6064
9352
4959
9924
742
4158
9344
9252
8004
5163
6802
1217
2566
4289
2774
5285
8404
3763
6944
8606
353
3850
9165
7095
5644
7164
1693
5750
9520
8556
6108
5792
6908
7909
1429
9929
1819
9801
9858
2025
560
9627
7262
4688
3940
2712
3471
2652
6348
1560
4418
5965
5784
9596
6948
628
3055
6402
7939
1418
7721
4036
3367
6491
7186
1910
2754
504
192
3569
7416
8492
2913
2616
8734
3953
6149
5356
5706
1388
1986
5657
9240
6602
59
1205
9629
6029
1963
7292
7506
8783
5265
655
9758
1747
8376
4450
5527
5624
556
977
2307
6471
9437
1258
7777
5837
573
7440
1525
6205
9228
3577
3659
9532
1934
6902
7895
9626
72
3289
5788
1636
6258
3726
13
1768
7217
1476
8481
631
8385
8845
5289
5886
4486
1408
3058
3818
2701
3105
804
3740
4600
3079
8249
464
9830
7264
4173
151
9231
5970
7485
6947
8532
3446
6889
1666
6377
3205
2861
7230
3336
1136
4362
209
6867
1587
8873
3841
3030
2388
1277
9286
7309
3584
1319
5632
7887
5254
9228
5981
8500
3850
3314
8212
5353
4795
6129
7431
1485
597
8707
892
6747
2528
4170
4616
6940
6615
6463
9992
6394
7412
1878
7146
7142
7000
8392
2880
7856
1680
3423
348
1061
7541
6007
8399
5929
7524
6099
8392
6037
6488
4742
9358
8294
6057
8492
1874
44
5223
1656
9201
2445
1365
271
5580
2145
4377
9799
2156
4287
5216
2262
6807
588
705
7268
2783
7569
4363
4673
6732
4560
9610
9780
1407
1299
5210
8879
3345
1957
3239
396
538
8089
219
3216
2866
9572
1257
9307
5878
6830
9058
5583
2704
8649
1704
2306
605
6776
6048
3141
7439
829
5022
6552
5886
3991
6050
5483
1348
6535
830
2351
1145
5439
3838
4280
4377
5673
8080
5085
7131
6432
4220
8361
7524
4757
263
6977
4288
4375
943
1011
6763
1715
5469
2808
8557
4012
8988
2740
6270
6544
7914
5830
3511
1885
269
8788
8444
7733
3511
6113
4980
5929
2375
9916
7012
3171
2824
7267
7175
9282
2193
8060
7997
3279
3517
9662
68
575
7871
8100
9101
3150
614
3869
9854
3648
1090
5745
1510
1258
5337
2530
1630
425
6436
3878
9330
1633
4442
3830
3870
2977
1494
4435
7959
2704
432
6305
3888
3692
4771
3278
679
6445
9067
1872
901
9344
3463
8934
2546
7102
7569
3719
1622
2224
25
3845
2620
7101
7411
8774
707
1051
8863
4734
3649
8694
1068
521
5128
7860
4198
6195
4368
7334
569
491
1923
2498
4537
1427
2581
9096
8273
6706
887
3547
5130
3127
8193
7528
6095
5679
2382
9072
811
9805
422
3616
7363
2019
3886
8049
8886
6196
1402
1163
7063
6307
1245
1569
5402
753
1058
7247
1410
6550
4977
7218
8791
8435
594
5697
9066
2538
4656
543
7262
658
1067
5444
9280
4449
1926
671
7988
1555
4258
7573
8338
5898
866
9630
7623
2376
2968
9406
6629
511
85
5040
645
7978
20
8761
448
8994
2304
7125
4252
8650
5468
8106
5877
6178
391
5866
7887
6942
855
8835
1150
3740
1721
2769
9407
5826
2119
4571
4045
2704
2843
929
832
9385
4610
5577
4433
6109
8499
2142
7349
383
9595
37
9375
2802
7591
8930
7780
6248
2347
8030
825
7555
9442
6215
9667
5882
3964
5544
5161
2684
9569
3264
2612
728
6580
7075
6544
8522
6533
1570
5136
7618
9664
8341
4619
1003
2587
5851
3397
9793
478
4425
9740
6330
6969
7078
4266
4125
2609
9369
5452
2088
8115
7693
9938
59
8494
2752
975
4741
4771
1332
1333
3271
309
2189
7221
6393
7256
258
9513
1017
950
839
2543
8154
4005
4468
1363
129
8840
918
7347
9405
8484
79
476
8986
8058
4424
9865
6303
3956
3175
263
7503
9321
7511
8833
8339
6119
9596
9576
5391
9918
1743
7002
5862
695
9237
1531
6847
1546
9420
9666
8045
9103
4558
7299
3269
9643
351
4590
8232
5670
801
7886
5439
7346
2409
2478
3344
7436
7651
9933
3096
9837
5804
9673
3495
4340
6690
3699
4235
2324
9522
7453
1043
8972
9647
3243
5283
170
8811
8441
4539
5371
2161
5375
6355
6523
6782
7493
8950
5796
6626
7368
3106
9422
5246
8230
3435
8431
9882
6957
8072
1866
1270
256
1107
9883
6445
1664
7988
3144
4500
9811
9999
673
1076
5984
1981
5614
5572
3526
5193
9336
2158
4915
4661
5288
8327
9814
6721
9756
1986
9127
7292
4874
7311
354
8666
5341
5638
4402
4388
8755
435
7991
9810
6937
515
9852
4947
9009
2710
5518
5293
8315
8154
5564
8042
3618
6544
5752
7706
2336
9227
1064
823
6754
345
4149
630
1073
1277
1861
8387
760
3251
7837
8992
5574
573
9869
6950
893
7082
1549
1775
6600
680
8565
623
2625
6179
8356
3641
8657
5565
7930
7138
2119
5589
4806
7989
1707
212
8703
9861
1432
9613
3982
1442
6752
8241
9314
716
7268
2850
7411
3197
1532
6517
1895
8946
4435
2633
8817
2770
9102
9608
8389
176
4197
386
546
5690
9882
1325
8757
3628
649
8648
1822
3587
7985
8596
3780
2534
8604
211
7864
2075
1274
4619
308
145
1604
6930
4170
1939
9322
8902
8
590
2569
4515
314
366
4125
726
5146
2434
7868
3447
1008
6269
7795
8723
5206
7337
7540
3879
3852
1467
9481
2651
9107
7271
1944
9964
8674
9934
3955
9306
2708
5300
8240
1914
1488
1493
5466
4392
9912
9945
7078
8664
2405
3381
206
853
9610
3581
8206
4654
7653
904
5792
2306
6963
194
3981
1885
9907
7325
4074
9470
8212
7806
2950
7273
1207
2508
761
5169
4513
8578
1829
6317
7454
1824
3568
7456
8748
5806
7037
4579
7966
7455
7780
9029
4107
3239
9368
1399
4641
5167
7824
2458
4647
2331
2844
507
5711
3675
1179
3330
7856
540
5969
8965
6840
8223
2055
1776
3868
5490
8583
8370
4922
5811
9164
558
8051
222
2929
2221
87
5992
4748
1097
3264
5077
9673
9434
4005
6209
6854
5230
6021
3676
111
1119
4752
5640
7967
7966
99
5155
7104
521
6073
5764
3426
9927
7712
6138
3690
4481
7829
4960
2899
9222
5320
9895
9999
2207
307
3858
4813
9858
5922
7271
2207
7779
1986
1968
3955
7836
8126
1333
2950
529
5973
3702
2260
4202
3585
9126
1098
3298
7412
7055
1894
4367
4876
6811
5222
8807
95
5547
6480
8946
568
8062
3171
5855
2555
1304
8155
2150
7430
3332
2360
3486
4127
1408
9723
3363
3255
4124
3230
3972
3480
199
7244
2599
8338
5246
5738
4459
6628
354
602
8448
7904
6378
4300
8433
8201
2416
569
6068
1737
5790
6440
8145
2375
818
5305
9624
7177
8585
867
806
8287
4086
3885
6735
5695
9180
1886
8913
4787
1851
7782
7654
6684
5270
4008
1247
130
1026
4160
242
2235
5129
6458
626
4448
6704
9702
8359
2212
8571
6867
6280
533
7541
9327
3205
9325
4291
3087
5259
3397
384
3250
5999
8226
1535
4482
9056
3969
6584
5648
3422
3675
111
3762
2286
7955
8304
4747
9070
7314
1162
1728
9328
9503
486
7446
9856
9464
3608
5698
507
2243
6433
1678
7849
1688
8714
6397
215
6846
2592
3389
9834
4053
8305
4493
1941
1675
2393
268
7410
6128
3184
8986
5299
3788
3127
8362
823
5031
8695
6531
8146
6126
7921
2015
1243
7624
7303
952
3448
9631
3130
7183
7131
3745
6775
7106
572
8036
8283
476
5852
5417
7538
8908
7515
205
4516
8673
3910
1730
9067
6724
4411
145
7401
5434
5342
6285
1058
4593
9563
6096
7633
3925
5345
9682
6230
1022
2763
5602
1588
7904
2431
65
4352
9165
2902
8063
733
8807
226
8518
9544
4420
8488
6382
2320
2688
9715
2096
1886
3107
9375
2933
8968
2568
4255
4873
2230
1094
6654
1162
5460
3317
5500
2857
4296
6708
6961
433
4152
9926
2729
2573
151
5984
4269
9942
2291
4151
5252
7201
2376
4626
3654
2967
8515
5557
7590
3919
1044
8578
3524
6529
2079
4661
5560
5551
6893
4545
9222
310
9543
2260
198
3531
7102
8340
6210
3386
104
5369
6122
1137
1917
9791
9139
1307
4099
7253
3036
5713
2186
8730
2248
5033
8278
4213
4066
5991
3447
362
649
8403
6029
3471
3065
8097
450
7867
3486
1473
8650
1547
4910
3601
9420
787
5619
4004
8064
1827
2892
4855
4762
5733
1268
7139
4278
1806
1149
7444
6154
7014
9022
3928
779
7815
7986
2150
9105
6586
6368
3936
4968
3561
955
9769
2585
3440
4921
6472
9463
4898
9385
8969
6357
4782
1180
5619
294
4072
5861
4719
4580
6577
29
7628
3694
4090
4849
7616
9897
4800
9790
7469
2954
2372
3315
4038
5760
472
8270
269
3742
8473
3924
4002
7324
456
924
5963
8454
7776
8012
3718
9060
2331
3053
937
1625
9367
4339
4675
5101
4162
5573
4987
2144
9053
319
97
2647
5738
9894
1256
8844
2901
8658
6651
2967
1557
4490
1232
9408
3239
7225
3970
5040
3692
1775
2708
4189
1964
4218
3347
2045
7731
1791
8176
8154
4856
1647
8361
4271
3070
4519
320
4852
3186
5561
1923
9207
9865
7744
5423
3273
322
2712
6611
5631
4455
7471
4850
5016
1142
8116
3908
6086
3492
8867
2218
4245
3482
3964
8461
2525
6017
4582
7159
1950
9941
983
4951
8563
6342
6684
8937
132
4248
5591
6969
8635
7184
7957
4023
5719
5608
8549
2515
9575
8547
4911
3691
5629
1252
429
3824
5480
8189
7899
9568
8425
6421
5181
6483
4710
6744
1868
6574
100
8958
1259
4389
4963
9167
5803
6319
9106
1082
9719
3297
4056
2653
308
2190
2889
2541
9626
9820
5909
4788
2973
9416
4717
4508
4837
6196
5772
1183
4474
5275
8326
8850
3910
5024
7205
2040
5900
274
3010
6284
5551
9719
2604
2274
3683
6148
3694
321
8056
603
177
1706
4354
9104
1169
6352
8873
5604
2322
9650
2749
6095
2339
5526
193
8010
9014
8310
8466
5537
3541
1878
1135
7134
7743
1321
7210
9928
1494
4453
1897
7184
9894
8352
6641
2129
2516
734
1181
8735
2176
3933
7373
6677
680
7393
7816
2200
5259
1853
7969
3801
3728
6944
2421
1321
7318
151
3421
2445
3342
5187
7438
5681
2883
2641
566
5375
8988
217
7350
3404
2265
566
1575
7430
1339
9791
5901
7981
2358
8310
3913
275
5465
891
5185
5872
3453
5041
5370
2576
8439
1435
9668
9999
8114
4870
8346
6736
6164
5454
3879
2845
9150
7849
2549
3815
7552
1760
4451
5479
4084
2697
9245
2082
8820
211
4517
9782
4159
6734
465
9333
7996
7093
7779
8881
5318
3837
9975
5257
4607
6097
3718
9645
153
4534
656
1168
3778
2263
259
6773
9170
8492
1804
8069
3623
4725
1131
2403
9480
1987
618
8098
1482
9947
202
4997
5047
3193
5152
4172
3757
5768
7004
9981
7261
2165
5648
7265
5796
122
8303
9524
1405
1373
1131
1424
542
4841
6603
6553
8393
7940
6563
9590
7526
1615
5599
9893
3204
9733
1740
5879
3728
2718
2475
8020
7682
2024
2980
5684
7934
8784
7445
7040
3898
2988
6730
933
5870
5844
8513
9778
8120
6430
5623
5861
8084
1276
4471
903
5704
7249
3017
5384
1787
3622
761
1511
9896
4283
1772
5950
5780
6036
7907
5705
4920
5245
5785
8254
6361
4395
5928
5111
9877
447
647
5974
410
5800
4624
6289
203
2830
9371
1054
6764
4958
4582
4388
8130
7720
4655
2392
4022
4475
1389
4671
4480
9016
4511
9122
7710
924
5978
9495
3910
5273
4060
9525
85
5317
7703
9787
3165
8388
5336
4292
578
7231
3969
7299
3427
3055
2373
7568
5697
9181
6907
3202
1161
432
2944
4726
4022
9950
4267
3690
1744
7406
6045
4705
9663
3007
6637
6187
3673
157
1036
6372
9656
6628
7828
3113
9326
2597
4858
9021
6375
6376
6459
1623
6863
7527
4484
341
6399
8309
131
3811
201
2823
1096
773
360
7165
5023
3814
9539
1042
5680
2975
9148
908
740
5763
1733
1355
8546
8967
6691
3838
6227
9187
4055
9048
7378
639
3225
5275
418
2388
4249
3453
7716
9018
1049
7852
5491
5827
1754
1765
1857
900
9998
3535
105
2418
9701
9423
5218
4719
985
9216
3577
4712
3924
2607
7827
2335
8707
8612
5700
3509
8200
3454
1148
378
9797
6149
757
3572
6822
1311
9417
9091
4026
7514
8650
1428
2260
3238
2569
8029
8573
2745
9520
4027
7323
68
9721
410
1859
2539
699
7423
1675
4030
795
4078
4708
8659
5720
1635
6614
5944
3555
2285
8603
4760
8941
2745
6989
6602
5246
6162
1994
9382
4660
4084
8741
1047
138
5646
8820
6881
7648
9112
1108
8381
7369
9924
8161
6016
7764
8102
5376
480
6288
2796
8791
7759
9502
8766
2886
4203
5133
8904
2753
4972
7031
9341
7508
7452
7682
7414
6030
3811
7491
9665
4534
6340
4026
6649
9415
7693
5334
4830
1982
7477
3933
2186
8257
5577
2880
1030
9209
9245
4799
1898
1455
9629
3579
632
8588
160
8164
3721
7841
8271
7872
4533
8265
6676
8352
7041
9907
9014
4346
9578
3388
3145
2100
2430
2889
1778
3677
7662
2022
8839
9007
471
793
4329
7361
4123
9618
611
6391
3210
7556
1583
1431
880
3914
4567
4778
7259
9991
5210
8558
8945
9769
2118
3956
8189
82
4992
8164
5391
5366
8210
7568
2718
820
2335
9900
2184
6652
2112
9729
9933
1616
3630
5312
9601
5644
3622
2336
4377
8220
7338
2743
1593
5189
2690
7209
7328
2690
3653
1143
340
2904
1074
8718
1555
3315
2035
4324
8519
622
2316
9688
4466
8410
6241
4930
6998
4480
133
6854
6150
816
5095
2467
8593
4864
1366
17
6076
7049
644
1352
3225
2488
2766
9528
2216
8663
2152
2823
9682
78
3276
9947
6224
3237
6856
6040
8566
3395
1025
768
6637
7969
1897
5586
5470
9659
4938
9245
9310
9530
2608
8999
8357
5280
2568
5212
2509
1827
5171
7226
5437
3437
6990
4110
2939
8187
2139
9247
5530
3450
6028
4321
438
1851
1525
1395
7445
24
9238
2129
3336
1307
7065
8529
6489
6811
5797
6342
6555
1851
7897
8629
4627
6624
6307
8891
9841
2401
3831
9357
9481
4328
1661
449
4559
7080
3943
631
8784
5165
8440
3445
7496
5295
389
6092
115
7630
7707
8262
2913
2800
8753
5288
1902
7822
5576
2059
4977
5917
7278
8713
7162
745
3406
1479
8722
4698
6571
4909
1427
4769
1502
8215
5433
7020
7811
734
1723
864
8887
1419
8773
9789
6750
8342
6892
1600
2000
7513
843
1926
5315
341
2141
4773
4109
2376
1123
7817
8824
6703
7135
2753
792
4010
1900
2809
1810
7322
4551
3714
4442
9259
3780
8937
9341
1880
9492
3407
4909
8321
9293
6648
5333
328
4639
5738
7574
4602
9442
4211
9079
8274
3819
4868
2222
7987
4504
4052
9394
4894
8412
2018
2260
6331
2622
4070
5598
7373
6492
2791
26
2982
3274
9505
7474
5384
8856
1808
6377
9769
5919
5006
3102
8867
1939
9801
1482
4653
3533
3391
7969
7086
9471
9465
4039
5051
3221
3018
7882
6584
5772
9258
7474
6225
54
510
992
3356
8261
2681
9661
9281
7290
5309
3251
2925
3593
4017
7153
3638
8992
8948
3189
2970
3287
3012
8845
9370
7573
6365
3209
9822
5678
9712
4233
6467
7079
605
883
3234
5621
7855
7293
513
2286
7264
3212
6906
3547
4850
3531
8758
9273
9995
1775
534
5690
4624
2260
7735
3336
210
2422
3970
6201
2236
7675
9793
7444
6752
1924
4348
3540
6513
9364
109
3909
7155
8951
8435
4073
1177
1060
5144
4843
6602
3557
6093
3595
2118
4119
3349
5481
6268
2524
4701
1522
1180
5228
5920
1007
8953
1179
9695
3067
5281
7000
8267
1379
9438
3356
3318
4934
727
1570
8507
6752
5331
5374
6896
4101
3877
7492
9861
6733
3138
8125
8651
1049
1235
7997
6664
2368
313
5748
3845
4116
1612
5058
7235
7618
3772
50
5762
7671
2133
9271
6022
207
2707
4367
8083
9686
6241
1809
9138
8014
9311
9166
3490
6576
1212
9338
6696
2136
6078
5950
7351
3053
4786
8152
116
7820
6876
9383
2785
9120
7644
8303
4577
3120
1720
4905
1211
6628
1543
3799
5874
4366
9316
8171
1665
3784
1219
9975
7732
7594
9333
6701
4563
1422
1309
9103
2451
3332
3149
758
1840
9651
9276
5479
7109
8089
2219
463
3094
9715
2333
1729
9089
8243
8927
1335
807
2031
5051
7880
7260
8957
9712
312
2791
8812
9301
2500
5456
769
9723
5472
6642
4189
3493
5364
1012
4515
9654
6941
6141
3233
6580
8208
3939
9590
8571
863
3163
1560
4084
636
8267
8635
61
3209
1755
6473
8304
3866
7625
7839
3571
2612
8132
1629
1422
4676
1086
9268
7678
3964
3979
9074
1159
1417
7188
8046
8712
5091
917
4283
7491
5145
9856
888
7519
7975
1095
2405
2055
7924
5500
5273
3719
6634
3687
1614
7497
2047
70
1732
5454
8683
5500
3952
249
3557
9819
8139
2520
5723
2120
6942
9411
7101
1244
6952
2493
5378
1368
3082
2374
1045
3236
2649
7376
4507
1809
8747
3782
2307
7630
8877
1046
6285
1732
8762
215
2172
3559
3390
3198
1031
725
1387
8397
2680
4695
3545
5669
6564
4957
5785
7862
6993
5650
8453
1117
6563
4222
4188
4629
3610
9602
6549
6493
9955
7196
7499
6531
3596
8306
5845
7647
440
5422
8005
2431
7268
8491
9867
4210
9916
5296
5704
2249
619
9119
9061
3830
1007
9505
6335
8229
6266
276
4669
2389
3296
190
9855
8411
7895
9144
6337
3984
8222
252
540
6093
3994
7707
2082
2474
3606
5415
6470
9210
3677
8754
1231
8659
5316
2381
7829
4578
3109
2910
5758
758
5046
8355
8194
8075
3420
1761
1957
1405
4937
7260
357
4685
8021
2613
8786
26
8470
9548
7569
2650
4668
969
3336
2817
8098
4798
6711
6866
5752
7831
7658
8468
4734
6487
267
8929
9612
3511
6560
6317
1580
4874
9937
8933
9573
2337
1257
8262
7300
5635
6192
1959
4937
900
2469
881
2631
9070
1639
5148
2790
6621
5519
2536
7116
6231
7048
1701
9082
2105
631
5977
2552
7685
1372
4139
9368
5241
6150
5799
7829
7067
1106
7016
9283
7302
1761
5470
225
9840
7504
9597
474
2422
3243
9709
1358
9422
9205
2131
9054
4003
5648
6994
4213
5421
576
9344
7535
9203
6159
5270
6524
1179
7733
4080
9773
9515
823
149
7756
7593
115
4245
9086
2208
3
9685
8745
2597
163
1685
5821
7438
9431
9762
8412
7657
9735
621
2039
6822
6193
3815
1058
3756
8983
2510
420
4890
8868
1393
6094
7767
6526
4397
3202
2966
8707
6534
6331
8121
9760
8067
6384
5718
1327
1869
3219
7016
8705
730
4956
347
3864
9476
3237
6001
5963
361
9268
2006
7015
5189
5339
5559
2998
8199
17
6217
2997
5507
6614
3388
2993
8568
7563
3157
824
1815
9392
8751
5208
2046
5009
2038
2094
5294
6281
9894
2619
8902
3399
6787
9739
2586
5698
8922
2395
5967
4386
7004
1964
3264
6823
1535
2224
1925
7876
1203
8049
6613
7667
2509
1810
6210
9398
1792
6180
9388
5113
6517
2986
698
8029
9322
2329
2847
1100
1374
622
3077
4115
6698
5471
4114
4895
7706
5935
1963
5557
1517
7026
9811
2904
9241
2759
4515
2700
311
5858
2340
8672
2315
3923
3137
3396
8086
5757
1472
2988
1079
608
4822
673
1879
4203
6293
9560
4372
340
4830
270
4163
6597
6265
4251
99
9316
9546
4208
4496
8606
5079
8836
4892
2097
4010
2675
7081
4907
4503
8429
2763
6673
2280
1263
7494
7664
6141
1891
5315
95
8298
8369
6086
151
6916
1465
2650
6171
124
1739
8050
9057
4025
7687
8157
7336
4622
521
8451
2733
2703
5295
3275
4678
1900
2783
5319
4268
3846
4716
7172
7338
5238
23
1631
6637
3257
3936
4112
5697
7015
4441
5211
3086
4651
3093
4950
1883
5364
4495
7709
1205
3094
7507
3744
5723
1175
7637
7905
5114
323
3251
2831
6160
5157
8839
6840
2552
7458
4233
5306
4072
1161
1068
4412
7320
567
2721
4221
3537
8587
7818
7825
5345
1868
3557
5167
5045
4489
9076
9111
8237
2610
9365
2094
4157
1782
9087
2627
2113
6538
8265
2731
9888
9551
897
2381
809
708
2087
4398
7831
8783
1716
2861
1918
803
4966
8957
5264
8617
3386
2045
4514
2788
7817
572
8720
4980
4796
2829
9615
5818
3693
5565
1321
8071
9600
9624
2519
3702
9465
2852
3332
3487
1621
9766
6651
4495
2294
5654
7843
2496
3484
4910
2039
2566
1849
9929
4450
9018
3164
3080
5328
8555
8095
9671
6414
2314
3889
8171
5750
5623
8667
8223
8934
9541
6225
8082
7106
4088
9223
8731
2188
1159
7765
8458
5296
8771
2959
5206
8738
4338
2657
4720
1451
7312
9633
3990
5010
7758
1797
8829
2976
6278
4036
2495
2766
77
6405
2697
5314
381
8795
1482
4922
1381
9370
8892
7666
101
7111
8836
9975
2677
4403
2593
491
7010
4
4730
3064
9807
8867
9621
2331
5906
4268
1779
1558
9106
6177
1335
7383
6264
7820
563
3299
2055
6292
5947
7938
3527
9220
191
9121
9536
7731
9041
7010
6598
292
7936
2513
6449
4605
8535
411
5002
2761
3350
4648
9723
1633
4313
48
4043
9552
6077
1730
45
8447
2422
8338
1168
1000
9029
2504
8746
9760
5947
4013
6592
7812
6436
9749
13
1295
1660
7741
5849
2907
4719
1526
90
3516
5221
8945
3227
6238
9976
8995
2450
24
6082
8873
5496
700
6135
9097
6526
775
4474
8734
2274
1254
4509
4365
6410
7015
5425
1253
6344
2342
8652
4053
6542
2693
7944
207
6458
2638
5903
1810
6321
9768
8875
1525
1576
2559
3149
1411
2151
6583
4145
1122
1096
1112
348
6121
8382
476
955
9401
890
6256
2801
1604
1761
1126
3721
613
2278
6685
9587
5671
369
1972
6566
315
5302
6233
2549
554
2235
8464
3687
1698
8963
7776
3785
9239
2138
1059
9951
6942
6681
801
3441
9705
188
5216
3877
5558
5649
1323
624
6775
9419
7552
1324
9001
2516
8166
8751
2730
6591
4515
2952
7327
7925
6687
836
7547
5639
1177
5992
7325
5220
620
3550
7984
4663
591
293
8846
1071
2613
3216
5971
7741
5538
2450
6458
9512
9401
779
8321
4673
3151
4326
4717
3238
1879
2526
2556
9790
8620
3119
4729
3584
7593
4089
9125
9505
4684
4704
3575
9800
4298
2201
8133
7862
3711
8767
4478
7136
5453
5868
7967
7481
1503
4275
9431
5514
1564
8205
9721
1929
860
5186
9187
8031
8186
4813
902
3317
5459
6176
6330
9405
7796
1934
6777
4895
3025
8640
8155
10000
699
9601
8672
4476
6814
4526
7606
757
8088
3419
7877
5068
8815
7008
4201
935
8960
3881
4161
2870
1368
9991
4891
1517
338
9223
1855
6012
5453
4099
7517
7284
5785
3287
8964
6983
7582
5190
7441
9289
6371
7172
9373
6477
4912
9821
2728
5786
6808
8727
9155
56
4302
5291
9723
5866
1521
2676
7058
9706
4474
8996
8838
2702
142
3529
1132
7984
9597
8286
5512
3027
6067
3713
3691
9837
4691
5731
4273
7965
9860
4136
3086
4333
4675
6469
3268
6552
305
5090
3434
5170
9481
6597
3771
3348
8230
616
389
2442
7634
2545
6053
7023
7336
6952
8710
8382
449
8496
2880
4294
5479
3307
2679
4109
2149
3018
5255
3898
6166
2361
4607
51
8572
602
4869
6868
2961
6006
974
8872
5242
9014
8722
7099
7196
8461
5996
5602
3523
6076
7479
6168
7090
6932
6177
5099
7769
3540
9346
8859
8166
7200
2556
7438
497
8225
2944
4242
8415
964
8524
9410
1453
2918
8474
7788
5231
3581
8403
4928
6997
2482
1144
3477
4713
4384
1421
2500
1077
9516
762
9334
2252
2201
6051
6409
2874
906
8514
8021
271
8739
4841
4736
1484
4640
8358
5114
70
9244
3392
128
3292
3277
2381
4718
7115
7694
734
1281
7670
4725
8799
53
141
7105
6344
7812
7946
9468
3712
8156
3487
6049
9702
2768
4016
1153
9068
5795
8938
6594
3400
4780
2217
4681
6466
3327
5270
4316
7660
3329
5189
4831
8971
3837
3483
4637
3103
6946
1359
4484
7647
998
2075
5759
2048
811
4277
5887
5838
10000
4439
9462
201
4796
502
2771
560
1245
7115
5826
2412
5834
3082
4779
9849
1673
6517
25
9046
6351
5827
9610
5292
3055
9007
5529
831
2327
3200
562
6332
1256
9577
4583
1300
4862
9034
1756
3583
5209
9100
9328
2005
9040
2269
7751
874
8854
4307
4721
836
3633
7889
1272
4066
4471
9189
6251
8475
2763
6476
9094
2478
4799
6465
6106
6497
8723
3270
5239
6729
5020
9724
3637
9977
2478
3212
7307
6284
441
3997
7064
9262
6760
1251
4442
6860
9168
3043
3707
4319
3440
109
670
7012
8175
1116
3291
2488
8098
3395
4394
6725
4603
5255
1724
3459
6737
4377
3379
318
5100
2539
9787
4309
8139
4731
3500
1525
931
1716
967
1599
9597
4490
7225
7745
2481
9928
1925
7852
6554
4657
7664
1486
7205
655
478
7379
2957
5027
8494
8183
1831
2089
4832
1667
2614
9375
8386
368
5814
8875
4434
6818
4411
920
882
9236
3081
5750
5389
4929
8284
3796
5917
957
6656
5578
5802
3025
7483
3667
4554
4825
3172
606
6746
6221
8038
478
1506
7290
6003
5615
5973
135
5985
3378
1736
1937
5741
6212
8532
8319
545
9200
1659
9011
1667
551
8968
6892
6416
399
3905
2389
2041
8941
8757
4940
2517
7414
4601
1488
5008
9002
5284
4349
7476
6688
6190
2139
7310
8132
328
8473
2255
2754
35
2001
9403
7301
3748
1618
6375
4712
2078
6004
8858
9143
7520
2428
3839
4032
1311
885
1947
8376
9983
8793
8080
5779
1727
4803
5181
9680
9268
3418
9490
4390
2191
9774
9896
2619
249
631
509
820
6383
9067
1445
5133
6993
844
8432
1829
842
4052
5452
9877
2517
2400
8409
9738
4686
1200
2559
8617
1728
782
4106
5814
777
537
1760
8678
6868
642
5583
5343
1228
5082
2373
4852
9601
1501
1831
3225
6970
5672
983
6058
1034
8188
2375
6183
3556
455
9659
279
8151
9790
2777
5908
640
17
4667
5955
2954
9982
3713
194
353
7571
1947
9818
4468
4313
2326
4759
1798
3798
9659
3743
3306
816
4283
2981
3194
5628
3288
1789
1458
7489
8635
6871
9627
319
5826
604
562
3805
5098
2487
4200
2083
3375
4725
3107
2966
5852
1208
2896
6790
3698
5125
289
5796
9894
6358
413
5247
5140
128
275
8076
8921
8380
3442
6273
5702
7021
2578
3982
123
363
1137
8844
5211
8782
8941
2721
7676
6199
7701
3754
1736
5322
1324
8808
8904
3803
6350
2446
3472
4066
7923
1067
1273
4764
4907
5709
2412
2511
4161
2775
9570
5495
9522
4176
6261
7934
48
5492
7811
3333
3551
7671
9424
5467
3274
2326
975
1015
4502
7157
2062
9172
7756
897
2341
111
4246
670
6112
2029
8413
1896
4975
9561
6319
8764
7875
2416
6705
6166
3096
1491
7027
9758
3652
7885
4768
3344
1396
7221
6234
4481
4363
2346
9045
9540
4179
6919
8664
3451
6775
2584
8147
8793
9376
3074
7828
7750
9516
7781
4352
8761
4750
3339
6927
7202
5970
3843
2350
221
1852
2885
1638
6763
4149
9351
8548
1555
7948
3466
6945
9731
9694
9632
5026
1396
2896
8783
6552
4898
3039
6606
1241
7438
3105
182
3151
7421
6253
9105
7099
3808
2584
734
5039
8173
1189
9796
7353
8991
8861
2308
2071
747
2182
2073
3724
6851
9622
3630
8999
6755
4615
2343
222
3769
2102
8345
7500
9992
5670
339
979
8190
2111
4702
8326
9578
9601
3423
4914
6297
406
1161
1529
5625
8576
2384
9804
4162
6795
2007
6191
5451
9934
7474
8124
3670
6587
4398
123
979
8132
7039
2800
1663
8884
8580
9910
727
7214
1245
9688
3243
5874
1734
7050
7784
5055
4071
9688
6226
4763
9210
4789
6369
4511
5315
539
3011
4161
3573
1102
2216
9839
1132
1987
3153
4549
1088
6846
9340
7679
9266
9565
1931
6634
7977
7166
6329
913
8956
4302
1901
5291
5439
116
4914
5284
7791
8702
9087
7001
4899
9045
3271
8612
563
3574
7513
9295
7771
2424
6096
9601
6376
9886
5832
2956
7561
9656
1441
4036
3998
3622
1220
245
2150
7089
7972
2889
7881
8489
148
5479
8439
4677
7930
414
236
8150
5739
7539
888
2888
1072
1205
5050
691
6149
1178
6973
423
9596
7380
4473
9400
54
3601
7630
2194
2770
7840
2904
9058
5538
3232
1724
3347
3423
9103
6342
8647
8338
7083
80
8064
5909
9984
9904
9784
5222
4056
8075
9272
9558
9950
7401
1998
6856
168
4452
9432
2901
7389
1378
558
6093
843
5840
5115
1665
6598
4894
6498
6144
4509
9203
8061
4640
6069
8217
4030
1583
9987
387
1272
4860
2826
3045
1823
3783
9266
6376
7813
2255
6498
4636
8244
3999
752
1850
1144
9296
6757
3470
965
6242
7551
6044
4423
6814
976
295
4081
1881
8
3850
7479
5864
3074
1423
8982
725
6963
8909
3123
1271
6438
5382
8182
4881
8825
9891
5549
4843
651
9814
6482
1380
4611
2598
1342
7253
1098
2835
2454
769
4214
5183
634
2773
9378
1358
389
9259
1862
5393
1530
8310
1398
8578
4580
8205
6625
3270
5340
5316
1741
3624
7037
9068
9900
5600
2706
8927
2597
5467
3999
4116
8910
7099
3981
6647
2010
579
3905
6777
2787
2872
3796
4776
3298
407
8987
6889
5090
7998
8902
4576
4672
4281
2433
5126
274
8590
7051
627
6313
7920
9365
8076
3322
2180
5813
6327
2825
8037
6661
1902
4612
4300
4191
1660
7049
4480
2306
3860
2384
2548
2914
9698
5591
6348
8977
7872
5498
4545
1845
864
4925
7213
1902
6623
3321
8284
2964
9903
8557
538
6238
8467
9836
9717
3092
888
7421
4703
8255
3642
2306
8823
5747
8069
3913
8691
3340
3200
8986
1987
5433
5666
1092
5128
1140
7527
1665
6514
7067
1375
2914
9647
5761
5395
3559
996
8590
1717
9459
1521
8695
1529
66
4525
9847
8966
7918
7893
7268
6943
5995
2488
6923
565
2192
1097
3996
4067
8328
3947
6673
2124
7716
2772
652
8233
1719
502
1439
3058
4267
6915
2402
5720
6692
3822
3663
3553
5207
2277
3607
1929
522
3119
5258
3245
2993
8770
3426
3054
53
6084
1649
6641
251
4919
226
3669
2650
3296
4198
8330
7539
2672
219
1617
8644
4503
7694
3864
5387
4498
9299
4199
4621
5663
3289
7736
9106
6587
1448
2389
1782
1646
569
7068
5163
452
4774
1705
6880
4291
40
3729
1902
3172
4208
6612
1290
9614
2304
5090
8039
4820
4087
4407
6844
4357
5688
2497
4098
4974
9822
9996
5949
240
6897
8172
9125
6310
6765
8556
7462
2164
2594
9584
5905
5840
3426
8641
6972
6850
3287
3055
7575
4603
6777
3349
807
9488
9718
620
9929
4473
2139
1805
7086
5714
3970
9093
372
9496
354
878
1080
4870
6129
4874
2918
2009
7224
6976
1413
7512
1722
507
8206
6959
5796
5127
4018
3002
252
8657
5045
3812
6255
7917
8375
1006
3072
1877
7845
5376
854
4340
1072
4512
5594
3506
1217
1601
3546
8892
5058
4977
5022
2059
4152
5377
9917
3490
7893
949
4724
7758
670
1185
918
1571
4766
5736
2417
4982
1218
4549
5268
4704
2690
4120
3474
2924
9958
3480
8992
8956
5262
3180
4293
2892
3117
526
8872
9655
8727
505
2186
3807
7932
3126
7965
5576
8425
5161
654
561
3240
2597
4454
4761
5341
6439
862
6540
936
4507
5731
6506
6957
9024
3281
2217
343
1809
9316
8967
3105
6139
9812
5945
6145
4533
5470
8539
3762
8192
9109
1766
786
7490
4488
3937
4344
8366
5156
8670
3761
853
6248
642
2097
7303
1570
8519
7311
4692
8753
9402
8463
226
6531
2410
5551
1806
2566
4403
3972
5759
9882
1239
6598
1731
9995
7345
4422
1201
3290
8780
8611
7975
6036
2889
7024
9619
7120
85
5481
8007
4932
916
7307
6846
8613
6133
4661
8136
6259
1788
80
8181
285
6192
1496
8256
7236
7986
6737
602
5180
189
7261
2192
5447
6080
3429
793
7647
7259
5610
1217
5350
6164
6551
7561
3119
2574
5542
6253
3164
6866
5290
8672
1107
4445
9873
4283
6909
5975
5541
7882
389
8729
8049
3586
1285
887
8307
5573
744
9116
5792
1135
8191
9379
5317
5369
5480
5752
8260
6123
1301
3041
8636
9161
7728
9978
4715
5014
3891
2624
1353
4182
258
108
3763
474
2629
2536
9576
9738
8681
6492
7919
5665
6307
8696
9537
4931
8234
2830
3479
8297
5442
2895
3057
5381
315
6444
260
4135
5173
3066
6041
9217
4332
3751
3015
8396
4775
2795
3559
5929
1602
2040
3175
3878
8364
5574
8730
9094
9351
8954
9982
6614
3699
3987
1426
3211
9809
930
5295
280
9881
66
3953
1585
8864
426
8982
783
5505
1594
4225
2942
6125
3150
327
625
8880
3495
491
4899
5045
7119
5817
3906
7282
7098
9249
619
6905
7497
658
5798
5265
8665
7375
8811
7039
8748
4968
4713
1296
2262
293
3543
9325
6821
1865
3453
7111
3988
6496
1892
9377
6590
7234
967
3840
1355
7117
674
2702
4139
129
5110
3654
1200
9134
72
3353
7428
5964
8379
2556
7811
4294
5117
5695
4745
2461
6763
1366
1238
2026
3626
2587
2306
7395
1309
728
7130
6320
3479
1033
5487
5258
7138
1898
1997
1916
1414
1178
5654
7215
5842
8700
3117
5686
1413
5148
6996
6272
8564
6172
7846
783
481
9939
1739
5065
2454
3793
9058
7367
7227
7317
812
2723
8172
7977
9426
9013
434
1973
6690
3460
2098
4634
8188
3383
834
3699
9314
2981
666
8814
7093
4640
8467
9924
4893
4820
4555
9251
4439
6298
1718
5992
5594
5380
1991
5065
33
5316
4520
462
6460
9227
9878
7677
133
5097
201
4797
1185
1232
1093
8183
2026
8049
8048
8011
1444
9701
4935
2796
2092
5584
3887
3075
3783
1375
1085
4795
4213
2061
6011
2406
1839
5043
1033
7783
8004
7391
8410
5827
101
1945
2562
8357
8274
3472
6951
5899
5930
2661
989
2987
5318
6412
2316
7529
9423
5854
1423
1099
7382
6920
509
5327
5500
7535
3738
9398
5957
9572
2086
3491
7336
9794
9043
4877
5035
4518
7914
9937
2744
3608
7149
2480
5197
3240
5726
8664
4533
7982
6810
2683
9350
9006
9088
6974
3587
2805
8394
432
9979
3223
7629
740
29
1357
2305
668
1737
2188
4869
1610
792
5762
5658
2276
7658
1194
5473
3584
8458
8237
2063
1975
2140
2875
9078
5073
5911
4186
3555
1990
1921
7732
1028
5701
352
2338
629
9263
6959
5908
9007
196
382
9984
1568
3859
6939
5629
7133
2848
943
1650
8908
692
8311
6234
5916
2876
3724
8898
2072
5420
6353
4247
4489
4630
1554
4134
7554
7182
4580
9098
4976
7654
5980
5414
5716
7610
5139
682
3377
7487
6606
2373
5646
5767
1836
4362
228
866
7646
1085
4574
3209
4261
8663
5524
772
6382
7417
1227
4249
7881
467
675
3299
6622
1828
6776
5598
9982
7963
475
9685
4189
9310
4556
8630
8063
4338
8600
9958
1517
990
8473
109
2169
8950
3779
9253
3381
65
402
8246
2633
1634
9536
2375
3214
8874
6901
5173
9938
4306
1706
7898
8876
2935
5367
6546
3603
9681
7427
8269
444
5255
4309
6141
1759
6309
6183
4521
5108
9694
9158
7442
2923
9646
1425
5007
284
5694
5489
9845
4247
8153
7121
4072
6054
6918
2175
7190
964
4966
3787
3565
737
2285
5203
5559
6009
9615
1808
4564
4830
7079
193
7387
4859
7392
9917
7874
3217
8489
3818
4240
9966
5246
6725
24
3664
4103
6398
4086
9203
4348
7740
7233
1799
750
5061
185
1254
7198
9295
8165
3188
2574
2671
726
1945
173
6586
7403
6104
8700
5098
1223
8441
2634
2604
4981
7582
5512
1954
2858
1206
5684
1201
3496
98
1414
1719
2417
2416
9848
8399
1005
8738
1949
1075
6383
4723
9157
382
5321
6077
2426
6555
7678
7530
9173
8165
388
1164
945
5686
4811
3356
3492
2544
4703
5694
139
8682
2876
4090
5744
149
3429
7674
6214
9038
2880
7104
3444
2077
1700
2779
7371
9287
6562
2402
3674
6321
7410
1486
8034
3193
8592
9690
7094
599
3033
1645
7443
4606
2495
6919
4675
1429
1868
1610
6755
220
7958
2576
5687
6821
8467
7358
9091
6423
2789
9177
9183
109
5240
8176
292
4682
8761
6446
9141
871
150
5082
2550
5650
76
6031
9416
432
7411
4732
3278
9505
1001
5536
1224
8508
8459
7710
5068
2182
7440
7759
3295
6766
2766
133
3459
8938
7551
4482
6888
4347
2310
4365
985
9898
5892
920
4897
2082
9241
4859
6885
7001
1964
7782
5820
928
5478
2500
6722
7223
1909
1438
1706
4863
2355
6074
4555
4983
9688
7767
8099
8821
6984
6383
9409
7511
5516
1844
8285
7923
4368
2922
8435
3609
3895
4711
351
3024
5326
7806
4836
4480
2848
6763
1805
5437
4660
2319
6333
5905
2992
374
971
7463
4187
4143
2697
151
60
3257
1544
5336
9754
7906
7261
3867
8174
4597
6153
1541
1269
8340
7010
2996
1102
9556
5871
8237
6058
781
1211
733
3702
9085
5840
2869
5314
2971
277
5032
462
3898
19
2483
4039
8952
8861
5488
4778
1923
4029
1821
1259
99
5439
5498
8497
7719
4254
9075
8512
2793
7417
233
3300
5851
177
2113
8547
6900
4536
9145
5888
1691
9464
592
7622
1397
5290
4175
5731
2170
1467
7707
3532
7203
8447
1888
515
6678
5513
8064
4727
310
5852
5728
6732
303
6618
6827
1802
1838
6055
795
3055
7832
8415
5638
6041
9333
5358
9499
7100
4307
3753
7434
3743
9931
2341
180
2129
8793
1912
9516
5982
7491
8975
2718
3169
529
804
1327
1457
8789
7355
7917
4882
1244
5391
302
140
9361
2355
5287
1845
6117
7903
4021
8297
327
7677
7052
7131
1863
4366
6966
3423
8486
6164
799
9705
4662
1483
2331
9648
3174
9493
594
9609
9665
1429
4858
7434
1577
8935
6248
7267
646
7981
4259
1873
7773
1859
3849
6991
1162
8472
6327
6824
8033
4832
5339
6247
8273
6027
3865
3854
910
9946
2517
2982
8443
793
9533
3169
674
9382
30
5792
9226
3877
6955
7122
897
1853
6480
7834
811
4137
4851
1489
2402
5142
9826
6314
2831
3960
5796
7108
7880
379
1276
7170
2229
9425
7652
3347
3567
2807
8326
708
8539
545
4081
3302
4268
1633
3188
5657
6053
2094
4735
7916
854
7972
1464
3625
421
9025
3038
1053
8342
125
8656
8103
7856
6274
9514
7464
7668
4332
4461
7209
8823
5218
922
6213
1768
8751
3230
4604
9827
4196
8632
4616
4623
9587
6189
5531
8883
388
3834
9843
361
9330
2450
8843
2549
7736
533
3203
2602
6081
7795
8537
5709
4174
5971
3907
8669
7024
6826
4781
216
2262
4271
1196
2446
5034
4097
3494
5865
1585
7906
1254
2620
6310
9916
1706
6194
2484
7246
1289
1576
5432
3387
8216
9249
1918
2764
1931
7411
1240
5315
9954
583
586
9250
5816
9737
7023
9305
2764
9022
7776
6062
5249
4863
9399
1565
8530
8851
5758
4081
1647
698
6476
6291
6134
9265
507
296
63
1832
3769
7109
7983
2452
4416
1902
45
2315
4656
7704
8142
1793
4874
8734
7693
1943
2289
5436
9777
2404
4647
5728
7713
7109
5737
8611
8366
7341
8512
3428
2747
2415
5268
1794
5422
5164
9400
3159
6020
9177
5110
1115
1416
446
5844
1853
7439
2216
8073
4416
6707
1697
3751
8591
8906
885
5588
5468
6786
2783
5033
3972
128
216
454
6663
8777
3221
9870
4744
5193
688
7547
8959
147
7106
6399
1694
4515
8924
6698
4016
3185
6283
902
2254
5614
2121
7918
3096
7779
5440
9150
6186
4794
8331
8042
8398
6338
2926
8726
5820
922
9463
2051
4193
1249
4515
1865
7530
5504
907
2583
7660
7190
9693
5282
653
3552
4153
3522
4420
2691
8670
6245
6459
7395
9925
9794
7117
381
647
7952
1750
5723
153
8191
2963
4853
4562
944
6640
3822
7391
11
1974
820
6570
2298
1443
2167
5134
5478
8064
2317
4187
4304
170
7670
3449
152
7448
1931
6434
3137
2900
6211
5601
3464
666
7147
3098
6818
8379
6716
1803
6528
7720
7024
2808
9468
1460
2277
3646
7521
2010
4902
4842
5283
9546
8713
4160
5756
3610
8747
2287
6700
8661
5114
948
3997
8303
1728
4353
1021
3302
6662
8151
3776
2176
1330
1394
8487
4841
6348
523
5985
3637
9131
1551
5820
5800
51
4927
7167
4294
5579
1786
1823
9367
4712
3028
4642
6764
2757
9008
5030
5630
9242
1555
2594
6310
3337
1206
3366
4642
4822
8661
8347
6628
1022
2769
2550
2472
9552
3964
9603
2879
1419
8514
2838
7226
7724
9786
3808
8748
5967
514
4316
3926
9258
6659
8821
8576
6373
6640
4670
4805
609
7408
4736
8899
4595
4545
8564
6211
8445
666
9007
696
9829
4237
6971
6236
6176
1123
5368
6612
2107
4535
5428
6215
2769
6267
2999
2155
368
8051
561
888
4979
1492
9100
3175
2754
2975
6454
2047
7743
4391
1764
6504
9976
7444
7603
393
9790
5268
63
8787
8013
6751
2228
1284
6003
7286
4951
9031
5866
1104
3011
4066
678
4999
1334
5571
5536
2
1972
8529
3408
6915
7154
1186
9246
2203
7411
4150
7922
8447
7889
7988
4422
1777
667
4311
6948
6499
3460
9204
258
8802
3687
1616
6324
7124
4229
2547
7904
4173
589
7592
5898
2879
8088
8867
9056
8168
7722
9812
4189
6597
7896
2332
5254
7087
7303
202
7047
4794
2945
9233
3549
8111
2969
4179
2031
3067
134
5776
8953
5001
2002
2496
8382
3582
775
3107
4626
3059
7871
4099
5615
3791
7097
864
8306
5218
316
3446
82
5868
8749
1848
5430
9040
8066
4347
965
8792
933
8783
611
2847
5019
4205
2405
280
3236
6385
5580
7748
554
1148
3971
9734
5038
7879
1427
8918
1167
8341
931
2101
8702
1510
7526
7111
5367
4553
3681
9757
8743
3378
7865
3513
4559
8326
2681
7155
3240
7561
6968
4295
5766
3877
495
7839
7802
4149
2091
5856
7720
1367
6996
5026
1389
847
2812
3114
3134
9804
1449
1320
4677
9604
4072
6867
8382
6882
7869
7091
9177
4782
2766
9987
5920
245
1906
5173
4939
9605
53
63
3588
214
9080
9692
8635
3824
1277
5056
5391
4364
6935
436
1605
4541
133
6693
3649
5421
7444
3727
1677
3512
2681
7918
6680
7378
3875
1250
1435
8452
2297
2394
3691
7558
6462
2065
176
3673
3088
9344
9689
4538
3360
8244
3511
8874
667
1279
8179
3346
5016
2263
2261
7564
6963
6084
1084
1413
9532
8785
3878
1255
1313
3090
6394
8924
3836
5873
8907
7614
4971
1730
7196
9020
8905
3249
944
7782
4369
7917
8353
8921
422
6780
1421
8904
4874
6809
2203
2770
7915
8372
50
80
701
2292
4580
803
9511
6998
9839
5854
6784
232
9250
101
1746
4285
2664
2553
9425
3317
1685
3827
8322
4304
321
2759
2720
2372
5625
9875
9286
2298
6279
70
1581
6927
8209
4223
4081
2492
532
1516
195
1560
9560
1660
4743
2275
7201
6177
9740
9681
2350
3414
5717
798
7619
5239
4625
6514
9814
1416
5294
644
6175
3412
4447
2356
8536
9380
4565
376
7774
5341
3075
2918
4499
9934
8287
8157
47
4670
4883
1895
312
1710
4574
5060
5471
5491
2209
4485
4996
9267
7473
9543
9369
4564
1296
5675
3507
9708
307
9746
366
6038
3191
2072
3364
7390
3243
4790
4462
208
4829
3709
2110
6176
8478
6547
7739
1550
1938
737
666
3528
7015
8359
5768
3004
6303
2921
1035
2772
7221
8647
3199
5970
4188
784
3483
6489
4356
486
9023
205
4488
1436
9639
3494
8748
8650
2166
2299
8512
6436
2428
6016
6828
3099
7133
574
6642
9429
9470
3032
7557
4080
8869
6084
9014
8301
6134
4183
8238
1643
9657
7807
647
4025
5910
4508
3327
7563
2114
6952
1681
4634
8995
3014
3754
5646
444
4455
2068
441
2874
9885
414
1278
8580
336
7323
9902
5159
232
147
3765
6993
5167
5369
5514
5647
6366
4360
7715
5030
3402
2575
1944
2084
873
432
9765
7757
6781
4561
3474
7855
2227
5707
9629
3505
9249
9227
9472
3993
7691
5320
665
5916
736
6023
7491
2107
1547
2857
3427
4826
6996
1395
4148
1004
4718
732
6902
2905
508
8009
1459
3702
5820
5979
4113
7734
2496
5403
440
6941
9925
2846
2503
8203
6592
8351
6148
9968
5746
7790
1239
9089
1577
4535
1658
9929
6372
7919
4611
1766
3234
2779
4526
8898
3437
3590
2727
9350
1474
4477
3954
8422
8251
4341
1766
1861
8577
4462
7289
4642
230
8181
5049
5271
4205
7934
874
2820
8090
2580
1823
3595
4827
519
6083
1262
7040
3660
7396
9428
7078
3034
3384
1640
3942
32
6263
385
3613
8527
5510
5108
5168
3199
6533
631
958
8682
606
6993
2253
6344
5080
4191
6127
3472
7938
3797
1723
8579
1795
9779
7004
8818
4903
1913
5392
2524
4112
7542
1094
7675
8479
308
6169
8928
9630
1662
9010
2024
7219
2203
3778
2416
8248
7955
456
3738
8587
8364
5133
3493
4170
2136
2672
3001
7623
3156
2733
8938
5819
5456
9297
4667
4891
3269
9608
458
150
3022
4664
7329
6667
945
5887
9161
3155
2132
6086
2477
8325
3524
2080
7
823
9015
360
5638
3220
9503
5303
516
7042
162
1501
9312
9857
3538
5513
672
1588
9976
821
279
3014
3624
3334
4383
5148
8952
2471
440
3709
7572
2111
8983
1726
7323
4665
5821
3691
2672
731
2652
8407
3919
808
3727
1656
2419
5687
6825
705
9989
5295
3946
7418
429
159
1894
1374
186
100
1787
7193
6747
5615
3540
3298
6008
5479
4277
643
1329
2406
1463
3489
6063
1459
6961
6634
6184
5686
6799
1034
1302
4546
8655
1639
9784
2468
561
600
7016
3124
4137
305
3883
7131
1363
2719
7341
295
3004
2041
6844
7133
4438
8834
9011
5258
4103
6211
4376
711
3589
1080
9276
8242
4706
259
7375
4937
8538
1371
7939
6720
90
6104
9391
682
4869
7494
7000
1498
1248
8331
1025
9662
7841
1881
9453
6781
3911
4983
5322
3708
2699
9841
9524
7505
2385
7496
6499
5602
2776
5338
2704
1647
8920
2783
1903
3976
8899
8265
9605
5453
4832
2411
2038
304
8739
2048
3038
3338
9405
2577
3911
4706
9199
2861
2466
4237
7014
4410
606
6450
3866
6140
2964
8203
1961
5757
8693
9879
4938
4218
1579
8891
2341
2290
5953
3989
3861
746
6672
1202
1619
9995
467
5134
929
2137
8778
9304
1059
7352
4355
8494
7072
8415
1609
5484
391
4639
3558
7522
1923
3454
1350
190
8061
4646
1878
2066
4125
6063
6141
5078
1012
696
296
8182
5205
4394
1852
392
2133
1261
1778
6685
731
8983
7962
6003
6871
2999
5040
2919
89
3672
2522
849
583
5630
621
2481
9267
6060
8367
3524
8896
8360
1779
4827
2947
1309
6489
6610
3678
8090
6208
6504
6668
565
9557
9227
9911
8473
8082
3893
9162
921
420
1345
4659
7474
2280
8206
2088
114
6123
8040
3094
646
6028
3243
8001
9382
7296
6593
5278
2537
8619
4746
8110
7159
102
4372
9280
2238
4429
7063
4895
2634
1160
8991
8001
311
6466
6310
2147
1793
9728
3796
4354
1384
9354
1604
9518
9855
821
9366
2216
6511
8988
4890
9343
2286
6383
2913
4922
1986
9598
2341
7131
7747
9674
3015
8355
9560
4277
9615
585
6562
7451
9947
4183
3588
2886
9337
3685
4446
8853
4846
6552
5833
4647
4049
7951
8947
9519
4528
1497
7969
50
78
7589
8807
3049
950
3802
2692
7420
144
6964
4536
1011
9295
9917
3532
2229
9702
5252
4491
4773
626
7984
1027
1145
6708
7997
1837
9354
7252
522
8006
1463
8367
4744
52
7082
2998
7240
2195
7893
6292
2493
1190
1733
4606
4998
3576
2101
9510
4681
557
1143
319
6715
585
9320
5623
6667
6492
8677
9616
6145
7582
2877
7948
8223
262
1666
8197
8957
3314
1204
3266
9225
8991
6010
6405
4640
8614
8708
4272
5328
2926
2766
4527
6322
2720
2211
2212
2956
7932
8996
