7431
-3842
3043
6707
3537
486
-1121
1816
9775
932
-5639
-550
3417
197
-8448
-9956
2922
-9130
-1973
-5051
-5160
-3818
2845
-7267
4875
7667
-8777
-4401
-7531
-8639
9950
2367
3783
9030
-6108
7855
-4218
459
-7663
-1797
5488
-4950
-9696
2467
-522
-9805
7710
-8034
-675
9065
8969
-8300
8561
9518
4784
4590
2404
-7444
2822
7319
-7218
-2582
6780
-5420
-2514
6595
-7907
-6304
-6641
-9083
7723
-1074
-4857
8244
4044
9626
-5077
1774
4212
-2306
-2021
-2036
-4344
-6993
-1132
2251
6648
-2511
8519
7588
-7793
-3924
-2542
3079
-5231
-3893
5742
-8587
5686
-2889
-6776
-7918
3826
-5360
4148
-603
5416
5565
4955
-1437
2032
-6758
6040
-783
6197
1699
4847
-6631
-7295
-7980
5276
-1572
-2292
9051
6863
9593
-1144
-7343
4439
8322
-7375
4918
-9239
-6603
229
-5363
8935
5305
-7953
-920
-420
-1205
-7996
-5305
-4144
-9666
2251
3106
7464
-9087
6736
-1029
1086
-551
-1563
1618
6183
1132
-2222
-9468
9371
-7776
-2312
6007
8252
-1980
8950
-2433
4005
-2528
-9487
-3841
3389
9192
-937
7871
-7079
-6072
-6179
6412
3120
9566
6703
-4607
-7936
9476
-3942
-8002
5665
-211
-5117
5690
8773
-2732
5553
7396
-2951
-4273
3528
-392
-5575
-6499
113
661
-7113
-2940
-8805
5155
6024
7373
9606
7539
-1611
-9853
-1809
-1481
5362
-1617
7701
8542
9389
-4666
376
4054
5471
-6314
-5747
-7982
-5125
-8958
9125
-6470
5443
-7047
-3096
-1816
-9129
7430
801
-3988
4811
538
6455
1349
6144
4170
9130
-8537
3364
-6746
2383
5983
9572
9443
-8645
876
6876
-4750
-4700
1595
4448
-9284
8252
-4036
7231
6964
-6240
1607
1949
2291
-3070
-5074
4446
6084
6405
4826
8242
8734
1889
4874
-5408
-5671
-8879
-7701
-7398
552
-7710
7553
-85
2068
-9286
-3334
-2597
5145
-769
1290
9206
6856
-5592
4359
7471
-6687
8058
-9892
1228
497
-6348
8765
7654
-8913
-3719
9702
-4431
-1425
4339
-6806
-3445
-2318
-5680
5417
-414
9522
5364
-9697
9710
3840
-4353
1199
-3388
-2935
3490
-4257
-1228
-3844
6460
-9421
-953
680
-1847
-7366
1832
1674
470
7290
9026
-8405
125
-3997
-5120
1946
-1922
1745
-6729
-9174
7524
-4741
-2542
-2808
8664
-4191
4227
-1343
8359
7831
9932
-213
-6029
1010
-9114
321
9866
-5628
3106
-9161
6746
6627
6030
-2231
7806
1209
9997
-4263
-2953
2424
9320
-6853
925
5372
-8055
4498
8973
5098
7977
546
-8322
-5822
3720
5742
-4066
6020
-656
4800
8317
7004
-152
2590
-6104
-844
8077
-6177
7019
5248
-8914
-2778
5104
5685
-7793
-8523
-4947
8698
-7014
-7596
-1661
-5790
-3041
-7053
9136
-2387
4959
4333
7686
390
-9488
7592
-4583
-379
-8174
-8217
8296
4777
-3730
-4722
-8297
9647
568
-5810
8127
-8396
-8921
-2149
4480
-5518
-815
-3757
3862
6645
-480
8259
3910
-6247
5625
-4109
3907
5164
6052
3511
-8855
-5863
-7431
-420
2905
4191
2182
9682
7147
-1021
1489
5716
-5196
-4081
7113
487
-9442
5723
8602
-1907
9327
7926
-2658
-4407
682
-545
-8624
-6351
4548
-8984
364
9810
4793
-6230
-5423
-8888
8334
-57
-4125
4432
5053
-5560
4671
-874
5047
5742
1032
-3937
-1514
863
-5502
-61
8582
-2073
-7959
1831
942
-4481
526
163
3991
7272
-1819
6455
-5713
9999
-1789
-4718
-4215
8851
-8665
7705
-9748
-5221
2660
-5307
-7633
-705
2971
2515
-154
-7032
-648
-3209
5341
5323
-8587
280
10
-1215
-961
584
-3953
-5455
3824
-8729
4329
3620
8506
9339
-4743
2337
4161
-1647
5478
-1063
-6010
8259
-5928
1625
849
-7304
-6801
-6912
9432
1471
8660
2165
-1183
-258
3875
-3418
-5080
3232
7028
-7883
-5954
-5143
8067
8099
-278
742
6413
4569
1674
-3882
-4253
7112
-1948
-9936
341
9740
5419
-1787
8769
-3398
112
-3014
-4284
8504
2309
815
-9777
510
-4733
-8440
6367
-2990
-2845
8548
-3709
-585
3414
8808
5151
98
-1122
7173
-4630
9358
-209
-84
4630
-1251
5454
-9051
-4599
-864
2981
-5344
-8460
2920
6769
-8957
439
-4335
9168
5864
-4345
-9394
257
5689
-1741
9767
-2944
4041
-671
-9041
9811
9937
1382
-6034
-5211
4325
-1526
-7421
7858
549
9052
1512
7183
7759
-8805
-2119
-5078
-6528
450
3915
1167
-6320
7751
108
6363
358
3686
2087
-1068
843
-8997
-3749
599
4136
6357
1553
-5432
6833
-4333
-4539
-4425
-9208
-2733
-1594
343
-642
-9887
7777
12
2939
6365
-4317
1204
7902
3770
3289
9808
-2804
4366
3515
-1215
5620
-5978
-6635
-4286
1923
-7040
-8447
-8044
1270
5647
7109
3528
-1890
-3412
-7931
-2005
-2438
5807
-7972
-6645
-8485
1309
2316
-1121
-5995
-6767
7229
4465
-5620
3969
8651
-4706
7858
7
2135
-9866
-672
-2816
5931
-1607
4319
3208
9788
2204
3393
-3688
691
-2096
9156
-7015
-7239
3314
-6332
6323
3898
-9454
-5448
-3664
-8456
1736
-5115
-8793
5811
4516
-8996
1667
-9517
765
993
-6631
5953
-6705
-1543
-3486
9740
786
5
-8812
-215
8787
6517
7619
-5300
1552
-990
18
8881
-5202
3784
4609
8924
5354
-448
-7342
-6376
9028
-7768
2671
-5623
2219
2450
-4864
4870
-1732
1975
-2469
2210
-410
7896
9041
-8361
-9684
3732
-474
-447
5457
9729
-3333
-4138
8095
-2459
-4611
1729
-8125
-6314
-2290
4101
-6720
-9138
6406
-4562
9311
-6912
-4520
-4279
-2491
-9652
-3086
-8525
-4808
-1406
-7683
2026
2684
27
6196
8826
-9087
7737
-6538
-4148
-5575
3634
8329
-1296
7841
-6386
-2071
-1849
8454
7407
5954
-6646
-9143
-588
6153
3387
3948
8688
-3069
-2770
4743
4364
-9626
4893
-1336
-6090
-6830
-4685
-2140
-9031
-8434
1549
-720
5285
-8104
3648
-2879
-9139
2350
-6784
9632
6113
-3986
3572
-951
7027
-109
-8228
-5013
-6210
-7122
-5304
7655
6992
-9624
-4357
6578
2707
-2499
3019
3066
199
-1551
8849
-8947
9983
4529
3272
-3972
-1889
8509
-1762
879
4379
-6600
1235
-139
-6348
-4854
4942
8979
8062
4641
-684
-3291
-4627
900
-2597
1449
-8579
1306
-1652
-6381
-6679
6321
3824
3524
3221
-7617
-5316
9979
2143
-8625
7549
3094
8944
6290
-5661
9878
5850
-3980
2608
-2385
8353
8351
-2620
4123
5705
3170
4498
8790
3839
-3377
6766
-2318
-5948
-5483
-513
4567
-8917
-2165
5164
-6928
9398
-8478
2136
9664
-4352
7071
-9921
7233
-2123
2332
7335
-6178
8769
-2858
-9921
-5545
4498
-2799
5675
-3865
-6228
9057
-7905
-679
-3403
-8153
4717
6365
5864
7444
3879
-2535
-242
-6356
-9415
83
3482
2249
4249
-2155
3436
6153
9169
1918
1821
3225
-762
-2803
8903
-6772
-7204
-2780
-9145
779
-7702
-5216
2730
4895
9428
-3677
-1122
-2864
-2095
8413
-9733
-6595
366
449
6656
6749
-3636
717
-8977
2781
-2618
-1082
5967
-7161
-8690
8788
-9038
-762
9291
-1668
-3904
-3688
9564
-8490
-6882
6758
-9509
72
-9314
6768
5211
-1603
5778
4947
-394
-2817
-3689
-9404
-7403
7098
9763
-9339
-3762
9774
8750
-3332
4919
4248
4083
-5262
5495
5414
-2475
1301
9960
6900
3024
-5540
4897
7682
-7900
-2991
6575
609
2097
7911
-727
-4940
8286
-6957
7798
-6081
-2573
3369
7216
-2839
-6183
6798
9183
5803
-9422
-8048
-7685
-3694
3266
-8212
-7072
-8222
4286
-3793
4770
983
-1637
3247
4644
140
-8187
2020
4128
35
3888
3310
-7602
-2790
5387
-8988
-7766
-4551
541
-7937
9954
1155
-8519
-8851
-9606
-9754
-3198
-1024
-7885
-9559
8919
1515
-8623
9978
-4582
-5124
7388
1111
773
5156
-981
-4906
-4901
-4982
3248
4439
-7230
-6427
2032
3820
-4238
-2720
-3768
-9139
-7360
3560
2207
-3800
-3136
-9075
-790
-8459
-6606
-1648
6757
-437
-4124
9600
-1595
3092
-8697
6761
8326
-2582
-384
7978
-5243
7076
1387
-8597
-8643
-1761
-8573
1416
3085
9096
-8035
-4108
2842
-29
-8933
-6761
7913
-8047
1719
-9722
-2402
5015
1585
-9944
-4847
9503
-2377
-7779
-5861
-7503
9106
7698
-6951
-5466
3539
-7196
6659
-9591
279
3591
2291
1900
-4299
7716
-4425
-5914
-4537
-3326
324
1438
-587
-2682
-5556
3903
1069
-4332
9694
5537
-6866
353
-9566
-8808
-146
-881
7835
3420
-4264
8683
6110
-5574
9850
-6339
-6446
3661
-3252
-344
-1583
1448
-3763
8452
7366
7234
330
9420
-7806
-3259
-7642
-5899
7068
-3964
3761
4798
-4887
-7111
812
-8233
-656
4397
-3018
3591
8495
-6946
-5135
5811
9684
7492
-3823
1938
6033
8956
-2198
2867
625
-282
4729
-1606
2658
-6594
-8678
-851
-9045
9644
-2103
-3134
3425
-8796
7773
-3455
-9594
3080
-5307
-1606
4995
-1237
1256
8277
-9308
-6848
-1650
4911
-3090
9159
1146
-7551
8251
4452
-8287
-6605
-6317
-6099
5585
-6713
-9831
-1336
-4822
6898
3862
5918
65
-8183
-6550
4638
2924
9725
2373
-1787
-3752
-9978
-7727
7509
-7145
6087
8466
3966
4611
5232
-9339
-1136
-4962
-5547
7489
7503
-7803
4633
-8357
2720
-2401
7552
-7422
-1149
-6209
-784
-487
5460
3895
6075
-3521
2703
8552
7818
-678
337
-2392
-8308
-7871
1990
-7142
-9655
7514
5245
-8455
-8707
-8252
-8721
7144
9930
5626
4359
7124
-1438
3070
-2370
-5163
1588
5523
-3740
-9193
9748
-7865
-9802
-7768
1535
-6747
9385
9931
-5088
1417
9453
-9937
-524
2366
4773
2269
-6944
-7503
-1654
167
6034
-3733
-4867
-7876
-8811
3967
-9008
2429
-4438
-3270
-2408
2487
5753
8022
8522
-5760
2634
5551
-9435
5429
-3553
-944
257
7926
-6027
-7538
5817
8129
2875
-7033
7446
9837
-7780
-5401
-6272
-1173
-6011
-9771
-9710
-7945
-7019
-9093
-6012
2308
7980
-5967
-1560
6593
2421
9428
-8732
-1857
6555
8701
1677
-9961
-2713
1110
-7187
-6793
9869
-8191
-8746
2845
9968
535
-8252
-8024
4812
9970
2102
900
861
-3416
8913
-1855
801
7748
7880
-7573
4889
-7242
-2083
6431
5546
5358
-750
4884
7613
8773
530
-9644
9623
-4959
-2326
9027
-9199
-8754
-7064
-4835
-9552
-605
6846
7578
246
-7278
9753
2575
-9958
954
-1334
-1533
1436
7624
3351
-469
-1533
-4295
6838
2522
-1725
8643
-9229
-3513
-1606
-6279
9286
-3628
-8786
5109
1664
-693
8125
-6995
785
-5382
-4118
2621
-3797
-4893
-8950
-9969
-4066
4885
-942
-7469
-4546
6199
3934
5727
1452
2175
-8087
8636
-5765
-1195
2287
2471
769
7362
-6351
-9858
7
-6384
-8824
1632
-3331
-7094
-7716
-3884
-9467
8219
4987
-8584
9076
5837
1828
-8123
-8453
9803
7651
-8831
2071
-2155
-6903
6858
-3675
-228
8177
3857
-710
-8608
5597
-8308
7849
-6227
-8172
-1876
-4491
2835
-6323
7549
4865
7926
-5088
6758
-9443
-559
-7333
-5016
-2205
-9181
5463
6871
-4866
880
-7506
5898
2817
9838
5909
7930
5932
-6079
-875
-4414
3669
-5638
9557
5670
6413
-1707
3666
7066
-7324
-2291
2756
2808
-1401
-7999
7925
6934
-7839
-871
1979
6771
-7767
1405
1384
2027
-481
8244
-5541
-3830
7616
-1742
-2932
9432
-9395
-5682
-3028
5502
1906
-774
1902
-1577
-8971
5288
-6568
-9669
8933
1569
1848
961
-2478
-2390
-4004
4511
2315
866
9839
-4462
-3047
-6906
-1010
6805
5730
5329
-5637
-6649
834
-3680
-2348
-97
-4149
-7674
8148
4682
2465
-3174
974
5651
-4248
-8874
-7027
-3469
1072
-3305
-5575
-1804
7861
-5798
-193
2329
1282
-7808
-5593
-6174
-9569
-3830
9765
-1157
-7433
7470
-9118
5667
-3022
-3174
-8694
4749
-3676
8003
-8876
-92
7658
-4633
2563
-5410
4879
-4887
7041
-5946
8372
-4962
-7283
-3731
-9136
125
7933
-7939
8083
4452
-1810
-5059
1385
9292
-7489
5564
-7554
-3161
3311
-4603
2262
4528
4385
5394
5207
6232
-2453
5490
-3051
-5111
3844
9973
9230
9307
2155
-9393
7062
9276
-1967
-562
3963
1183
880
4168
-5550
8770
-3238
-4132
-9991
-3453
6446
-5338
1309
4730
-9693
7754
6139
-6806
-5012
9049
-1038
3470
4499
1470
-3638
7107
-8297
-2792
-1072
-3204
-7110
7696
-3169
6824
7348
-9215
7104
-6982
-4924
4720
-1918
4605
3576
-5649
5311
-2650
-2790
-7714
-5806
1364
3748
-5373
8578
496
-2570
8589
7679
1537
6734
7857
4714
-8889
2723
-1264
-3964
-5344
-7412
8361
-5885
-2984
3461
-46
-379
2032
4069
-7623
8756
-5780
5628
7421
4224
-8234
-2819
8344
7122
2788
-7274
2206
2506
-7198
8292
6774
2116
-2311
-8613
5041
7365
996
5827
4500
481
-9050
3260
7395
-6228
5128
-5613
-1951
5104
-2442
1967
1792
9265
-6956
5206
3170
2818
-3731
8317
-3992
5205
918
9488
-4847
-4046
9241
-1709
-9629
-4295
168
-2802
1383
-6692
-1771
6091
8650
-168
7157
-9954
8260
-122
-1776
5834
-2688
-4307
9722
4155
724
8158
4855
8796
1746
-8451
9756
-2261
-7012
-3206
-1767
856
7623
9156
1966
6648
291
-8106
9140
-4912
4587
-6082
1873
9391
4793
-4160
-6110
-8676
-7236
-2364
6094
6191
3113
3992
1536
-3547
-8785
-1947
-6713
-9845
-5749
-4474
230
-6460
-6369
-4187
-545
143
-2872
-1595
8443
1045
-110
-3624
9163
-4519
2019
-1516
9110
3164
-9527
5551
-4819
5176
-6570
6157
1027
-6883
-2745
-9498
9840
-3533
-2276
9422
-634
-6431
4951
-1799
-5628
4736
3954
-1
-5406
3604
-7064
-973
-1230
2312
7727
-6778
-1266
2897
3648
7197
5019
882
1233
-6372
-9844
-3939
6931
8714
7694
-5633
6550
2316
7518
-8290
8755
-7944
6148
-8704
7299
3458
-9464
-8153
7810
8351
-4339
-6924
-7911
5470
-4052
-576
7258
-876
3662
-1526
4576
3230
-1845
6588
-6645
2383
-9365
1371
8066
-432
-5977
7991
2333
817
-789
-3346
6232
-9200
-6744
6165
-3016
6700
3152
-196
-7669
-8931
1369
458
-2252
4552
-1869
3255
-7012
3796
-3582
7299
2786
-7825
6277
989
-852
-3844
-4625
571
4944
-6250
7703
-3607
4256
9564
-2969
9243
5235
-8044
-8180
-6562
8056
9770
-4427
-8660
-3590
7425
3186
5243
-5317
9370
-7240
8250
2347
-9813
-9786
5030
-5452
1934
-3756
5862
7792
9145
2647
-8610
-9406
2102
3599
4953
-3695
-2023
574
390
3988
7558
-4751
3258
-5740
7778
-7885
-9707
13
5908
6034
4202
1864
-1651
-446
6915
-3811
6627
8200
1437
749
-6503
938
8271
9670
-9139
-9224
7209
-4144
8685
-1214
-5520
-5863
-737
-5172
835
-6581
-1374
7125
-7561
-259
1539
-9481
6660
-6440
-2641
-9532
-4320
2807
2293
-5065
-1624
-8877
-1943
-5350
-8095
8537
527
-9768
-6500
-7583
-7868
-6842
9674
-2200
8184
5027
-5976
-4232
-2235
6065
-2925
4447
240
-1962
-8515
-2075
6081
-4723
-4339
1100
6169
2242
7994
525
-6922
-8959
-9558
-1239
-6592
-1888
-4566
-419
7338
-3187
1383
-6222
765
-1253
-9594
-4654
-2929
2524
7139
-215
8149
2257
7648
6261
9552
-8575
-2338
-441
-1636
-6241
-4502
1975
5311
2582
-6197
7806
6630
4839
-4359
-3704
-2533
-1211
6080
5822
-4086
-9051
1811
6083
-2187
343
1183
-2769
3733
259
910
-3446
268
3849
9356
-5191
6703
-6227
663
3095
1109
-3869
1639
1425
-6642
6704
8390
-5434
-1192
-1421
-6613
8129
1264
2335
4924
-317
-6770
3998
-5833
-5936
9253
8581
-5730
-9841
7736
-7401
-6211
2754
7667
-8313
9571
2118
-2268
-6126
4204
-4624
6843
-5732
-6549
7446
7759
938
9007
4975
6110
-8060
7119
-5624
2727
3733
9482
-8391
4104
-5344
-3286
2013
-5608
-6023
-4808
-8895
-9701
-7304
7027
-4834
-4249
-9384
-3318
-235
-5158
2173
9025
-4367
-9924
-6525
-794
1126
-2171
5096
5082
-3332
-4575
-5662
1188
6274
-1674
-2581
-4316
4823
3322
2533
-7609
-9394
-6818
-5091
1366
-9324
2658
-5714
234
-4028
-4811
7656
168
-3303
390
-4097
6022
3407
3638
9821
9447
7966
-9140
3974
-2735
2271
-8989
4814
2256
6517
4923
-493
9375
4433
7287
-2429
3638
8718
2137
5444
-5786
6947
-4789
1521
1036
5663
781
-4591
9864
-1819
8129
-8608
-9086
855
4026
-5575
-1649
-4864
1148
-3980
-6632
8524
8023
-8413
1096
-9687
8017
4746
9929
4027
301
-4869
-7823
4666
934
6508
9156
1446
-1293
5974
-4960
6483
-8362
763
-5692
-1242
646
7214
8699
7297
2117
9942
-933
8121
5760
8501
976
5948
6942
-2103
2004
-5579
1732
522
-9125
8060
7529
690
-9681
-6431
-1583
4076
-9238
-7819
-9908
-4367
-9667
3582
-5397
-6463
4594
6318
2041
5338
-5676
3309
8631
-7875
-3312
-6394
3387
-5625
-4263
-5854
-5266
-9818
-4328
-7665
-5563
-8396
-5645
6162
3818
5863
8548
-7385
-1625
5595
3202
-2746
7082
6343
6340
5201
6215
-8971
6656
-4591
-204
-2215
-9033
-4220
6055
1085
-8096
2096
1998
748
-3098
-1649
9161
2845
9221
-6225
-959
9044
4351
-8388
9061
1804
-972
-7874
4050
-9865
7513
-1855
-4604
-6704
-4886
3403
2084
3353
-3997
-831
-4412
8134
-3594
9827
-7034
-5923
1378
2864
4475
-3947
-9303
-5236
3551
-6720
8294
-3218
7920
7721
-3023
-9220
2347
-9547
-1171
-9737
-6961
-5036
-6976
-7020
-4088
-3127
-5769
-6816
6883
-6080
-5692
-5685
2212
3705
-9991
7364
-4398
1207
-2385
-2146
-74
-1822
5224
197
-5592
-2878
4387
9824
6434
-4079
5486
-8254
-8939
9639
-426
-4065
-8145
4580
-7667
-6348
-6028
-7052
7460
4816
5324
-5169
-1947
2952
5205
-2165
2643
-8711
9176
-6991
3764
6110
5189
-4986
7957
-2474
-9688
4557
4018
-2377
74
-7888
-9390
-6984
-6226
2488
4024
3190
-6560
3598
2114
5800
-2830
6159
8228
-1952
-2539
1312
3027
5185
4290
-688
-8052
-8995
-6671
8828
-915
6494
-3373
-4857
1723
-7252
642
9508
5856
1383
-9704
-4452
3102
6326
5409
-8367
2562
2079
9105
-1274
-7386
-976
9556
-792
7301
9038
4643
1019
1496
6215
-40
-4742
9664
-9263
6105
-3865
6110
-9011
-9023
8443
-2264
-8850
-2703
-5982
-7118
-9020
-5626
-8799
-645
-1128
-635
-4693
7309
6092
5005
7838
-8870
3876
582
2075
-596
-4626
7878
-3453
-7000
7651
-674
4160
-3245
-101
-347
-7234
-7462
3654
-7485
6299
-6920
1151
-4400
9783
-2669
446
9761
-253
8110
8811
-9990
1685
222
3826
-1854
-9683
916
-1749
211
-4464
1258
-5611
-7607
6322
4481
-8904
9588
8429
-5413
-8106
8204
-5902
8455
-9723
4419
-1755
-5588
4327
1175
-4615
-4719
5615
7125
1893
9987
-8470
-5202
7158
2097
270
-9175
5166
-1560
2207
1339
6290
-1422
-212
6589
-8288
7351
9973
9940
9146
-4958
-7512
2070
-3084
4426
5310
9525
-6795
-9155
-2228
-8835
8492
2016
-5529
-3706
-4782
2232
6350
-4261
556
-4771
9881
-1482
-883
1342
8513
3017
-2498
3906
3899
-9856
-453
-1512
983
-7053
2819
8150
7316
-1599
380
-4019
-9704
-7651
8605
-3982
-2401
-3088
9609
7536
-7002
-692
8631
-9880
5176
9
1584
9717
-6471
-6547
4183
-1048
2112
-2612
-5391
9284
-7886
6685
4932
8075
6688
-8132
5782
-699
-232
-3941
-2695
-7125
5225
9856
7904
-7652
-1080
9059
-4823
4827
-4762
4933
1348
-506
7962
9334
-7048
-7820
-4512
-2121
3589
6284
1532
8487
62
-9592
-9992
5166
467
8607
4361
113
-4376
-6586
-3631
-3773
8107
-8647
-6361
-9428
7463
-4368
7466
3340
852
-6418
6018
4863
4019
1618
6927
-7075
8668
-4884
4590
7358
-112
896
-7833
3375
5231
3127
-3174
4901
9997
-2548
-9974
-6729
6162
7338
795
-3478
-1056
-6167
9974
8923
3325
3077
9826
2008
-999
-5082
-3068
3508
8393
-634
-2587
5465
122
1294
3652
-433
-749
-8726
-7506
-1390
4438
-5461
984
-61
3202
-9693
-2104
-9966
-8965
-7987
-4404
9861
-2058
4601
1676
7621
-6635
3218
-1683
4717
3040
-9635
-8510
-7948
3155
5904
-2458
-8325
-3461
-7515
-9343
-4013
5808
4472
-2156
-4631
4872
-8921
7168
1908
47
3038
-7744
1838
6482
-9989
7203
8984
1762
-9051
7964
4749
1325
-1485
2517
-3304
5531
-8262
1986
-1853
3024
-7177
3825
-5212
2805
7160
1575
1522
9731
-7735
-109
1017
3636
1526
8215
7749
-5583
3295
-5436
2020
531
135
2028
3301
6284
-8703
8436
-6888
-9671
-8692
-6117
-5953
3413
-8308
8601
-2541
-5290
-8635
-394
8892
6319
-3557
-9577
-163
8203
-7048
5319
-9079
6086
-5248
-2811
-549
-8460
7941
-442
-6190
9016
-368
-4616
3761
2505
2540
-2284
-5132
-863
-3376
-1758
-5866
-2732
-34
-2176
-7134
5891
8955
4705
4214
-8141
-1068
6925
-4221
239
7802
-5815
-7118
-4038
-8764
6404
-362
3741
-1268
8296
-6025
8475
-6646
-135
-9760
9590
-7951
-4322
9697
192
2965
879
8531
-2410
-6306
-3163
9720
-2758
-550
-6277
-6226
6101
5785
-749
9657
-4035
-5029
-1995
-795
-9845
-1278
-1377
-1
-565
-9406
-9250
4172
332
2997
9219
-7725
9027
-3388
-8759
-2923
-248
6899
-2850
-6440
-9443
-2436
-9152
5777
6523
7021
-1324
7680
-7406
-2378
661
3339
8723
2006
-1597
-8310
-7622
5045
8640
-4269
-9548
-1212
-7915
-3537
5541
3081
6076
-7239
4590
8854
6831
8602
-2040
-437
979
1487
2591
1294
-1057
2751
-8870
4730
879
1201
-1456
-5922
-8494
2649
6114
4231
1249
-6175
-1417
418
-1958
1897
-7046
7651
3516
-7899
-4982
-5779
-7041
-788
2074
-7676
7879
8996
-6564
-93
-9390
-7690
-7007
4521
4009
3427
4416
-642
2298
-8620
4140
6598
-4215
-4491
2524
9022
-5138
-3224
829
-7666
6444
2316
2691
9267
7661
-3638
-5185
-1459
7381
-8479
3107
1976
-9117
8683
-5437
-6331
-8765
5923
-913
-9758
-9112
1062
-5806
6685
-4662
-2859
-1986
-521
-8640
-1889
-4364
-6456
8279
8260
7177
-7525
3770
6528
2236
7415
-543
4628
1647
128
-7234
-5513
3455
-4284
7221
9814
6582
-2205
-6038
-9787
-7279
3159
9032
1300
-193
6262
-3369
-8841
-9409
-2194
5951
-1116
1337
-4673
7000
-8268
3318
8278
-2850
-382
3773
670
6854
-4483
-6114
-5941
7556
-6902
9369
3811
626
4441
-3
3866
9716
4641
-2434
3438
-1623
5850
2049
-2531
-8881
-1414
952
-5707
5275
-5735
-1871
-8019
8243
-5305
8354
-9584
-7096
-9016
3325
7694
5385
804
-2298
8393
-323
7685
1720
6903
-8903
-5058
-1151
7682
-366
414
-9873
-3468
9014
-7288
8762
-1410
1232
-8707
6025
6206
-6762
-2375
4202
7938
-7944
5417
2174
-376
-3293
7950
4683
-9814
6414
6925
-822
-9660
1140
-2138
-6960
2225
-9476
-3571
-8108
-4593
-736
-9046
6927
-6670
-3636
7121
8585
-1359
9029
4247
-5482
8343
-8891
-5238
-3113
3262
6854
1458
-7419
-2790
-2580
-3533
-1313
6646
8416
-7902
9296
-2183
-3828
-9468
5330
6303
-9312
5803
-7083
-9218
5642
-2971
3266
-5546
2628
9597
-5920
3036
9383
-5579
-2388
7052
1827
-4421
6043
8477
8395
2967
-9137
-9349
-941
5543
9031
-3844
8775
-634
2181
-7427
6320
9404
1558
-1565
495
7975
2268
5172
-1459
9329
-2627
-6486
-1148
2024
-3181
-2086
-1188
-2013
6097
3541
8277
1612
-5728
1442
-989
4485
5174
7069
-677
-401
6016
-2393
-6244
-1374
3184
1533
-3894
-9441
-2056
-7611
-5903
-3117
-8126
5257
-4295
4486
-2923
9956
-5120
-2373
-1777
-7787
-4284
2394
3430
3
-1624
5208
-6631
5433
9911
-398
2091
846
2193
-7188
3752
234
-7584
-9417
2887
8274
3546
-2013
-1314
-2090
6317
7210
-8850
-9787
-4871
-4391
5444
-959
-1295
-1936
-3338
881
8907
7455
4894
9466
1648
-5513
-5056
2237
5939
-2151
6213
-4561
2277
-9561
-714
-1974
-3389
-2337
-1180
747
5173
-3466
1884
9313
884
-9871
6685
-5093
9837
6741
1249
3021
2224
53
-5592
4396
6374
-8038
-5660
-1339
7094
9612
3379
9997
9810
-443
-1953
4869
-9730
-6382
433
1877
-9015
427
-823
616
410
-5793
-1499
-7426
6174
4823
1135
2849
-8406
-7790
6610
9212
-9385
357
131
-9838
-3039
5738
9736
-2531
878
3271
6194
-6684
-4766
9672
-790
-6946
3624
6847
-5363
2767
-4375
4888
-4710
133
9621
-8369
1690
-588
9047
209
368
6878
4967
-6029
-6094
9860
4409
6846
7843
1808
-3846
3497
7676
-2831
5145
5038
781
1857
-8560
4991
671
4834
9277
2701
-2248
9864
-5325
7474
9263
-1647
8303
-3373
4878
-3514
7193
-613
-3300
8192
2549
2198
-8829
3112
-2524
3578
-8824
4308
-9308
-7252
4645
1421
5112
7162
-696
-2811
7671
5536
-4545
-56
-3182
2378
760
7442
-6382
-6095
3056
64
-8556
-2950
-9548
1682
2655
-2942
-438
7362
-1127
9632
4527
-8229
4742
-7153
7129
-3828
-7993
-6634
8480
6826
-6647
-9584
-2091
-6994
-1317
-6334
-8016
4790
-2051
6693
8434
-1801
-7439
-8754
5725
9042
-8624
-8365
-9307
-6751
-9001
-7938
1967
6323
7270
219
-2961
-8741
-8263
5662
1925
-5775
9519
8437
-2150
-4669
6823
-627
-4218
1462
316
1544
8062
-8518
-6036
4938
9295
3765
-3360
-1146
210
3077
2945
-5831
-4404
2819
496
-8863
-6726
-7095
6316
9232
-3737
-1923
-4320
-734
9549
9712
6329
5648
6719
2602
-1059
-6579
-2141
-2188
6313
4716
-6098
-8571
-7362
-1037
5397
7938
3665
4756
-983
-5188
-5176
-3888
-4126
3684
-2557
-1553
-6019
7339
-9339
562
7974
7945
9104
-2008
-670
-3553
-5188
9695
-254
-6432
4667
6159
3987
4605
-4201
8016
8708
2684
2751
-977
-791
-6773
693
-451
-7546
9982
8243
2063
-7685
5394
1218
8393
-5001
1690
-1023
-711
801
7090
9477
8727
3750
2760
3220
-4562
-1882
-5230
1522
470
5297
-2593
-7950
-9728
2495
4448
2685
6313
2229
-4061
-3382
-8283
9971
-3656
7931
832
-7319
-5346
6610
9613
-2653
2100
4506
2794
-7953
8874
-405
4652
-8990
8569
-9071
-7425
2336
-7154
-429
-6360
3892
-9917
5049
5467
-8297
1268
6480
4589
-3770
-1831
9039
5940
-5720
3894
-4871
8799
-4717
7502
-5294
-2035
-2280
-6869
-4956
-2274
-3893
-3377
597
1256
5902
1158
3039
-1271
9274
-2275
5656
7123
2721
-7190
-2605
-9805
-7405
-6719
-1153
-4405
-4613
747
4703
-9500
7625
-3433
-1776
-457
6742
5372
-6518
-4900
1038
7190
-5390
7427
3708
2348
-4523
6702
-4994
2282
-3236
5776
620
5891
3445
-9029
-4333
7932
-443
-6350
7511
-3825
166
2629
-4152
-6526
-7931
-2671
908
-6393
-6317
-704
-6332
254
-6021
5790
1321
2066
-3271
6071
7929
8422
-7499
724
-9557
-393
6767
-5000
-1698
-6990
6100
2191
-4150
-2935
-5643
4889
9665
948
-281
-4424
-6289
9589
3718
6143
3805
-14
5037
-9928
1851
-8725
-4841
3336
4060
9840
-2566
6321
648
4287
-5795
451
5326
-4908
9155
3603
-2150
-6498
-6136
-4760
-1716
-6348
-5375
3182
-11
-9380
-8836
5524
-431
-4264
-984
-264
9116
-3119
6806
7948
92
-1703
-3970
-1523
237
6250
4743
-1360
-2517
-9640
340
251
3935
1081
7593
-3414
7579
7892
-6278
-6552
-2240
-5266
1528
1537
-2499
3287
-9489
183
-5019
7168
710
808
7235
672
489
-7012
5349
5645
6386
-3796
-5066
-69
7692
-2415
6473
-981
183
-7057
7984
6307
-9378
-1880
-1421
-8197
5962
6759
7264
-8977
9984
-8615
-6996
8573
-574
-4229
118
-927
8849
-6790
5291
-3959
7977
-1867
4230
-6100
-921
-5046
-5806
-6912
-3447
5109
-1244
1703
9067
7249
8179
-1192
7627
19
-5230
-3775
1275
1792
-7331
-2348
-8484
-6917
3260
-6859
-2930
-1332
8861
8496
147
-6095
-4171
285
-3498
2566
7881
-2783
7565
-9090
3682
946
-5260
360
6483
-7284
-7009
4462
-2707
5569
-9038
1352
8651
-6755
-1236
6879
1812
5130
-1074
5954
8830
3084
-6850
-3704
-4311
-5786
-1302
-7661
-8743
-2968
7063
-6289
3850
7844
-1813
3888
-2672
1507
581
-4106
-3958
8723
14
-7174
-2554
2003
-6661
854
-1777
-374
-2835
5201
5186
1497
-4455
1347
-5925
-6494
8538
-3371
-2829
2872
4698
-3391
7137
-342
309
8414
9534
-8047
5446
-9946
-2341
-6064
-1390
3558
2631
-3455
31
-1076
-7985
-1071
3252
2252
4494
-4245
-1454
-784
9408
673
5779
6739
7485
-3180
6124
7592
-8566
5303
-7293
9802
2222
4193
-2815
-1383
4480
9411
5294
-6954
-223
-9295
4915
-7975
-2448
-4453
-6728
3234
2773
2825
-9186
3694
169
-5015
2833
-978
-8629
-9789
-2764
9887
7644
-4830
-9950
5334
-6984
-5490
9422
-7496
-2323
7201
-3706
5320
3724
6801
2539
-1473
-8733
-6893
1734
2867
-9732
-9205
-256
361
959
8900
500
6826
-1872
-2956
144
6645
3557
-5485
6157
5041
4776
-1525
6113
2998
2666
-4537
-5017
-366
1886
-6349
-1141
-4703
2594
3487
-8617
1316
5088
7735
-1452
-7231
42
-9337
-8677
4857
-1746
-4495
-6372
8671
-5845
4795
5782
9608
4346
-8130
286
7834
-2027
-2682
-5563
4560
-6196
-1371
-7774
-9781
7215
-3732
-4796
-5607
-438
2456
3646
6759
-1425
7873
-2657
8122
-8987
-7774
837
2613
3843
2674
-9352
-3105
9471
5341
1408
7627
-4784
6273
9574
-2868
-2200
2376
-6698
-8911
-3388
-9315
-9451
8058
-6082
9759
1393
-6800
7956
572
-9384
-6226
-8447
625
-292
26
-603
4438
-9094
-4004
-8664
-4690
6667
-4188
7967
2769
-5139
-3831
854
5357
157
-6618
-1053
-9713
-4652
2184
-6079
-8532
8729
5313
-2342
572
-8041
544
85
2526
7459
5025
-4774
-1166
-4744
-9436
8030
9731
-8496
7515
5439
3975
-8097
-5655
-7007
-7990
-8782
-5685
5872
5506
8995
1271
1318
-9472
1187
-4770
7048
-8558
8256
-4195
470
-3368
1495
3653
6076
4558
-7864
-1474
8145
-4391
7438
6704
-5767
-4985
5792
2014
-2098
3635
-3150
-5611
8537
-9739
-2555
-6106
9731
-9924
-7288
2223
-4379
-5834
4620
-8441
5450
4945
3428
1370
2006
-8488
-9963
7660
5663
-6412
-1030
8866
2923
9622
-4436
-8274
-2366
5041
1777
-3816
247
2495
121
-375
31
4366
-6691
-8744
-7904
-6875
8348
-5032
-8211
7361
4917
-6995
-862
-8343
7879
5930
1289
7996
8659
2455
-6870
574
-2403
-6057
6071
-1644
-5434
-6749
6593
-7035
9826
-5140
-5859
-2296
2687
2962
-1636
-6200
5081
-6047
9001
-5700
8812
6728
-5186
9292
-9396
-3860
-4780
-6851
4183
8870
-6555
9157
-8669
9286
-3177
-8489
-9510
2619
3179
-6761
-8006
9621
8064
5577
-6040
4810
-1134
-1436
5078
2409
-9044
2615
-8286
-3491
-344
-2241
-1653
-7430
-2089
-663
-3461
7364
8518
-5066
7302
-3806
-6198
-6345
-5705
2546
-4599
1605
-7945
2658
6376
9437
8538
8639
7137
-6024
-4031
2976
8045
-655
-5973
9553
6432
-366
-4955
4982
-2517
2992
352
-3038
3562
-5770
3136
-3318
7780
6949
-7224
1352
-1382
179
-6984
7587
-741
9013
-1277
-4513
7293
6521
9274
6254
-8531
5273
-1028
-7910
-8129
1072
-2119
1130
5669
4977
1523
-7941
-7175
-8179
-7978
-6842
4935
-2495
3204
4133
-7367
7005
-4381
8161
-9040
1642
2655
-6357
5996
-2847
4399
6056
-3784
-457
-7928
1156
3640
9902
1449
6886
-2788
-8952
1820
4374
-2144
-5475
-3841
-8547
3484
-2549
-5812
-3548
-7981
-1372
6194
4888
8028
9861
2115
-27
-923
-6172
-8325
8454
-2566
-2851
2826
-3949
-1432
-9181
1694
2242
-772
9836
4206
8595
837
-5119
438
-4788
-2276
1962
9083
5733
6396
-5514
-6888
7039
-4705
-9394
783
-397
-4663
-6567
-257
-173
-5260
8303
-8454
-2525
-9212
-6828
4959
1299
8799
7191
-6149
-1314
1526
-2462
-1387
6652
-5269
-4408
-3268
-43
-3727
-8023
6151
-5564
-6597
5070
-4027
-3967
1023
9368
5390
-1203
-2538
-6435
5460
2776
-3705
-2197
5783
7417
-4702
-3304
-8629
-1768
-2887
3843
-5959
2137
-3915
9059
6254
5528
-1070
7026
2830
795
6894
-8193
4509
7411
-2471
7772
-5554
7062
7608
6997
9696
-6312
-7042
-998
-3938
-2239
8098
-2194
-4166
6197
-8571
-4304
-7240
-2274
5577
-3701
9532
-6423
-8584
-2352
-7851
5007
3913
-5548
2060
40
-3950
-2255
2836
4859
-3561
-8056
-1090
-6439
-3628
-5517
-1095
-9732
-8200
1948
768
9918
-846
4802
-899
-8422
-4419
-2520
-8153
-657
-8832
-7754
-8732
6467
4178
-9063
-8653
-8069
-3000
-7796
82
3632
4881
-2682
3779
8255
6733
3839
-8980
-7330
5332
-8301
8973
6357
-1799
7658
-3951
4972
-3590
5198
4619
4616
2781
-8569
2487
9739
4744
-9082
7278
-4122
6668
3668
-1528
-6003
5662
-2497
-2526
9470
2340
9944
-1647
4267
-9767
4792
8477
-6654
3755
-5863
-6200
1504
-4945
7478
6607
56
-1126
-4183
5255
-782
-381
-8535
-733
9505
2500
-7417
5041
-711
-2958
-82
2565
-5101
-3045
-1496
8835
8978
-8895
-6903
8734
-646
-6194
-4343
731
-6218
3889
-5510
8726
-4149
-2758
-4765
-8397
682
-5585
4229
-3663
4308
-4210
-109
-6820
-781
5779
1895
2108
-2336
2320
-6962
6329
-9390
2168
3124
-4444
493
9807
-852
3822
2415
-5007
288
2411
3959
-4139
-2827
6896
3400
-9932
3419
2783
613
3270
4506
7564
-4701
-4439
4554
8800
-6413
-3853
6608
7680
5630
-1571
7893
4823
7166
9257
-4047
8461
-589
-8250
5646
-9355
-7796
-2656
9558
1312
8806
3227
-8352
-5128
5381
-8481
2049
-6212
-4530
235
3443
7753
9870
-2557
4452
-1523
-6709
-1563
2739
8627
-4135
5630
1929
3600
4701
7059
3256
-8821
559
56
-9124
-1195
-1909
-8776
3226
2271
-370
7417
-318
6483
-2885
3992
-6843
6226
-3531
7338
-962
-5569
-3317
5008
-7995
-3800
-7856
7434
-3279
7140
-4251
5620
9295
1826
8677
3739
6212
-335
6806
7491
969
2661
5456
7911
-8
-9583
-349
1302
-7630
3927
-5682
-9848
-4260
9358
-5989
1419
3511
-9403
536
-687
8637
-4581
147
-9805
-9387
6335
-6720
-1842
-7552
5187
5669
4810
5114
-4762
-3875
9730
1768
3496
-7765
2320
-9729
5469
-9474
7476
6447
7902
1139
25
-9390
-9946
-6471
957
2329
9535
-7699
-4473
-8300
-8182
7189
-4538
-2299
8739
8227
-6156
-5682
3338
6173
-5975
-5961
3800
6593
-1517
7299
395
-7064
1256
-334
-1523
2436
-9534
-7496
-2352
-1831
8424
8184
-6961
-1393
-8792
8003
7300
8073
-807
-1702
-8744
757
757
-2514
-6841
3023
6024
-1690
-9245
1294
-927
3324
-6983
9665
-7878
-4530
4303
1320
-8184
-1910
-8069
-6516
-1255
6519
-3676
3915
187
-551
-4216
3561
-8498
-3082
-381
-9247
-4121
8775
7587
5111
-7165
-4727
3692
6499
-3076
8294
3028
-715
8637
2728
-6026
9634
7352
-3473
6571
1023
-8988
-9519
2281
-4725
-3202
1526
2819
6881
3821
-1995
-4655
-5378
-8180
-134
-3799
-7575
9545
4340
-3453
-4948
3835
-7613
4171
-3434
4412
-9094
946
4595
400
-1273
-2211
8848
-5495
-2522
-3367
-4878
4142
-3225
-4779
427
-8440
1869
-1861
-8284
6430
5541
-1271
-2586
4760
7320
1056
976
-3421
-7443
230
-8584
7958
9988
6280
-4993
-3455
9928
-3641
6904
-5939
-4539
-6690
-3760
5726
646
-3816
3169
1680
-6630
2576
-9629
-6879
-2743
-7278
-9670
1274
9163
-3205
-391
8903
7123
4114
-6195
8239
3810
2181
-5321
-7158
-1114
-6177
2721
6152
-4657
4008
744
-1873
-7853
5192
3869
3657
7625
-7202
1586
2749
-9575
-6497
7872
-643
-9659
-9484
2162
-7332
-963
-6210
6981
2274
-7794
-1783
-1362
7689
1986
7683
916
-9657
9875
2915
-5563
7756
-5357
3874
-8502
8852
5889
-3096
-7300
8907
-7164
7673
3179
6283
4097
7482
6978
9509
-8067
-4216
-1930
2157
-5655
-1964
-2637
-6503
-2537
2621
8167
4116
8928
2074
-753
-608
2586
-4789
-6132
-5123
-9308
-3609
-2953
1397
8862
-4804
749
4988
8140
-4120
2102
-5818
-2764
-7168
2900
5320
4578
-799
7640
2168
123
-7681
-1551
-9055
7193
-9981
9392
-5513
-3542
8999
-1238
6135
6809
5099
-8091
-4269
6739
-7111
1653
7260
7505
-4226
-3314
4765
5351
3811
6899
3241
1590
-2153
4864
-3896
-2798
5107
-4548
-6920
-9898
3817
6505
-3555
302
3265
894
1859
7680
4506
-5266
-1641
5239
-6174
8062
-5487
-9734
-6442
9702
3858
-2339
-1452
-1154
5751
-9514
4785
-3318
6130
740
-6826
8540
5186
-2161
-2256
6119
3900
2354
327
-1347
1222
2954
-4383
8127
9110
-2274
6774
1582
-1221
-7374
-9596
4602
-7432
-3241
-8247
3982
-408
9470
5453
1743
-8307
-3127
227
842
-1442
-272
-6719
5346
3333
2705
-8051
8835
-1053
-4065
-8276
1795
-9955
-538
-7772
1362
-9622
8323
-7343
1313
2281
1585
3454
3957
-5119
-9030
-8880
1521
-8238
477
-9405
8806
8936
7312
-2916
789
3027
2225
-8717
4470
-182
8046
1349
6861
6632
-5824
3151
8728
9428
-286
-5424
58
5026
2665
-655
-1652
2011
3910
5141
1486
-7940
9312
4189
6448
-9091
-339
-3282
1733
-7254
304
6142
-283
-4179
6310
5789
4795
3902
1675
9673
-133
-9430
-7786
9075
2124
2610
6312
599
-6801
-4289
-8129
-3110
9221
-9578
-6778
5581
2876
4198
3463
-3663
3594
3285
1632
8558
5309
3753
-8976
-7123
-9925
3469
2612
-2737
6417
-8053
6431
2115
4184
-6150
9910
-5391
3102
1047
-4109
6694
-7701
-345
-5343
8257
-4674
7067
-5474
9804
3987
-7106
970
-6437
2783
-3759
-6991
6358
-5595
1709
-4090
-9728
2444
-2954
-1437
7094
8887
-9277
-5463
6232
-4552
-8290
836
-91
3364
6558
690
5536
-697
4614
4593
-19
110
-7288
-1590
9611
-8248
6996
-2139
-4649
-1749
2151
-4798
-6944
-6441
9005
5671
-2439
-2000
9541
4404
9100
5110
1479
2590
-1336
9702
2216
2381
-4677
-2309
4319
-7989
3245
-5677
6410
-4207
407
1505
1226
-5148
8324
-6645
-3022
-5726
2938
-9628
-6358
2011
856
-6770
-6884
-7430
3001
-5418
-8471
8027
8624
3345
5634
-3067
-1689
6725
2883
-3495
-9549
-8657
1910
7782
728
6430
-5419
3833
-20
2926
-5428
-4236
-1322
4195
1665
-9638
7216
-9153
922
-3019
-4940
-191
8288
4498
-1286
5841
-2551
7601
-6861
-5816
4466
8375
-4736
-6758
-9089
1254
9418
9636
-7545
1144
3944
493
-4680
-3721
-7455
7368
3650
-6311
6747
-6287
4056
-3627
5278
8708
-3841
2867
8062
1559
-7303
-1298
-6679
-4179
3968
-2179
-7011
43
8901
779
-9503
5968
-7849
-3130
-9500
-3786
-9636
-9145
-4307
7779
-436
9395
-8500
-1501
-3410
4393
8540
720
1177
6294
-2292
-9468
113
8763
-1248
7616
686
1488
-5067
-4251
1603
-7590
-7369
-7415
-8318
-3359
-1240
5
-8920
5833
-5531
-8973
-3691
-2963
-502
-4026
-8997
-8313
2011
5531
3076
-3980
7595
-3803
-4834
3254
670
7239
1474
-296
-5121
-2962
-6270
-5569
8530
6704
611
-3736
-3877
-4805
4091
9607
9502
2443
9917
5144
998
5779
-2796
895
-6977
5672
-9504
-3045
-8519
7002
-1595
3281
-8637
6649
-9790
5547
-6169
2551
-4307
1029
2499
-2053
4911
-1116
-377
4944
9968
3816
-4176
2371
-7021
-5026
-3626
7954
-5517
-4235
-449
-8801
-2680
-5257
-5651
-6519
-2863
959
7963
-9405
4490
7652
8572
2111
7302
-6970
-2845
3743
-5204
2042
-3369
7872
-7744
-2493
-6866
6565
5360
-4891
6794
-812
-21
6121
-7111
8558
3290
-7366
6651
-2968
-8292
1328
-975
3978
-7908
9592
7632
20
-6473
6548
241
-5218
-1437
-7204
-2611
7579
6230
6891
3984
-8344
-6329
-8166
-367
3710
842
-8916
8529
-756
811
2500
6654
-195
-3772
-7242
4062
-8907
-7766
-3876
6484
-3364
-2220
7455
-6753
-9140
5527
8083
-1572
7243
-8916
559
6587
-5824
9022
6801
-4668
8068
8824
-2301
-5425
4911
-4244
-9984
4933
-9180
-2949
-8071
-2893
8521
9332
-9330
8381
2762
-8165
1478
-8868
9831
-5068
6545
-7549
5112
9911
-9079
-6088
-6365
2584
3725
-3562
890
-2161
-1218
5533
-2203
-3446
-6038
2646
1947
-6059
3288
8716
-7685
6165
-6072
-5348
6430
1802
8041
-115
-7529
-7189
5334
9070
1342
7440
-518
9335
-1772
-3878
-9219
-1141
6688
-6246
3347
7511
-7224
1442
2851
144
-3976
-371
-6307
5081
3725
-1477
969
-6042
-1386
3542
-356
9649
-9612
-9511
4513
-7435
5459
-2268
-7101
5790
-1343
4298
-2266
7486
2977
-4822
-5539
6830
-5754
-661
-4961
2278
687
5281
8369
8714
2457
-8085
1124
8916
-5763
3147
-7973
-3923
-614
-4179
517
8731
-9910
5985
-2676
3620
-6661
2896
6825
4127
8785
1048
-765
-9258
-5200
7709
-6032
4647
-5088
1787
7868
-1256
3348
2529
-1874
4179
6975
8475
6913
-5298
8317
-5453
-7157
-9853
9636
-9755
-4970
34
7010
-3964
6606
-7061
-4331
3404
7383
7334
5254
7485
-9039
-7767
2451
7625
-95
1694
7100
5271
-5283
-5576
-9120
3152
-8014
5924
-224
9981
-9628
-2921
-2209
-9879
-4330
9073
-9063
-5408
9364
3901
4890
4084
5763
4089
9289
-4360
-1763
9443
9966
-4854
3695
-74
7516
-8444
-6923
2241
-6991
-33
-3403
4417
5374
-7028
-20
-7267
-3802
8139
-8350
-6038
2110
-2067
9767
-1636
8383
-8834
-3990
-5112
-1050
-4306
6356
-6177
3847
-4904
-9282
-8275
3057
-6830
-6306
-9519
-5348
3622
8211
-9248
1089
-8027
-217
-432
-6670
-5245
-6755
-453
7596
3764
6156
2350
-1782
4818
-9004
-1917
-6587
5726
9925
-7938
-1665
-1658
2036
6685
-6689
6953
-2236
5543
4299
1673
8541
-7873
-51
9358
-8536
-3569
2778
6421
9270
-7957
9820
-322
7895
-7489
4668
7505
6409
-2156
790
-196
8780
-1234
-8562
-4388
1975
9772
-9826
-6612
-8872
-473
8456
6140
9930
2784
7549
8473
-8367
6793
5363
3310
1341
-4102
-7937
5080
5963
-594
303
-8487
9646
9147
-4924
-7883
1508
1873
-8441
4664
9992
-8230
-6344
9696
6420
4272
-2333
7754
4471
-7934
-240
25
4829
4205
-8428
-9551
1561
4561
8801
952
-9342
4214
7329
6795
8628
1789
-3215
-4006
6134
-3847
6836
-1596
-7727
1306
-1626
230
-5688
1158
-896
-9271
7309
-7605
80
-1988
3524
-7344
-9575
6378
-1723
-2065
2956
-541
1778
-3011
2422
672
9193
1162
-47
-1360
-364
5094
-2628
1783
6024
-5079
-8676
526
-6051
7684
286
4721
-7332
-4736
9562
8181
-3824
-4285
9676
9734
4560
-907
-3186
2379
6865
-9453
-3670
5448
-9908
3830
6675
7566
2895
-5498
6673
-5962
543
-1486
6684
-4870
874
5919
-9904
5437
8974
-7235
-1386
-1613
-7541
9451
4517
-7640
5186
-7051
-2188
-2215
-7543
7083
7132
-6474
-8991
9188
5186
-8617
5422
3869
-5637
-1303
-886
2722
-7786
3841
-8584
-9906
9142
-4282
5924
-6694
-754
5228
8161
-2698
-6858
9602
-2107
8085
-3184
-8043
-178
-3014
-7336
6775
-6892
-7510
-1704
-5062
-2575
-8969
7235
8269
9101
4374
8275
-955
3413
9961
-1485
6670
6250
8331
3344
7506
-2115
8653
-9146
-2478
5225
9337
-3914
4087
824
8587
-6514
-9426
-3368
4385
7533
7485
-9109
-7704
6795
-4964
-5517
5063
6818
-7417
-2858
4755
-8844
-1834
-2394
-6917
-1480
-1256
6514
-2104
2059
9560
-1075
-5800
7874
-7141
2657
5192
1245
6934
2700
4659
-6155
-8787
-4454
-4557
7088
9191
-6447
-8640
8100
3174
-5111
9748
2085
-3867
488
2747
8290
-4434
8663
905
554
-1691
-1968
-2399
9039
-5501
-5247
6605
1980
3477
237
-7813
772
3903
-581
7929
3768
-8555
-5543
-8646
-8975
9789
4577
-7091
1556
1232
6945
6527
-4271
6544
-8947
8234
6979
8096
9503
-3905
1124
-6749
-1424
-4035
7970
608
-4335
6667
7560
-2634
-5061
-8608
642
4263
-7781
-2598
-9932
-9108
-9728
427
5889
5526
-7009
-9479
-4167
5353
-8252
-2980
-9510
863
9141
-137
9783
-1637
-2728
-8456
9191
-1073
8866
808
-6184
-1309
1131
2609
-1618
-7410
-1199
-8396
-8514
6066
-4245
-690
-7676
7689
-5274
3131
6786
1130
7802
7933
6172
-9240
-4659
-4672
-4423
-7578
8167
6376
1634
2017
-296
7501
-8920
5089
-6564
-1737
2191
-163
8250
-9413
-467
2296
6756
-3657
-2520
1097
-1730
3252
-2379
-3765
343
-5586
-8255
-1422
9803
8539
6464
2456
-8474
-903
980
4120
7874
-5957
-8326
5260
9140
-8603
9254
5198
138
1675
-4370
-2795
-102
5681
4773
5550
-655
-2937
1053
2774
9405
7863
-7118
-5318
7119
1138
-5049
-994
-1058
-7005
7900
-8771
-3459
5917
9944
-9672
-1684
-6712
-8078
-7692
-2053
-1112
-4409
-1055
-6516
4813
-310
-1616
9756
-1763
-7788
3969
5937
-1835
2590
7740
4232
-961
-7680
-6682
9105
2112
3593
5757
3428
6092
5404
-5208
631
-7629
6848
7486
9474
-8350
-8335
3092
6260
1519
-1629
3342
2010
-3660
6994
-7935
-10000
5385
-4704
4239
7953
-7657
-6228
211
-409
9559
9430
-7935
-3181
3752
3330
-1462
7179
2255
9428
-5606
7062
-5802
-1446
3692
5399
8363
1953
9348
3131
-3786
3267
-6766
7161
-6513
-2609
876
-1721
2680
-9800
-4634
-7235
-6909
7251
-5654
6697
4219
536
-1670
-6052
7669
9255
9301
-5253
7897
-673
3140
-9526
-3960
2758
4745
4637
-2123
-7782
4517
-8840
-8729
-4539
-8034
9299
3147
-9759
3805
8458
-2839
-7782
7807
-8922
-4681
-4744
850
-1671
-365
9310
-6830
-3775
-9385
-3970
-2662
-5970
375
3540
114
-6563
5273
2484
2493
-7270
3933
5863
1793
-6578
1790
-6234
-7970
-5192
5489
-9135
-9891
-7151
-3615
-7659
-8903
4020
-3550
-7266
7428
7007
-7380
-1215
4492
652
-3411
-5555
-4561
-2677
-522
-2261
-1032
-7712
-1684
-3898
5291
-8533
5003
7578
8353
9036
-3799
4229
2210
-2625
6318
1914
2904
4775
8296
-9001
4957
8681
5518
-1993
2959
1805
-4720
-7430
9897
-7359
-4558
7418
2259
-574
2155
761
-8948
-7980
5857
3165
5294
2559
-5907
-381
-2993
1977
-8205
7808
-2680
3957
6893
2243
-8014
-366
2653
-502
-1027
-1051
-8554
-6383
3274
8682
-638
-6102
231
6463
7614
-657
-2532
-1513
-7649
-4053
-4124
1264
559
9445
6930
5880
1218
6952
577
-9320
5981
-7153
577
6613
9405
-9921
8055
4178
2620
3420
-9109
2249
-3324
1871
7497
-1127
-8968
-5212
-6195
-315
-7834
6217
-8650
5937
7015
-5889
7129
1092
-3961
-3449
7319
-1499
3834
5355
2857
9122
-4063
3789
5058
-9430
-131
7368
-727
-7327
-5922
757
-8383
2039
-8251
6926
6829
7195
-4626
6218
-2998
-4327
-8967
3015
6692
8315
-7943
-726
8873
4063
-7326
-7538
-2680
4421
-3673
-7483
621
-580
-484
-9720
4968
7918
-1890
-2391
-265
-7346
7274
8440
3802
-5370
-1553
826
-8167
-8484
3074
-6291
-1616
6191
-2011
6924
-1746
698
-7171
7603
-7954
3014
-2442
2189
-8526
9482
-9800
1076
-7024
4609
5384
8462
680
-7752
-5321
-8178
8655
-4692
8821
-5337
-4340
960
-1516
-1587
-9840
8327
5928
4979
-3513
6925
-3206
3322
-1280
247
-4946
-7547
2226
782
-6852
5414
-3589
2509
6766
9330
5394
7167
7677
-2026
-5929
9630
-9625
4927
-1757
-7199
-3847
-2475
-5485
-3684
-6089
6429
-382
1819
1232
-7969
-4977
-3499
1443
6612
4443
860
8411
1734
6677
-2108
-5731
2119
-6183
8486
-1731
-5986
8664
-1716
-7012
527
8513
-9636
-3036
1713
-6410
332
7538
-6802
-6859
6733
7410
5881
5251
-6101
-2421
-1275
8628
4373
-4687
-7762
5070
9372
-4827
6816
2826
7343
-7681
-6213
-9204
3410
2930
-4635
-1430
-7236
-3060
1727
-8281
2767
3721
-8475
2218
3129
-2658
6408
-8827
7677
3554
-1060
-7952
6891
-2313
1810
-4259
111
428
-9716
-3304
-1121
5564
-6702
-112
-2091
113
6152
5796
5912
-6124
2019
5808
6837
4532
-7889
1383
-2470
9589
-8869
-9759
-2589
-6359
-512
-6021
6654
5591
5551
5566
3744
2791
-406
7214
2697
5352
-7884
-1374
-8065
7477
6261
473
9810
-4384
-1541
-4374
9930
-8613
302
-8964
-812
5384
2715
-5234
-9878
5224
-9916
3299
-3134
-9905
2792
-2518
-7671
7771
4466
5759
-5174
5939
-235
-1406
4569
2329
-9210
-2368
3753
3809
2619
-7557
9635
5914
400
-1317
3446
270
-338
5344
-5978
-1424
-1496
2925
-6904
-5817
-5042
-7119
8360
9907
-7234
-4902
318
9230
4516
-588
-3649
2593
1675
4212
3771
-1174
-9494
5757
5793
6326
-6228
-6839
1000
-6053
6363
-4924
-2962
-9970
1878
-9872
1247
-4042
-9722
4049
-9352
7480
-9947
-8836
-7573
-7526
3726
1870
-9445
1507
-3437
-7686
-8852
8238
-5731
2015
5225
-6058
-5398
-6626
-3195
738
8921
5878
3870
3396
-4272
-1122
9790
650
2240
-1768
-6455
1487
-5299
-6133
-3584
4395
9974
-5764
6867
5958
2949
9466
-5336
7836
-6279
4645
8652
7315
7488
-695
2330
3432
2990
7029
5493
3581
3359
8943
-6423
3178
4937
-5649
2623
-9945
-8951
-1814
-2935
7788
-329
7877
-3940
3132
123
-7952
7914
-2854
-2096
3106
852
-2123
2860
-4927
-4344
81
8028
-7509
-4487
-5553
6422
-490
6037
7358
6013
9410
1283
-8115
1226
-7973
-5606
-9596
-7005
2502
7330
-6838
-2739
5080
618
3428
6157
8552
-7832
-4528
-3043
-8093
1859
8583
-902
2758
1043
4569
-9544
7386
7763
-495
-4773
7862
-4482
650
6564
6618
-2830
-266
6038
-1906
2666
-176
-7493
-8146
6487
-383
4797
3967
2161
5820
-6758
5757
-706
-1265
261
-9970
-6867
-3681
7337
-2688
-2784
-9712
-351
9929
2603
-5903
-6664
-3509
-8184
3077
288
-8661
-543
8245
-2580
-6982
6964
-7783
-834
8258
2656
6939
-1433
-4336
6003
-7413
83
8998
-3436
4720
-5250
-8694
-4437
9613
-1126
-8613
5282
9375
3962
6736
-8108
9350
7420
-6846
-8005
-125
3538
8664
-4402
4974
-2249
-1575
4553
-3795
6608
-8684
-6069
-9199
5020
2545
8994
2753
7444
-4384
170
-6476
3031
667
-3282
-766
-7611
-6007
2191
8652
6627
-636
4476
-3983
8625
-6683
-2506
-1748
202
2384
7808
-670
3967
-5995
2608
5121
-1650
-2789
-9023
-9720
-5468
-1845
1393
8204
2601
-5437
-338
-9890
-5039
-4909
4402
6679
-3046
3777
-5212
3810
5976
-389
-9446
1017
-8068
-1717
-2575
3745
-5750
7137
-7749
6355
-3892
-3936
-8409
335
-7408
7199
-5000
9419
-7496
6115
-7773
8116
-8133
1042
2011
1144
-689
1333
7100
5710
-2944
-3412
-6204
931
3315
-502
-4739
-5898
3219
-4212
1500
-72
5677
-5493
-1294
-8574
8548
1776
-9129
1607
1993
4493
159
-9631
-9743
7947
1705
7418
3757
-6131
-3736
3120
3856
6083
-9034
2056
-8986
-6983
-6586
-3675
2927
7162
282
7660
-4032
-6688
6148
-3641
9766
-349
-5787
-1092
-1817
7852
8568
-8397
-8612
7468
-8385
-6750
7538
6975
375
6919
-4389
7003
-3050
8177
-8464
7379
-3960
1295
-4739
7574
8329
-5051
-3154
388
2448
-7713
6318
-6028
-7864
-6010
9616
-9672
-1982
5809
-9692
7465
758
8874
-2059
-5511
-2918
923
4957
5505
7328
3839
1280
6830
-7067
-2302
3595
-8878
9101
8205
9480
-4145
8724
7006
5855
-5811
-2612
447
-956
2419
-231
-5511
-9077
-3898
5867
7981
-5098
2142
-1350
6941
438
-7726
2005
-8280
-478
7172
2776
1143
9299
-1553
-159
-5202
-7141
-9845
870
6087
-9556
5520
9560
-4105
-5048
-4223
661
104
1845
2128
-5456
-3208
-4353
-2498
6452
1895
3545
3072
8903
4321
-5981
-2015
6259
-5232
-6990
-6516
-3284
4792
-5146
-2475
-7879
6079
338
4773
-3846
-5166
-1466
6936
9662
4578
-6766
9191
9448
-3397
-8945
9978
8405
9558
-352
4776
2263
6405
6222
4367
4468
-3414
6003
-4287
-9508
981
9042
6416
-511
-2583
-9897
5928
-2766
-582
5816
-7308
-8218
-2649
8361
-6004
5789
1092
-1858
6038
687
-7656
-5528
-9481
6618
-7193
413
-2595
-228
-5466
-1541
-583
-2136
-1464
2753
-7360
-4496
4106
2712
-683
9105
8316
-2667
9421
4454
-6032
-6537
680
-7085
-5139
-1524
-2340
-455
3202
9786
-9304
3949
-549
7282
5754
-6495
-924
-8252
-737
6764
-7435
-9693
-2293
7880
-4836
4615
-1459
2100
-8345
3409
-4212
5592
-5516
-373
8535
-5611
-4700
-7781
9906
752
-17
-6203
-7161
-3779
1521
-3501
-4654
4507
9415
2372
3470
906
-3225
8632
9886
-4782
-703
-4748
-3547
-3532
-3248
-2889
6614
-8361
6704
-9463
-4690
-866
3694
-4111
-6510
-8544
-1353
1751
-8979
3603
-5799
-8113
-5519
2499
-7170
5369
916
2591
4769
836
3742
-4838
7334
-5459
2137
7850
-508
-1555
-7793
5738
-5426
-142
7267
6482
8644
-4015
-8531
1264
-7649
7555
6446
3822
6140
7954
-5564
3998
4410
3838
-5691
7811
5436
7136
-4889
-6896
6269
-2735
5427
-7742
1740
1809
6706
3969
-3231
227
-630
3291
996
1360
-4164
-7358
-5259
-1945
-5050
-5573
-8880
-9375
-2014
137
-2914
1562
-2425
-1906
4461
5987
-5535
3642
592
-808
5105
-9918
1674
5785
-3909
6610
7525
-2397
7402
-4660
7530
-4793
-5120
-6331
9112
-2342
6151
-7721
-4397
-6377
3690
-2899
7871
-6543
-1162
-136
-6339
-682
168
-865
-866
4990
-5686
932
-581
5370
-3545
-4082
-930
-9805
-914
-4501
-7588
2388
-8468
-6024
-105
-6421
4734
-5197
-760
4317
4270
-4492
1572
-6668
-2006
1166
-3280
-4483
-454
2224
-8293
999
-1473
-8407
-9977
-1632
-3129
-1351
-8686
1858
-8806
-4176
-9916
9063
9596
-5821
-7398
4825
-740
5680
4279
5622
-4370
-5549
-9780
6354
4197
2266
2560
-5186
-8108
-647
-7150
-5027
-7548
-7526
-7172
-2836
3796
2788
-7539
3106
1660
714
-6422
2853
4714
3724
5093
-7085
-8958
-6139
5325
-6526
4775
7937
-7741
1969
-9282
8161
-825
7461
1671
4729
-9698
-6499
1244
3850
-8237
-9884
-5528
2841
3262
5371
2845
633
6203
-2513
-7311
-813
-5223
-9105
-3145
6704
5313
1954
126
-7313
1550
5959
-2589
-7418
-2723
-8764
856
1798
-166
7452
3920
9097
4435
8557
3068
-8000
3121
-5915
-2180
-475
1063
-8812
-9072
5397
-4613
-6903
3597
5167
-9599
-3367
-346
8251
3400
-3058
-9549
5571
-7921
-9872
8429
-2589
7834
-5622
1564
-8452
8335
607
4130
1846
-2816
6883
8536
826
-5401
-4784
5189
-5780
-4863
1811
7158
3094
-8873
2585
3068
-1727
7228
3365
9656
-3387
3211
6477
-3951
8807
297
-5455
7251
8969
-1156
9501
-4667
8283
6088
-2683
-686
3771
4003
9617
-650
-708
-4594
-6787
498
-6246
-2279
-2926
9580
-9487
9461
-8763
-6821
-4191
2527
-9995
1885
-158
7307
-1280
-5386
-1237
-409
-8171
-8270
-7234
8589
7287
-1623
2141
-7923
7767
-96
-8901
-712
-737
4335
-5727
6360
4319
4620
-509
6883
-936
-7503
8615
1362
734
-5707
8633
-6332
-1355
-7637
-4869
4263
-6710
5172
-2617
-1189
7741
336
6553
-9318
-4342
-3083
1220
-6083
1059
1783
-1164
6467
4600
4425
7952
-512
8383
2836
7003
-3088
-4552
957
5076
6221
5916
-3119
1831
5094
-857
-9338
1294
1480
-5492
-8793
5445
-5931
-493
-2112
9476
-7512
2821
8368
-9374
-9466
6672
4243
-6861
3078
-7029
-2798
62
3715
517
-1983
-8977
10
-9411
5211
9736
-8294
7683
-1199
7012
6757
-5555
4757
-9743
-990
4681
5548
-2286
6594
-746
-8237
1557
4402
-5165
-7629
-2277
8433
-7752
8650
9636
-7384
3751
7151
1867
2151
-7620
3861
-6628
-5706
-4905
3785
-2363
7754
-8068
3451
-5511
-5958
4343
-3166
-4899
3607
6999
8544
6869
-4893
4713
9988
-2061
9119
-5333
6611
-1684
-6222
-5398
8567
4844
-7739
2773
8086
-3019
3260
2353
1285
6369
-1042
-32
-2640
1402
661
5138
-2189
4497
-1171
-7554
-108
701
347
-2094
-1853
-5199
1100
-3763
161
4395
-884
-1886
-6500
-3468
4661
8505
8992
4324
-7245
8632
9176
-2628
-9969
3907
-8650
1258
-3299
9621
-6176
-4685
-755
4337
1318
-6149
-202
5481
9032
4022
971
3379
4484
5659
2757
-9922
-6090
8318
3236
4528
220
5646
4332
-5936
7403
-4822
6528
-9091
-8943
-7543
-9907
1755
-2629
5718
7320
4181
8171
-9550
-1393
1355
299
-7874
1826
-1940
1110
2952
-7889
-5393
-3069
8415
-5103
-6913
1531
3164
-5595
4705
-4557
-5427
5087
4306
8620
2140
-4581
989
-5539
-9998
-4126
6036
3980
-3468
673
8670
7844
-4260
-8324
6665
-6155
-8393
-7354
3563
9512
-2218
-7405
-3838
-6732
-88
-1600
845
1348
3325
-7781
-1661
-6249
1899
3191
-1856
1532
-2342
8759
-8615
6798
-4628
-1635
308
-2317
8025
-6012
7512
4639
-5244
5908
-4416
-8772
-8248
-3907
4941
2607
1549
7812
3203
4275
-9469
5856
-1573
4805
2840
-4871
964
9957
4486
8668
6248
-3128
889
4211
-4915
6859
-801
-8828
-3208
7905
3376
8327
8275
-8547
-9060
7896
3807
3071
-5957
4539
-8746
-7659
-9972
5305
3184
7061
-5295
-8210
1805
5342
962
1626
6862
-2806
-453
7471
-4394
-3186
-4961
5779
74
2962
-8965
-9023
-3069
3514
7696
5291
-6631
405
2030
3184
6356
-4850
736
7685
-8107
-6639
2133
3763
-6565
491
-5589
8759
1872
1510
5624
-5663
7788
1613
-6874
275
390
6474
7994
4716
5337
-4613
-3936
6030
288
-4585
6717
9083
-9758
3753
-56
9803
3584
6968
-499
5641
-8427
-5711
5741
-8149
-2112
-7923
109
4970
-5426
2399
4835
5944
-3674
-7931
-4957
-4689
5490
9928
-3881
-5446
6064
-7246
-8755
4789
-1987
-7252
4346
1854
2732
-696
-9900
-374
2179
-8478
-9469
300
-9577
3299
-7427
-4594
-8858
9407
7647
1837
-1520
-2284
-7804
-3627
1987
5087
-2950
5553
195
-3601
8780
3886
-7313
-1537
785
-6257
9571
8956
2024
6282
-9656
-5220
5078
-8821
-7551
2621
-8458
-5251
8300
5998
9439
35
-1030
-5671
4761
-2647
-1817
-1281
-4284
9828
740
-3666
-978
9728
-1257
-661
-7505
8581
-6384
-2886
1701
3063
2670
7836
5796
-5167
-2307
-7798
-1011
-6107
-5215
5970
-4541
-7426
7645
9289
9250
9159
-7526
1091
3703
733
-9917
-2394
1517
-2805
-7618
-7482
4180
8702
-8607
5633
8695
-20
7955
2569
5682
-1635
9360
-8244
7504
319
-4761
3217
8459
2140
-1576
-7489
9380
783
9562
-3570
-347
-9411
3882
9054
-8908
3469
-8797
-5641
355
428
4972
-1798
-9208
6449
2690
-8806
-467
1882
2654
2365
-514
3055
8140
5783
-420
4522
-1269
5845
-9746
-7971
-6165
4750
3282
-6763
-6917
-4625
3234
4891
1227
-1588
4298
1593
8287
-1217
6549
-2805
-4933
-3531
5727
-5287
1138
4371
-894
-5050
7473
4260
5824
-736
-7176
-9140
-3144
-637
2590
886
4240
-3337
9379
-6711
1863
7854
5974
-2252
5122
5805
15
-6050
6157
2727
4477
8627
1728
-2104
-2780
6017
-8308
-2477
225
7825
-2546
-6399
-608
-3913
-7060
4200
-4767
-9653
4359
8939
-6208
1348
5099
9776
-2299
9034
6878
251
7592
-1381
-9804
4569
-2233
8444
-3797
3004
4499
1107
-911
8801
-9557
8478
4206
-3996
-1388
-4800
4631
-4891
3781
387
-5616
-5537
-6368
5563
-8953
-6441
9493
2301
4915
-9886
9068
4422
-8720
2314
8128
1592
3955
-9220
3910
-600
-3556
6030
1559
8270
-6587
-4446
9046
6099
-1461
-8167
-8625
9571
-6832
-8469
-6865
-4427
9431
3550
2907
458
-8091
8139
7884
9914
5097
-8861
-6582
-6978
9229
2253
304
-6782
2235
9640
-7268
8650
2
-1605
1985
8879
9083
-1613
-6295
-6501
-1871
1689
5154
-9730
-7630
4913
-1272
9664
-6705
-4345
5914
7137
8079
-710
-5727
7568
-6137
-4956
5000
9371
-3076
4093
7360
-4218
4512
6637
-9294
4171
3323
-6391
-3004
7901
-612
-8583
8497
-1389
472
-7100
5483
3415
-6836
2762
-9760
2593
9548
-2882
-6935
7550
-3778
-6522
-4212
5407
-8029
220
570
3918
-9220
5178
9832
6656
-1157
4788
4803
5271
-2184
-9377
-5554
2067
4635
9145
-36
-9709
2118
-463
-8072
692
-6537
-7472
3537
2605
-798
4937
-3258
7329
-2334
3541
1152
-2602
-7059
-3922
9069
2340
-8649
-6486
5032
-9507
5438
4667
-3656
-694
3750
-7964
-3587
-2127
-7947
-389
8619
6775
9165
-3619
7768
4976
-8673
-8385
2245
553
-5986
-189
6330
-6091
5768
-65
7163
-1154
4579
1221
-2133
7128
-3538
4972
1460
-167
-7227
5056
-8250
8405
3458
-2783
-1543
-2106
-1445
-4010
6831
-9764
-9456
-4264
-4941
-1894
9171
5109
3079
4471
2122
7061
-9751
4853
-5699
-3605
2665
5657
-8562
-5354
4165
7971
-5478
-6105
2234
8595
-3287
-7966
-5129
860
2652
4251
-7895
1238
-513
1872
9684
1845
2763
7626
-8270
-9937
6597
901
-5482
6613
-9028
8128
-2537
-6171
5764
-2843
-570
-3011
9815
8005
1137
-7110
2040
-2173
6750
-8699
-1155
-9770
844
416
-8634
3866
8587
4665
606
4650
1808
1284
7334
3687
-1829
-3132
-7173
-9077
4628
2011
3161
-3195
-1699
5614
-525
-8915
5574
-6237
-5427
7005
-3476
-2789
1899
-4486
8389
6833
345
-1196
4924
9561
3617
5340
7515
-6731
9488
7864
-7588
5987
-9747
526
-263
-5097
-852
-2151
6994
-3506
-2502
6529
-8341
2483
-4281
-8678
-6657
1053
-4172
7972
6759
-4151
-3887
3123
8142
-1889
4771
2630
-305
-1216
-3494
4497
4601
6557
8613
-6900
7205
3609
-6944
2874
-8163
-2017
-3175
-4300
7626
-9887
7259
2110
-7494
-2162
-3841
-2328
-1138
8406
8676
5507
6673
791
-1981
-5582
-9024
-2840
-4686
4160
-574
7011
-8664
503
9425
5893
590
1079
454
7643
-1018
-4778
128
294
959
2197
-3600
-4616
1649
4791
-4815
-3822
-8887
1088
-7696
-6374
-2475
-1764
9936
2603
-311
1004
1161
809
-453
-4639
8098
4144
-9772
-3545
2049
7676
8641
2193
-3535
4757
-3625
1111
-1096
-9429
8460
5608
931
-8762
5443
-4890
7683
7567
-7705
-7023
3732
-3420
2249
-3283
3318
9081
9639
9769
336
-5445
-7935
1750
-7779
-5674
-901
-6781
1100
9251
7210
-3483
-8775
5599
-2759
-6097
1226
-753
-5943
-4262
-1047
-5072
2240
1879
6392
-5778
2406
-8049
4036
2406
-7444
1687
-9646
6606
-9052
7798
-2
-2601
-7087
5149
-7297
2281
2937
-6688
-2545
-1090
-6609
2498
-4246
412
7498
7698
3372
-5333
-4568
-5175
9171
-2339
-9224
-9590
6254
-2161
7156
-1710
-8286
-6712
6127
5162
-6651
-289
3292
-3609
-3568
843
-4123
863
-3761
5380
7685
-7340
-475
5354
2459
5911
7500
132
1766
-8816
-2576
5911
-4198
5680
-2653
-1985
-1413
763
-3948
4274
7079
3853
2046
5401
4200
1179
8617
-8366
5998
-7453
-4803
-2082
1472
8989
-8836
4499
-4640
5353
-1686
-6803
-111
6619
-1813
-5994
7886
5515
-4499
8749
-9670
7963
-2332
211
-7498
8282
-4790
8053
-3011
3986
-4085
5720
491
-6245
-4964
-2073
-7996
-7256
-8534
-1883
-8588
4946
-9968
-567
5333
9974
-8528
1504
-3755
5850
-5348
-6322
4871
9021
-5023
7903
-3651
-4952
-1203
-31
1057
393
7066
-5422
-9454
4051
-1051
-9029
-5478
5313
5237
2667
-9940
7016
-2135
-9981
-9945
-4001
9115
-9015
-8994
5412
-6061
-1003
-4874
3283
4683
-796
4799
7738
-1329
9525
9785
-7082
1213
8499
-2055
-587
-7021
3028
290
-6298
6858
138
-2120
4459
8072
8371
-5607
8967
3
-9223
-6164
2967
9534
60
8282
-170
1211
9345
-4726
3882
241
-8803
7935
-1914
9079
333
-8894
5175
240
-6426
-1327
9505
4553
124
253
2287
3351
-8086
6772
8316
1472
-7923
-2080
7032
5586
-6726
9703
-5201
-8933
-2613
4254
-3924
-1531
7783
-1105
289
-2104
3659
-4690
-8621
-3832
-7927
-823
1652
-2212
-5709
764
-2922
4672
-5162
-1020
-5876
6189
-8249
-9242
-2097
7408
276
-8872
-7311
-2743
-1835
5963
2857
-2347
-4326
6376
-9753
-9308
6496
-3089
-1295
8174
-1093
-3640
-8979
4918
-703
-8247
-6442
-2297
4557
2138
7297
-3942
-4820
-2323
6538
-7652
-1678
8953
-9418
-2858
2910
-9442
1202
