118
6714
5968
8188
7229
8241
7020
6329
8792
973
4057
473
113
9250
4016
2370
8186
406
3743
3574
4658
4915
3848
4790
8933
8490
4640
9611
9704
4245
3733
6235
8712
1604
6235
1015
7687
4232
4731
9404
1387
1913
2159
9101
2197
9903
8124
7752
6581
3132
7561
4949
9032
2110
2864
9302
4630
2450
8864
6727
9212
3802
7025
8512
344
3094
2805
2250
2563
693
926
9895
8069
9121
3089
2226
5000
4008
4036
3111
4499
9935
8878
6428
9889
6167
7141
8012
1359
1554
6127
1335
1898
1120
7932
5551
4192
1102
7657
191
4852
6921
4946
9948
4775
3244
5189
3593
42
4565
5900
1059
3099
1082
3946
669
769
259
6321
2558
490
7654
991
5555
152
2539
3981
164
7571
3437
8797
5522
892
4450
6510
7318
4068
5553
5221
1134
2553
3620
2
8702
8563
6796
7733
2640
5872
1511
1857
6920
7524
6694
1552
823
3944
3820
3316
5372
7332
6617
8953
5496
1602
5561
7231
8462
9582
7457
5460
8135
7974
4599
2984
2906
2776
926
9008
4962
2986
6649
4034
4047
1376
5970
479
5344
9473
893
6563
6210
8591
3618
622
5298
8373
9928
952
2357
9389
1731
8910
94
5376
6245
7902
9017
7569
8530
1370
422
5399
4472
9262
9064
3705
8949
8641
6301
6426
3075
8355
3063
9474
6447
720
5278
1490
6182
341
9297
9906
242
6981
5897
8852
6216
2642
8933
4139
7841
9535
5593
5283
2703
2973
4574
1571
1229
2022
2728
5466
4808
4717
1365
9926
5686
2023
3988
7440
7047
8312
3261
2826
6065
7259
2720
6137
4741
9867
1429
4050
5203
4702
8944
631
3486
8809
249
6244
7122
3293
588
544
6641
2412
2778
5817
7908
4442
1683
4821
7997
1864
3839
9938
7587
2498
3547
2361
4542
1464
260
3960
5137
4921
853
3654
5620
3507
7863
493
3302
11
9009
1844
1934
4631
9627
5321
6409
8830
6198
1145
4697
4892
2592
3132
8724
4163
1150
2690
8430
394
4140
3843
474
3113
2299
5185
4570
536
7761
5305
8904
9946
6712
6284
2631
9182
536
2173
1430
3040
2012
6471
1022
1869
7571
4857
6206
492
4733
932
8816
2608
5475
7091
3854
1872
1974
9941
9771
1877
4212
3600
5254
7143
8448
6819
3573
6260
1193
6569
1975
9278
468
489
7591
2199
6088
8844
8384
5577
9320
3649
7633
5005
4512
9571
4545
623
3835
5051
1212
7758
1448
7637
2144
7590
8375
7575
9439
4843
9360
9542
2480
3175
1773
6262
9675
9733
5670
6886
8448
7343
3145
1704
6937
8579
6127
2701
7461
8484
4486
4599
6558
691
8790
3085
7644
6977
8788
5728
1319
8883
3846
7466
417
3401
8210
6686
6068
697
9874
5078
4343
8377
8036
19
7751
8065
5885
4724
1695
7505
7124
6653
4767
6629
8345
6571
1005
6530
5737
7845
3694
7157
5507
556
565
1907
7702
1776
4750
9181
1200
5881
8107
2310
5399
8906
2206
7882
7071
3448
6569
986
1729
7039
9463
9204
2477
6293
3718
7670
9602
2801
5862
3731
7676
8889
2426
9190
8756
3676
4208
5010
679
9952
3222
2488
239
9817
5090
6081
4362
7929
5825
2387
8696
3032
7419
3130
5356
8977
8275
3959
8651
8746
5579
1501
3778
2555
4728
7075
4238
5361
2347
8858
4482
4065
7634
2907
9790
7413
3826
6008
1659
5582
1610
5324
240
7849
1748
3881
5781
2215
3968
4533
6534
8368
4094
6864
2999
6254
2218
8605
7983
3063
8442
8712
2253
7685
9437
8385
3442
9471
8788
2803
6477
4807
6494
9987
9074
6398
4793
8605
3333
6192
9093
3912
3818
2033
2202
3759
481
5231
7264
6048
8325
2948
8268
5391
7316
3418
2443
4896
9363
1629
1971
9548
2428
8606
3859
4197
1833
295
7731
7680
2674
485
8062
6304
5158
529
8356
3511
4118
7575
6757
6563
476
922
990
5021
2674
480
5660
257
8247
9150
9726
4719
1307
4746
4620
7852
3106
9609
1992
3634
7972
6233
2142
2226
779
5770
578
7145
4890
9449
3413
7312
8724
6388
2385
4659
2008
8944
630
6573
483
9820
6838
1828
1726
9594
4259
4308
3115
5934
1015
736
9187
13
5497
2886
1914
3717
7209
9961
4441
3264
8005
441
4249
7497
8543
3674
3864
1216
8300
7445
8672
1537
7696
9935
2709
4303
9233
9739
211
3820
8757
6624
4825
1833
2322
6750
8367
5842
9843
3966
3127
2256
5588
5478
5438
7495
6732
1196
4001
542
8064
5599
9990
2433
7117
1331
6665
6617
3911
1582
8437
9375
3925
394
9986
591
958
3150
3093
4735
9870
9987
2901
8626
7354
9140
5970
4346
5888
3517
4417
4051
8915
3557
4468
8001
6636
9632
4164
4195
1939
1381
3079
1691
6099
9253
4731
1779
5078
4876
7038
3384
2467
187
1243
1954
3618
8148
2631
3134
9929
2177
3920
7578
7527
1607
7200
9105
9710
6172
7089
2826
1850
5878
9750
7811
4507
5731
2750
9572
2127
1410
3194
393
8008
5646
5553
773
8701
9449
5278
7413
7785
1045
2364
1911
2010
5271
2102
7162
604
8182
3406
781
3142
5875
1550
9790
7870
8014
5150
9413
6520
5295
8890
7890
1834
7624
9591
1777
1566
3197
9478
5842
5354
8429
6773
1098
8893
7816
3941
3336
1533
2219
2600
6864
9730
5067
7510
4349
7161
3013
6003
3782
7964
6545
7579
8903
8860
8993
456
3635
9680
3801
5350
7670
8505
2427
1226
8862
6205
3051
7186
8426
8701
1604
1750
1168
4575
3540
7113
6668
3394
2703
3987
7415
1870
4208
8077
6166
3803
4896
4258
6168
2675
5059
5276
9740
2238
5726
497
8765
1270
2385
7079
7224
7636
2488
6015
5209
3523
9495
6474
6656
3411
2377
6814
7454
3901
8508
3099
7801
5061
1481
6682
5538
4320
3834
1991
3287
778
896
3337
8571
1752
1550
9140
8300
4965
3755
8433
1433
512
4816
3815
541
2193
7246
4766
9440
9203
5676
1561
2927
4394
1209
1732
4827
4502
4134
5208
7286
3850
6444
3810
5776
9851
8461
4288
5291
738
5719
8572
4634
2054
774
3038
4671
5876
1701
9717
8428
2829
9223
2272
411
8754
5001
1383
8043
116
2948
6723
8133
9076
221
8541
5019
6494
3422
2643
9625
1470
1743
623
2703
3824
6351
3363
6647
5166
6819
1281
4806
9353
1536
5426
3140
8060
9309
4828
9382
8566
5548
3166
876
3925
2120
943
9532
4312
8212
6493
3684
4011
442
6290
1608
6001
7521
65
3887
6283
1960
7835
9532
7347
1836
8715
1801
666
5740
714
1570
5143
4746
8872
2379
9496
8471
6740
84
6680
3575
3588
5708
2544
4633
4520
8066
1373
8905
6125
363
7512
3338
1318
3033
5840
8747
3021
1573
4324
4428
3615
4276
616
4062
5784
982
9426
6962
2743
6199
7825
4421
3567
1276
6155
8610
6779
4211
1726
8310
1320
7346
9089
5881
5464
4449
6309
868
7413
1263
8910
4198
5654
9116
4078
7163
1234
7623
7093
2000
1043
1766
7726
7793
5704
6299
9627
5840
667
360
4784
8801
5009
2977
7711
8889
9392
4841
2201
9036
6586
231
837
8659
7747
8688
3055
9098
2631
8612
5393
2770
3405
8006
1141
2779
8334
1631
8382
5762
4095
3268
8212
4814
7685
8222
6504
2844
2491
1232
3240
6157
2444
8892
2244
2755
1206
8036
5268
1914
6990
8437
89
7164
6286
1812
2822
4032
8935
3427
2034
836
2530
1009
5755
6937
9484
4112
3616
9033
3630
2905
9233
6066
764
2326
4953
6566
3844
5705
4062
4051
8199
6918
5694
1355
7214
5993
1799
9439
8769
7588
7681
8993
5762
766
7165
7131
5662
5345
5876
5890
4856
6521
8145
4896
1768
418
3752
360
3761
5011
6910
887
9634
2041
4493
2832
2051
2043
9900
3422
7670
576
8167
5088
5717
7769
1894
2980
826
2413
2570
5439
3708
3223
5710
770
2047
6747
708
2615
5632
4708
2760
5616
2668
2049
9792
4205
1686
166
6028
1514
7998
1975
4856
3029
6504
4305
3345
6150
3773
8203
2304
8254
6287
4988
3523
8837
4742
1189
9082
5241
6402
5751
6785
2447
967
1798
5042
6407
8098
5002
2343
297
2549
8737
4642
8382
6964
6714
4277
3724
4538
5714
8561
8110
4809
5098
5236
7946
5227
6837
9425
7135
1239
5509
4155
3265
6890
4049
1716
5534
7271
6682
1281
3467
4120
9327
6568
9759
5086
1243
2659
5922
458
9203
6289
3566
9200
4337
6856
6022
8938
5540
5874
2691
7779
6519
4595
8901
9188
3391
3341
113
4459
3389
9184
6327
7345
2771
3063
350
5174
6330
6455
1708
1597
9167
6762
796
9194
7396
9353
8667
7565
8079
3494
6055
2512
1218
652
1177
521
1873
4879
3315
3648
4744
181
9229
852
4132
204
5375
6122
7297
2178
8105
4475
8426
5288
1162
2643
8398
250
6051
7200
3891
1148
7667
8342
9296
2948
3272
1926
8565
4263
8046
5350
6496
1712
5616
6711
2889
6788
4316
7248
1497
7753
8470
8519
4588
3449
6527
628
7479
1516
3064
7973
5053
8930
2779
6519
2766
204
1841
1039
6659
1312
8778
4921
4512
1722
1882
8652
6631
7875
590
4657
713
3193
4632
4624
4170
9508
4469
6766
7369
6436
7115
1252
822
2548
8767
970
8813
7166
3368
1954
4931
8210
7749
4726
9345
7665
9310
9994
8037
4316
2964
6403
4957
7117
1730
6464
4227
6050
5063
1537
2513
2793
1951
5926
9185
2705
8730
9135
6892
9458
5929
5257
8518
1619
1796
3192
7076
2543
6228
2764
4681
9857
6592
9243
1138
2408
2920
9645
6696
270
2420
5116
9183
6164
3948
4267
7183
2887
2890
4225
5979
7645
8493
5114
8410
7757
3704
2290
3082
4542
7089
6745
9846
3166
6016
6744
23
6883
3967
2288
7736
5643
9170
514
522
9680
9242
8959
6330
7811
1163
9857
9024
9058
6976
4894
2926
2356
9049
6673
2388
5404
5487
2996
663
1397
7967
4637
4664
207
5856
4259
6447
6689
7882
9584
9118
4720
5286
5902
3445
5445
5177
2290
9613
8685
4384
4842
8484
6057
7793
960
4423
2408
8173
3381
3696
3823
310
2064
7792
2632
150
9716
7480
8080
967
3769
2529
10
5271
7073
4764
2010
6880
6553
5157
9313
5615
7153
9187
3071
9229
6769
2953
4888
3683
5267
1770
9136
6599
7756
6891
91
9528
2075
8124
6099
9320
358
7324
5690
3469
7733
3928
5452
445
1976
6457
2384
755
8726
2662
3739
1647
8745
1841
7167
7764
8487
6727
348
5114
2412
1364
7819
9756
5914
1418
4207
4668
8791
1184
6856
8381
9174
5827
590
7301
2393
2765
5636
3487
3442
4613
9428
4328
8737
3088
4825
5307
4942
3092
4178
2944
4320
55
7310
9031
9733
2706
1150
7063
627
8027
1435
4181
22
2202
3346
3100
2311
9384
3673
9426
6534
8999
8433
7441
2458
9761
8901
6888
5028
7726
7795
1371
9709
6138
4168
1304
2165
2373
1910
7950
2987
9499
1922
8892
9739
8342
8910
4152
3047
8797
4479
4469
9164
968
9163
26
2855
5144
3185
577
413
1025
5511
4717
6450
1588
7064
824
4392
9370
1059
2886
6453
2364
1335
1803
3217
9631
2993
1318
3710
5870
1574
3952
8620
5520
9649
9364
9528
9186
679
5484
3656
2761
6562
4377
8671
1444
9692
5163
1839
1385
3401
7147
5157
7179
6744
9885
241
7614
9090
6267
5892
5014
8746
3781
1723
9969
87
9157
1882
6796
1645
8462
8645
5336
7713
8325
7295
9247
5954
6359
8704
1657
1991
1361
995
34
2951
5689
926
2378
8673
3226
837
6355
2153
5382
9635
609
8827
3956
1159
5012
9509
890
3700
2672
8681
7388
1643
6309
1040
8295
9851
425
1864
5212
7943
712
6488
9336
527
1846
7273
2737
1534
5402
3224
444
3456
3241
777
7381
4630
7973
7035
3784
7448
6805
3548
4540
4917
3597
249
2466
7342
2940
6938
6327
3541
8849
6800
8083
2400
9575
7533
8578
4002
1088
3620
630
8959
1791
5051
3991
1268
4756
7273
6536
9639
6527
7366
6127
9448
3737
2410
949
3611
4577
9293
8459
5846
6418
6004
2548
6325
3253
6889
2580
2356
7759
2188
7895
8617
6123
8813
8202
8891
2296
1504
5144
5925
6983
924
9858
5228
1346
5865
9373
1398
1320
5396
4321
375
9920
3709
7883
5909
6787
8747
8540
2164
535
7337
646
8361
1086
3320
5186
9151
1706
1965
3474
2722
9591
4746
2749
6542
9368
3952
8162
3164
1720
419
2082
9255
4506
8285
3294
2076
9681
6217
6962
9160
7765
7559
8773
2438
2853
4671
934
1281
5715
6703
9464
180
5506
9519
9842
5442
3574
843
533
5255
5982
1457
1535
7353
4442
6094
9332
3913
8596
4427
5545
658
3536
7386
7482
6219
2465
4063
9418
3527
2999
7406
1868
3116
9516
8915
764
384
4660
5026
7941
4137
726
1292
3363
7510
1826
9096
5674
661
7099
6845
4890
9526
9680
2244
1471
5384
5432
2184
693
6482
8723
5364
8586
7239
4707
2871
284
7570
5738
2804
9954
7105
3373
3386
2392
5799
3607
6503
7847
8621
471
540
9364
4114
7059
8002
5135
3837
2439
5084
6075
7128
6951
7856
9879
6268
6062
3259
1480
4214
1432
3533
419
372
6191
8676
9701
2088
3816
4692
677
7852
1725
4047
9543
892
8651
110
2755
6371
3441
2187
973
7350
4877
4447
2899
2418
3758
3118
3089
2281
8981
9366
3854
8943
342
8586
3087
5840
4919
5787
6939
2072
263
9143
732
9688
7869
2763
4784
1512
4691
1830
1624
7541
6487
7689
6389
8657
8469
5961
8348
8011
6905
4353
7754
3161
9733
2411
6690
8138
5281
321
5520
5155
7263
61
4781
4527
9072
8079
6065
1046
7814
9926
1012
6063
5446
7234
2258
6548
3124
5669
3902
5231
4880
914
4600
9777
4497
2788
4077
6905
6665
3627
7996
427
278
5071
8032
922
8102
9490
4669
9029
3487
8994
4799
6064
83
8632
3278
448
8460
7557
4341
3125
8139
4502
1793
6731
3901
17
1081
5972
7095
7197
5826
1058
166
5467
4531
4592
8369
8392
4427
7390
1783
8743
6409
6633
5060
9797
7381
3342
2381
8132
9129
593
3333
6824
3520
1635
3529
1945
8673
6533
6845
6861
9600
2934
4236
7729
5593
9954
809
3061
8490
3490
6162
4144
8495
3712
800
564
6511
8091
4212
6700
4611
97
5510
5916
217
6721
2904
6778
784
3237
456
2532
2954
4207
4785
8066
1750
4417
6814
9682
7375
9593
2871
7389
1412
4879
3517
7653
2048
3266
9806
3312
2839
3533
5520
9695
4068
7387
3244
8376
5442
489
4782
6128
9497
9421
7836
6686
3558
7886
1261
432
8096
6460
2260
2909
1193
7367
878
6050
9468
3311
8099
6685
5817
6004
4178
6019
6650
8983
2722
1743
8643
2840
2215
4744
2985
1766
8352
491
921
3981
8226
7625
6973
6995
4103
5497
2860
2456
5728
756
845
1171
8989
1261
1753
2279
4951
6565
6700
7797
4631
1834
4186
6774
3595
7219
1422
1520
5877
7161
9507
1139
2621
3668
7602
8316
1134
7529
1001
9187
2382
4494
5520
1980
1335
5601
5883
5663
440
1080
6750
2909
9494
6829
2764
1117
386
6482
9685
7943
7505
6665
7982
3593
6472
9360
976
7419
6137
7029
8525
2162
7361
687
2216
6998
7894
6691
3633
8384
1171
866
8452
2381
342
7041
582
1967
8864
9187
1631
4763
6506
862
4761
3286
5452
2028
4110
9426
8792
9276
7546
8087
8615
3510
4905
8836
2459
313
8088
7222
4422
6352
4707
90
2881
2157
5106
5548
4864
3134
1954
2313
4782
489
7683
11
2682
8874
2667
3993
5845
367
7557
5816
5161
6476
2305
839
5246
4276
6889
5828
2827
7210
6605
8180
1265
1735
672
8182
7952
6644
8147
2673
2070
4074
4071
6818
7455
3273
184
1325
525
1563
1317
1428
2254
2974
1828
6530
9400
5018
4094
8733
8040
6930
7809
6939
1229
7812
3131
4208
2343
4171
334
9155
6990
6080
704
8705
4710
9444
4344
9856
194
6515
8443
4791
6822
1110
5823
9074
4225
2347
1562
1997
4285
7506
9588
1856
1836
1656
509
4510
4535
4816
5363
46
6503
2908
9503
3278
2731
5142
335
7001
9879
2871
1591
9704
343
1400
2987
5272
8820
29
3246
1504
3264
751
9580
2598
6367
5345
5561
756
8998
1806
6515
8165
4112
8584
2305
3759
5419
7856
9095
5517
363
5098
8365
9427
3065
8113
7792
985
358
330
3618
4633
8106
6192
4651
8416
3445
6282
5949
2782
4118
8508
6797
1148
2559
4623
6782
3966
7929
9357
2542
1026
2950
3711
3311
1916
4076
4255
8849
8559
5584
3377
2824
8616
8591
3887
9755
1436
569
1264
2956
6007
1980
1054
2380
4572
8140
6086
2655
4700
550
233
4015
6015
9411
2091
4094
643
8457
6137
1563
7868
5751
5720
2869
8345
9215
8987
9838
9719
9415
3330
7259
9723
3740
956
930
9580
8659
6234
9477
8697
100
2793
4547
6031
8124
2631
7746
65
4993
6972
1665
5174
4094
375
1808
1917
8053
9727
1988
1462
3036
2705
7841
2722
4162
3232
9769
9890
4171
2886
7903
4065
1656
7929
6961
1524
2830
2008
9674
9918
1080
5090
3422
9544
133
111
6516
5491
780
4984
7186
5649
960
3174
4163
8595
3712
4924
8385
6394
4383
2006
2149
6487
6494
422
2856
8771
5685
4844
872
7140
4209
1054
3148
848
4373
4063
5277
1154
2365
6915
6651
3929
4085
4052
6523
1
5094
7471
2326
9267
8743
8723
9204
8997
9777
6513
3577
429
5654
7046
9829
7856
6765
349
4566
3408
9518
861
2683
9602
5495
5349
6805
7368
3173
3558
140
2036
1850
430
9957
5637
8766
5785
8625
4351
6272
2078
8109
5751
918
5778
2155
8410
7234
3420
9815
9087
8989
3957
4359
5555
8094
236
8832
4419
7803
1189
6752
8824
2766
4161
3840
6271
2699
1714
4868
9810
4360
2285
2419
751
3051
5568
9377
8755
3733
2937
493
4723
7859
4368
77
9036
8301
3030
4122
6102
7696
5505
1601
3368
9113
1021
2541
9089
5290
7974
269
797
8226
270
6416
9755
7913
2607
2265
414
6987
2643
1189
6263
7805
647
3728
5875
569
8717
9815
4740
3816
1846
923
3797
8913
2478
6740
707
3376
9439
8513
3543
7316
6695
1746
6937
8479
6109
6265
1820
7211
9701
6568
145
1427
2092
8889
1332
557
3657
7465
6450
735
484
7037
6205
4694
3879
1420
8595
5301
1026
4482
8775
9387
3954
8735
1492
5908
842
2203
7159
5841
4143
6521
8421
6848
1885
3331
6179
9756
8710
9611
2878
7963
8436
6797
7419
745
4495
3148
4490
6449
5709
7831
399
6671
1435
3725
2620
1938
7126
1028
653
9630
7823
4551
5219
3966
2012
7847
3863
6760
997
3894
9104
2884
8247
1963
6120
3679
7293
7643
3781
2405
6275
5952
8097
3585
6707
2254
2313
6854
9180
3549
3426
3102
6501
9873
6243
6346
7769
3803
5726
7923
689
2191
6291
396
7943
4493
1821
5793
6042
3060
7524
5355
3193
8203
6091
6654
4658
1879
3886
5186
7541
1313
4313
773
1593
5019
6159
4305
7583
5444
9361
2480
2246
7645
5612
8935
9532
6805
8426
2412
1153
9888
1552
7503
5422
4160
7529
9228
6687
1159
7985
9192
7901
8410
2621
8018
5535
2254
564
7486
7889
5782
1820
9570
3963
1260
3336
7231
9853
9769
5913
6047
6495
5642
577
3646
9377
5668
9095
7433
709
1665
4712
791
9781
2016
2289
9434
8275
6775
7728
8362
51
6003
3201
8803
9836
300
2156
3049
6607
540
4895
5586
9977
489
7017
5536
8410
6466
3601
4654
9209
456
606
7676
1371
4573
1937
5654
5846
8258
1029
2153
8579
3766
6403
6295
8950
8659
3237
2160
2268
967
729
9203
5337
1632
1307
4973
3587
9582
3009
9875
5844
8394
9300
5842
1582
501
6400
6532
3565
9830
9620
7463
6377
9429
3416
1130
3299
4983
3193
7322
4973
3668
228
5140
8567
947
3518
8550
1957
1217
5423
1562
8161
1447
5898
8318
9276
5293
1257
2488
3714
4159
1806
4792
8288
6208
2048
4998
3312
5282
7218
5086
4908
3201
7533
5237
640
4101
3279
2429
9421
4822
5804
8289
1384
5549
3460
7366
2175
5366
298
6893
147
2687
7358
3100
5377
8154
3929
3588
9689
3165
4713
4999
4716
880
6245
4602
913
3776
5861
7930
9715
6184
2754
4327
2527
3419
7576
5896
3039
6703
7836
6511
5901
9874
9368
3635
3564
629
9702
2916
6677
2913
2094
7528
6599
9227
5741
4717
1421
2844
8290
4363
6902
8973
5914
570
9130
7790
5642
4129
9112
7107
4434
1979
3393
4741
5699
6381
551
3924
7404
7093
2213
7455
4325
8742
190
2123
6856
2109
8198
1696
2869
6341
865
850
5900
4208
4400
240
506
8104
2071
193
8428
7499
4122
1990
2440
6343
671
4934
223
853
9853
9619
3736
5372
9312
386
3373
8983
9650
582
8369
5588
251
6364
8904
3491
6809
728
7769
6449
5741
6747
150
8753
442
7541
1381
0
7374
7739
8932
7797
2293
6855
1418
7281
5475
746
4534
6812
6970
4443
2788
9881
8154
648
8348
2347
3206
4105
3951
4170
6521
403
4622
1405
7905
3936
3512
6080
9119
1499
9148
6122
9441
3935
5522
5406
4513
9112
7365
1167
1621
9978
4304
8180
8427
8084
337
2877
6724
2953
9347
8246
2216
9480
5856
552
1366
318
2212
8738
1752
2198
9472
9231
1053
5540
7973
7298
7908
70
582
25
6
8149
5826
8693
6601
9867
5054
4166
1603
8676
5033
1228
1845
792
4837
5345
8090
3615
3102
1209
8650
5102
1051
7825
2231
819
5699
2013
7835
4219
8312
2526
4222
1105
9463
2137
4092
4620
6667
4382
4501
7305
8638
8262
8024
2125
5133
4736
6980
5962
8853
5538
6409
6118
6819
8446
449
4721
1102
1852
6677
8077
4384
6243
7493
780
776
6851
3294
2154
1539
8936
9651
8749
120
9148
3813
5730
9964
6657
9022
6474
6793
798
6211
6926
5677
6884
7547
8522
1521
5908
3619
9236
5899
6134
3300
317
9874
5456
9272
9571
6255
9672
4967
2289
2463
9901
6629
8418
6209
8485
8849
7325
5341
6176
6311
5311
4453
2742
8852
1417
5228
9757
1784
8952
9013
1832
2145
2039
9151
4633
3050
5077
2385
700
4722
3585
9563
5419
1433
8828
4886
124
7412
7109
4455
981
4748
1056
758
6353
4549
7838
9572
7816
9789
9139
3474
2174
1548
8319
3935
8199
632
1353
1763
5596
4485
1567
6338
3667
9060
4960
8322
170
7880
2063
7972
6807
6488
5423
7101
2178
3424
4910
6910
8345
8075
6102
2259
360
6625
5384
5975
9723
5885
2659
5289
530
6376
310
5029
7081
6615
3528
4437
8302
5769
661
151
85
2719
2910
6856
5838
4938
1570
7539
1833
1509
1600
9329
5676
2801
4812
9620
451
4764
2685
1805
1893
8866
5890
9693
3905
4199
2501
5428
1015
5018
2309
7056
7484
487
6339
3284
9148
8190
1347
4148
2604
1359
5534
8066
740
4703
5047
452
9032
8636
3329
6656
5091
8154
4979
9839
3008
1852
5602
276
1845
9962
6179
3171
9523
7200
3181
3648
4331
730
2751
1014
8538
6702
8729
9759
2350
1827
6398
4824
6169
4468
5642
5115
394
8195
4004
540
695
4038
8295
2724
8609
8141
3015
6447
8413
2079
7838
3343
6606
449
7395
9127
2947
9083
6441
7505
6375
163
3323
8232
2691
6090
1152
3682
339
4006
4777
3026
3599
7941
5118
5119
5193
2553
3201
4929
1360
2721
9348
7756
4896
4464
9138
3467
1398
2173
8444
1906
5071
1358
6649
1042
6179
6410
3536
5787
5775
1956
9495
7161
7829
1847
9277
1528
1375
1140
9757
5798
5176
8436
839
5497
7546
8627
9918
6736
4042
3768
1792
5261
8747
2309
3922
4140
8696
3605
8584
9042
538
3654
1716
343
6727
4283
6764
9495
6038
9221
3911
5519
9844
9878
7393
6121
4480
9171
2053
812
505
7911
5032
3913
3964
847
984
259
1629
3001
1561
5733
1271
7350
7879
9504
755
5160
6270
3810
2755
4393
4125
7532
3174
3247
5323
8846
8041
5474
265
1294
917
1567
2842
4933
1909
4156
5957
4978
8717
5435
1312
7248
1947
9284
6392
5591
6185
9193
4400
2161
2352
6305
7334
9959
3695
3563
7750
6664
6930
5113
2511
7098
9721
1625
4632
3443
3017
5044
6958
78
8418
9229
3705
2771
5004
2253
4708
5175
8925
6588
41
2006
6772
951
6053
485
5784
8936
2455
3104
7155
3411
6290
8374
7500
6074
9651
9328
1895
9351
7337
830
6753
3378
8504
714
8981
2957
4786
3232
3709
4618
6160
9916
2967
6523
9885
3188
4491
9676
2067
7506
2425
5541
5916
1149
6251
8324
3536
6500
8007
7387
7397
6062
3146
9952
4673
8069
1659
713
5951
2337
7696
208
9977
2937
8318
9191
19
8452
3832
9230
2284
9008
8161
5799
3838
2525
4236
3490
5203
6389
1691
5121
2506
5537
8952
6770
5789
758
9592
1430
8056
7673
4280
8698
6232
6312
4809
4720
2967
3664
6122
4589
574
7093
2648
2040
3177
313
6083
4016
9192
2627
9487
6725
1759
7100
4817
4210
5905
2777
7710
6046
518
3276
1032
1645
9235
6122
3568
7825
1599
5980
2528
5936
3177
1646
7241
4135
5738
8384
1248
5687
5329
8422
8052
7902
3658
5689
3013
187
9319
2155
7258
4995
438
902
6891
8162
5382
7087
5429
7685
4822
4564
2660
1733
746
5413
5241
9526
9599
1059
4602
6956
9041
5113
5505
6910
9144
8169
6081
7229
6501
4350
1495
5966
6234
1045
8035
3653
2161
9632
6070
5284
8402
4524
2566
263
1769
9397
2195
7108
6203
7850
3116
8990
3185
7921
8987
8802
3131
4223
3500
1263
9864
7526
8710
826
8289
8042
2989
89
6153
4872
2732
5564
9456
3035
7631
7632
4459
7639
1839
4805
7412
3644
8074
7397
9995
5930
2712
7646
9298
3383
1121
1854
50
5172
1095
849
1576
2153
7490
3002
7842
6503
1098
8134
9645
7721
5439
5116
8374
6300
9611
7167
6224
3550
5374
713
9897
4047
733
3571
3638
6211
1618
39
3880
3936
871
2750
3441
1894
8220
7000
329
4979
8116
891
6177
2807
7641
5857
7158
7530
6552
4465
4045
2015
7763
9275
4048
7292
6120
1856
5727
8609
566
9509
8718
238
8373
8172
2224
4169
1105
9865
9294
8959
8715
1071
2843
3447
8322
200
3301
994
2164
3834
2726
6965
9421
561
2137
6417
3436
483
8462
3886
4313
6769
8973
8322
9898
9633
5214
1161
9576
5877
3550
9921
6319
888
4658
1677
6610
2224
2556
1312
7863
5242
8617
1030
5369
1150
3236
4373
1850
9572
3260
7078
2035
8734
7758
1057
5615
163
5485
128
2452
2548
1111
4580
1568
4053
731
6779
7460
2500
8651
2467
5212
5583
3741
6932
5686
8938
8727
8371
3147
4527
6865
7563
4010
6746
9344
4284
3077
2659
7633
8473
692
8906
6924
2675
1500
2151
7728
3794
3066
5937
6806
4043
9123
2140
8316
6077
4196
4074
9275
1110
2594
1985
6571
6036
7892
2870
5734
9814
9969
1654
5435
4250
7467
2819
1922
3403
6585
309
3008
3088
3053
8422
5547
3447
6340
7754
3741
123
5955
5377
6154
930
6513
514
5448
8667
8053
5068
6520
6523
8762
9912
3287
7059
2177
4974
6153
3390
6764
9030
7833
606
5920
847
7407
6767
7721
971
1901
6218
6808
8509
7031
7423
9270
8151
6641
6194
3945
5249
2386
7207
1665
9170
1994
7891
9689
9500
3194
411
1745
5131
4354
3189
1519
6683
2519
4563
3043
3108
2573
1520
6927
4904
9781
5936
1553
7879
3246
3884
6828
6178
8770
2259
1876
310
9045
8609
3864
4842
7591
1871
7504
922
5775
575
8437
5841
8302
2563
8667
6006
1227
4473
5548
5436
1251
1241
6812
8569
8275
1076
9117
2791
2142
4116
8032
4978
9604
7177
6861
8315
2859
2441
7263
4584
4454
3043
4593
9842
8610
1130
5189
1569
7719
775
3636
1023
68
1306
1224
4380
2110
970
703
6518
1253
2286
720
21
7631
7403
9212
4946
5015
9842
8907
469
2474
4548
1032
6776
2247
9714
7666
5926
9736
6410
5831
9018
3497
3254
8023
2210
7210
8970
1796
4514
728
9635
4873
6373
5582
3968
3498
5556
7800
3278
3158
5026
268
1548
9970
2030
6222
4739
1536
6243
8707
8537
9515
3865
8899
1496
8049
5379
9221
942
5052
3275
3968
229
6979
5128
9662
579
4025
2172
9285
6122
6719
8977
6177
9639
7628
9659
9317
6665
9568
3883
6393
9591
5730
2912
9828
7123
8320
4840
977
8818
7347
6214
2828
1168
6174
1361
8354
2274
5700
6099
7710
7607
1562
126
2118
6362
5590
2343
8529
6488
7596
8627
4073
198
8436
3698
4871
5922
4483
8316
698
2038
8406
3581
1658
3530
6890
7995
6986
7989
9337
1125
869
4691
5626
5419
1712
9328
2447
1695
5921
5221
1887
7396
9265
8200
8044
2693
8382
1160
149
7982
4334
7812
3258
6386
4279
4445
9579
67
3561
871
7819
493
1985
2464
334
7677
9393
2600
4418
7042
6973
96
9738
9634
3568
9743
8453
6296
2038
1617
9788
2384
7560
1590
5591
9463
5645
8991
966
4893
7418
5749
3482
8035
8890
1234
9474
8631
7065
5682
7507
4661
6078
2210
9189
1119
1464
6527
9674
8542
6798
1066
3308
111
17
7291
46
776
6975
211
4214
6831
9309
2410
401
5205
4004
9811
1770
5647
7132
6814
6282
5113
7460
8849
5283
174
1579
7567
7653
5618
6126
3034
6028
1594
4527
311
2078
1025
9331
2219
2721
6928
6816
1441
9756
7886
8480
6083
7783
1875
8785
9437
1044
5667
56
7144
6755
2857
1788
3861
4284
9986
4624
5003
1237
3686
5896
9612
2311
7403
38
397
7772
0
2873
1016
620
2788
6961
2261
6291
8633
3369
7338
4740
6893
2298
3133
5969
5720
8257
2264
6406
7568
2818
3947
4383
6303
3599
6270
4158
6515
6523
9503
7144
8047
4563
9745
7444
7311
5568
3143
4869
636
4515
46
2216
2622
8540
8503
6189
7957
3265
4384
8605
1900
983
8729
5835
1208
5060
3268
8211
8473
8961
4772
9511
2770
7665
5880
1384
8865
2898
6894
318
5121
3954
4251
4587
9123
4632
7562
6874
4718
6002
414
9727
5234
3757
3486
7726
5991
9581
6730
9484
2482
3015
5951
2331
9937
9049
1886
422
5611
8778
1086
5836
8344
6277
6547
780
2258
9934
3093
1241
2072
1327
959
1598
8496
1593
4913
3682
6270
8798
2655
6279
8326
6016
5114
4637
8435
6049
2225
2609
187
64
7918
3809
3047
738
3383
4552
4453
8582
9073
4893
8937
1563
2806
6550
4208
5795
826
4376
7547
5049
1770
5198
522
9818
5961
9932
6676
1374
8435
473
5118
7335
7033
5474
1246
1563
4890
9900
2140
4661
5768
6044
466
2110
5366
4162
9594
4324
870
8814
400
9041
8873
1817
8016
2017
4912
5777
2580
9668
8444
1546
2458
7637
8750
8515
2177
6851
3265
9481
7451
6508
4096
5215
8690
399
8929
8923
3399
1367
5284
5008
2226
2955
5465
4591
7723
167
9335
1179
4505
4530
9075
8457
2352
340
5635
6680
4334
2368
8767
2103
8231
5784
6177
3025
7734
9743
9098
4477
4403
7174
5290
3386
840
3352
8550
346
8342
4248
2567
5848
7251
4744
8156
5446
8712
8719
2883
8966
6826
9705
7232
1243
4207
2542
722
8563
4979
696
6157
8938
631
4819
3251
6635
2972
8070
5544
5060
4391
1021
1939
8340
239
5135
8990
7677
5067
779
7982
6207
7240
2829
7674
5335
9425
8989
851
9883
7942
6472
6865
4033
6925
176
7516
3421
2716
1213
9528
2656
7221
481
1940
2717
4996
2185
9254
3204
110
4584
7753
2809
4809
5775
4230
2149
9871
7524
7478
9704
9467
8558
5400
9003
552
3300
3165
6095
4174
349
1972
4144
6524
8243
9339
8139
9160
5470
3055
9300
2019
4835
4769
769
4679
9562
6631
6601
2805
1909
308
7660
5352
8688
2517
4588
5847
9913
9316
211
7768
3988
6527
1776
9068
5214
4982
699
1700
3691
7512
3329
536
4681
2225
954
8691
6379
8692
763
5259
3792
842
3619
1839
493
7509
1141
3902
8013
2648
8438
1918
9940
6383
5777
8552
7849
169
6610
2777
3697
4365
3725
1084
3574
9964
5624
8435
8393
749
8643
9261
5948
1046
8474
5508
455
9350
9892
1713
5556
5885
4644
5433
9512
6707
4323
3360
3494
4416
5144
8371
11
2573
6395
4961
5586
4825
1155
9549
2966
3858
389
3096
194
7983
1010
2808
7489
7747
5348
135
9573
2338
7938
2322
2992
6545
4511
6432
6217
3546
548
4839
937
1489
1105
2771
9488
1477
3265
2878
6027
3553
9599
7610
1232
2347
9156
9234
9611
7621
5674
9921
51
2791
7328
9527
8902
5257
3791
7083
5558
4762
4780
8368
8654
2096
9652
5818
7883
8908
3312
3171
6033
9805
5086
7261
2796
3417
9135
3157
9097
9521
5262
3317
255
492
3449
6873
7107
4968
1213
898
5758
2397
5674
7248
1387
8460
704
275
265
6138
9671
6684
5179
2838
1968
4670
5708
7459
8899
1013
328
4581
8179
5868
1968
2995
3003
962
6238
6053
4320
8115
8306
4970
3723
4100
5049
6017
6235
8157
4568
4631
3940
5084
6376
2935
2902
6903
2062
861
7843
5930
8816
134
656
108
4935
1245
1181
921
221
8308
3432
764
7286
8267
2632
7904
2102
8348
9850
5884
9991
2008
11
1563
9680
5646
8644
700
5139
407
4659
7800
6149
479
3163
9146
5832
4387
7132
2698
6869
3161
577
4431
9552
7435
5088
4840
9739
4909
5538
9484
2762
8535
8325
5435
449
5067
1447
2637
3439
9555
6089
6479
8746
8405
2816
1119
5041
3244
650
7499
7559
4069
250
7364
6773
9532
5112
5399
3568
9958
9538
7844
2406
5305
8522
5916
1620
5379
4834
7178
5582
727
5511
3967
5667
8604
8059
6066
7468
9992
6119
7674
3044
6654
254
5067
5781
5685
4719
438
1213
9774
1839
8334
6229
2424
3373
7267
184
9963
1643
4759
4820
8267
5496
660
3300
8509
2978
1576
8235
66
219
2676
6129
1379
4239
4753
956
8509
2274
1908
7111
1557
3068
5627
6031
1016
8708
511
6192
973
6771
7652
2584
9505
4513
2865
887
4837
7296
2678
722
1845
5439
4778
1639
6984
6471
9898
4670
876
8616
1561
6686
388
9806
6280
8390
1186
244
4779
6990
6154
8349
6527
5106
9017
545
1044
8596
3499
2335
4539
1436
7164
6203
5535
1342
6052
7273
8651
397
7586
4494
8714
2317
7207
7052
5009
2515
52
4161
4658
2284
9372
1754
3529
317
4981
604
4082
1734
6103
9870
7975
4377
7705
8783
6482
9048
4485
668
2217
619
3050
5392
609
1302
5338
583
480
7907
1180
4962
1690
6278
3494
7200
6328
837
1010
6831
2629
4916
9938
3592
1443
8359
6719
8810
6199
8510
426
8318
9416
5011
430
8506
2337
9292
1831
5831
2270
1062
2977
5836
8484
5935
5416
8906
1451
1813
5145
9153
7558
2082
7150
6187
7762
5866
3805
6813
6861
9285
4908
6585
5545
572
7661
3160
7295
6367
4056
2026
8796
1425
9907
3670
8339
4852
4067
8003
5800
7753
9611
5210
6763
7745
3134
3277
4219
5649
8329
8992
8257
9939
2562
8890
2634
5542
8443
8462
2649
2158
722
2993
6348
2837
9183
3407
9038
1903
3893
8401
6367
3257
6963
1831
8164
9410
4305
161
6807
9010
4427
2831
3895
7022
1066
6702
9329
840
3033
5842
9573
890
307
410
4229
7983
5707
2561
3615
3346
968
6664
1357
969
3886
9868
7737
4622
8749
4064
9296
4804
6334
9744
6814
7058
3512
579
2338
8798
1850
8206
8340
2652
5056
7880
701
1472
1756
1464
8851
8813
5456
6117
1173
1415
5464
2358
9807
6484
6396
3398
5112
2254
7586
3592
1510
6018
5064
7374
2208
5696
1100
7356
4206
6490
7205
5156
5132
8147
8876
7337
2163
6361
5328
2815
9760
5815
5731
8828
5151
4162
4504
6096
9804
7689
6779
6776
1134
4825
1047
4924
5979
6885
7463
3438
1794
6289
3784
6450
7354
4254
7709
4278
8066
4733
9063
9453
6385
1359
4745
1784
2219
4509
283
5963
8478
489
2012
763
5380
9951
8946
8873
2172
6040
7339
6404
3308
3593
2663
3711
988
3991
2698
3043
5860
1403
4419
4235
1238
575
3752
1594
9420
2244
1908
979
1848
9954
2956
790
4897
195
7930
3955
1619
7336
2045
2478
5238
5138
2924
6650
6242
5896
1239
5606
4363
9324
5042
7686
548
1574
9817
7763
6768
9206
8726
4414
5200
9262
2873
957
185
4174
8882
6786
3520
4420
8602
4208
9720
81
7625
9583
6209
9134
2193
2933
7854
8135
9400
5691
6809
3771
2624
978
8853
8098
8991
9438
7355
9686
3376
3838
5725
161
7747
9453
4109
757
6002
1774
2682
4026
4676
1992
4734
1024
3815
131
2943
7813
6773
926
2025
19
6218
2119
2173
4888
1435
470
349
7718
2392
9561
1612
3816
8933
708
5756
2278
2460
4049
4395
5767
9343
8180
3770
4511
7673
912
4788
9135
9081
9809
7106
8461
6631
4608
3377
7887
1738
1073
6190
8066
4477
6877
5040
9582
148
493
9744
4918
4397
588
1071
8928
2861
661
2740
9302
2813
9748
7790
1322
4308
8556
9662
2820
3541
3108
3691
9543
6469
5269
559
3269
591
9889
6135
3909
9279
9640
9642
9395
6436
2671
4292
4726
1146
1600
6628
6825
9629
7109
3416
8403
6301
8829
8407
564
2338
8984
1805
1684
4657
3000
6425
239
550
3933
1613
5010
5547
5428
4494
7539
4307
7491
9295
2165
6350
4597
8645
6358
1728
432
5008
863
7201
9294
7221
927
3286
5837
6044
68
993
7558
178
363
661
8858
569
9337
7647
6365
5681
1515
5994
3603
6432
1862
6339
6400
1144
2043
8058
2794
9112
2962
6608
7766
3898
8107
6867
5920
1536
7710
7546
9213
530
6072
8073
5392
9518
4360
4500
8177
4400
1972
142
3884
9674
7517
5380
7641
2403
9741
3233
3
7841
1145
882
5351
737
2331
4051
9946
9593
7632
5044
8293
1395
4460
9031
9287
9732
903
441
8523
1890
228
9741
3747
6000
2890
1045
8324
3979
1413
5598
4231
9947
4865
7
5420
9026
2547
6820
2223
5193
2441
7532
2292
7123
2487
2838
4866
7443
1270
1480
9109
7017
2405
87
5988
8674
4388
2272
8796
2687
3231
6316
7225
9160
5731
806
9875
1624
9403
8806
4999
3750
2554
5037
4698
9441
5110
7916
99
2071
3465
2986
8204
6035
7474
1887
4468
8040
7693
8386
6719
6899
5092
7961
2208
3530
5801
857
4323
5860
5057
4441
9441
7407
737
1530
982
7087
988
5811
2949
916
7165
7837
2252
7099
7143
3553
5112
8643
905
5557
5390
905
6089
4267
7512
86
1307
5744
4339
8928
4483
6064
1121
568
6422
4574
8208
2241
6416
1742
44
9940
3977
2681
984
988
9101
8616
8132
8184
3762
9719
4615
8478
2692
9191
7713
4193
8836
133
5632
1450
3299
206
8481
8082
3608
5318
3521
5685
9227
7286
4943
7453
4389
8909
5312
5920
2739
6060
8653
4984
281
2554
3025
4246
1255
8449
4418
1439
3174
5006
3828
8531
8614
4128
8847
1646
179
789
5093
5222
489
9163
8168
6894
8560
6390
1294
417
3295
5563
6139
1930
4858
9978
4381
2787
829
4742
5587
3908
8620
5864
2245
499
7027
657
9749
4474
7309
8697
1106
7871
9535
6733
3317
9159
9584
2155
4285
7132
1753
9059
5407
6495
7833
1426
2367
2863
2463
2770
1559
1315
3576
1355
2438
2756
703
5503
2796
6189
1666
5845
3767
3601
9599
5478
4326
768
2794
2216
4475
3240
4328
321
4711
1871
7146
2936
1324
526
8985
242
7943
4762
3313
3600
9549
8698
5563
3343
6903
3606
7286
2720
2996
2314
8784
7225
3093
240
6314
5815
3166
2704
3073
4960
9928
5793
6216
6759
9569
5686
7022
5094
3671
1261
4841
5785
772
9465
3128
4837
7407
9911
6837
8078
6209
157
1014
5597
9766
9571
2534
3672
7719
7111
5993
4710
6088
5572
5011
8112
4808
6075
8605
8374
7547
3395
9670
847
7131
7144
9462
8654
8977
6660
6198
3126
9096
808
2611
4318
4679
1674
6716
202
1770
5809
7662
9772
2007
1002
4253
4925
801
5158
7296
4476
548
5387
39
3476
4202
4621
7695
6682
4791
1505
1213
7959
1211
6651
1903
4771
4991
9397
5813
1005
8804
9392
5574
5864
2872
2960
3373
5012
1805
6689
2418
2062
4581
9444
4102
6647
1948
8017
9323
9469
5335
6288
6559
6347
9477
8728
4112
9037
3177
5473
2927
5984
1419
6524
7517
3528
7251
6758
6928
2879
7804
5368
6599
1607
1257
9048
2067
5640
3463
1821
1144
9773
4312
7613
2068
5226
2750
1441
5751
9007
6178
6993
4929
7240
4906
2652
6112
8084
5523
218
7848
5318
4140
2379
429
5712
4289
1378
9566
5375
4610
9103
8638
4979
2266
999
2655
6274
9144
5583
3128
3343
6706
2342
7480
2277
9743
2632
1016
9438
8857
4354
837
3677
5833
2859
6272
6087
881
5087
7094
9564
5215
1017
6143
4833
3211
4073
6716
6094
5223
877
3615
2276
8149
1345
513
8061
9453
9858
7284
405
3350
6113
79
5536
3435
2822
9821
9882
629
7840
1643
5504
8023
9363
5393
7143
97
568
7589
4050
2423
7789
9999
8379
7279
9164
2034
9109
1840
2172
7563
5190
9890
1738
8800
4642
6151
719
4812
183
2107
5951
7952
2693
7269
6597
6341
5376
5364
6703
6828
3389
9152
5762
592
7496
1721
4675
5013
714
9593
7904
9137
8169
5221
8011
7701
1216
9777
7969
8254
3744
2534
202
9217
2556
8289
3916
2926
1266
753
1670
343
540
9698
4935
4683
2947
4933
9327
4044
635
9726
907
7751
8527
8517
8755
2246
8584
9612
5742
8659
7439
8654
8436
2403
7373
6323
9562
3477
4925
7141
9815
1805
4560
4223
2851
3770
900
9318
3251
8905
8825
9961
3542
2033
6817
1734
4772
3930
3153
2214
2331
122
6894
8137
1994
6656
7098
3787
2049
5249
6165
5382
7896
5933
5538
2035
3666
97
8179
1778
5278
2291
2442
1799
9552
8527
8740
845
1089
7885
4031
9837
5847
2299
5027
1934
1074
7263
1430
4428
1134
6002
4803
7710
5699
4563
9113
4277
5794
6471
9040
6545
1763
1919
4653
6156
615
5475
4938
2936
9588
8999
7360
2755
8287
8342
1081
461
1050
8650
2662
4966
5908
8362
6399
2174
2020
2989
5622
5781
6435
9964
1267
4437
5927
1011
878
4517
640
6550
6574
2987
2973
2055
4899
9957
1358
9032
2979
8129
1284
3546
311
6467
4936
174
2168
9668
9979
4225
2385
9016
8524
5029
7659
7224
7454
8914
4351
1494
8757
7384
5453
7457
624
743
9857
9155
4029
9060
2809
4237
6406
4498
6692
2144
3038
8561
8759
4704
4282
8343
5860
9333
9954
372
3699
9977
9579
1404
5457
1668
451
23
912
1706
5024
2172
8731
4691
458
1466
8739
7629
6260
203
9580
7391
6141
7169
3481
5410
2916
8282
4513
7068
3130
8930
430
1984
7756
9758
7753
1039
2546
7605
4658
5309
3247
8177
3696
8742
589
218
6956
2342
1380
9322
3133
8761
6554
1024
7058
3589
546
2138
685
5947
6898
2044
4750
6916
191
824
7400
7689
2580
6873
7504
949
1120
2139
1781
8323
8552
8029
5739
468
7801
7302
1782
3377
3990
7642
7670
419
6337
911
2906
5408
4842
4658
1321
3360
8654
3210
2310
9733
5008
6306
9072
8386
4174
8673
7982
2717
8098
1659
2643
8132
2046
4822
7880
4721
861
6140
3256
8054
8952
9334
1217
5990
2039
7493
3129
2499
5874
3807
237
9046
7811
1278
7463
8297
5710
1528
5857
2113
1701
7961
5687
3228
3789
4359
5713
3054
5884
3371
7997
7468
9321
2999
1391
1063
3909
6460
764
9
3204
4476
4036
9382
7348
3998
3190
2123
1301
2943
625
6504
8099
3685
4108
8478
2040
3181
6094
9596
8576
3508
5119
4849
832
5412
8209
9795
2068
2513
8792
293
7109
4906
7556
3319
7117
6926
3107
4267
8150
9149
4607
1448
1856
3754
6359
9097
6346
541
7555
123
6130
980
4664
7230
7718
6780
2179
1329
9767
3936
8343
8291
973
5342
903
6962
6273
7713
3887
7011
7792
3948
8961
1094
7704
336
1496
925
6552
993
6398
8549
7837
8440
9505
5004
9949
6108
5705
8946
6360
4960
7233
5544
1646
6835
6878
4550
2142
9752
899
4490
9772
5715
1712
6065
3558
3032
7856
8489
9768
7968
6884
4714
476
5487
1263
3919
508
2164
6105
2162
6821
2904
5600
683
588
6384
5937
642
3304
4181
2382
1444
2124
3496
1048
2450
4099
9544
6316
1586
5408
4788
2366
6745
6028
3384
2002
3695
7647
6915
1973
1686
7213
1056
8032
7436
476
9142
8315
457
7338
3231
1587
8305
7963
4043
5647
4733
9857
5262
7195
547
634
6473
5965
6624
4915
7607
7217
8871
7639
5231
3312
5391
4654
9614
3520
6545
2613
8106
7297
9626
3244
2510
718
4597
4384
8593
656
9134
5068
3545
5414
1500
6188
8221
1835
6654
8230
8078
8026
989
3175
7402
9553
7290
19
1490
2826
5477
9949
2545
9849
6993
7342
4706
9316
5995
2615
2598
4372
2385
4233
3157
7769
8981
8374
7787
759
7738
6931
1120
5126
7873
4371
9426
1241
5316
5381
1919
2768
3293
2902
8357
9058
1381
6372
477
1440
9543
5760
9224
2488
1932
295
5929
714
9912
5703
3946
5398
9308
6402
1151
9404
9013
322
7288
423
3
4114
3610
8569
9312
6368
8374
294
6955
8293
4785
4988
9480
2378
8284
2060
56
3461
2207
1836
6954
2358
9822
5493
5472
2088
979
4616
5132
6352
6947
6662
396
3359
3633
5109
4210
4590
1201
8189
7988
9587
9187
7126
2632
2100
861
5901
7088
1964
6207
2447
4773
9566
1424
306
8010
3907
3388
8976
8501
4100
4742
5991
8047
9812
4495
5068
4433
6391
1689
5270
2910
7959
7908
8233
9157
2874
7419
2055
6198
8798
2304
5869
2100
5953
7721
7188
2533
373
0
1347
6396
9369
569
2138
1796
5306
5294
6201
7641
7890
4386
1495
663
9193
418
5755
2295
4354
6028
5006
8242
3882
8902
3101
9114
6093
3902
3706
9202
7927
7882
8794
4885
6809
49
9966
3475
1837
2742
1279
4869
8896
386
5617
7587
1383
5809
6109
1020
2543
3922
9265
3482
7467
7218
954
772
8439
4662
813
3204
8954
7462
8883
1482
8961
3391
4632
8397
2582
1872
7324
2953
531
9400
9332
9907
5653
2632
5620
5327
7577
4540
9686
8618
6487
5311
2994
6956
5692
6442
1311
9616
5437
1234
5013
1256
5209
7568
1541
805
3337
9475
6939
9128
7799
4441
5084
7840
7665
6536
2963
7992
335
7971
3779
8566
1487
6348
59
1423
8405
7029
990
4546
8890
5562
1927
6031
4513
9764
8846
466
8120
5860
925
4687
1871
5324
4395
3357
3252
5729
4556
831
8347
2789
4600
3850
4021
7298
8606
3484
2924
2595
5621
3048
2228
1526
9714
1755
4498
3437
2160
6515
3023
3420
5419
2517
9681
4608
3768
2007
1563
3226
9526
6606
9435
7482
3432
4479
234
1327
2518
9244
8249
7907
5824
3559
1574
4569
1566
7763
6352
6044
9268
6259
4896
4569
5202
8043
587
264
1670
3864
4933
4595
840
7237
536
5539
4827
5151
3061
4633
2853
3189
3711
1801
5587
6350
2757
8566
5478
8858
3662
6262
4470
7746
7644
6838
9631
5010
828
7832
7119
8572
344
5464
6397
9115
9292
2341
8814
3341
6060
3737
3728
4050
6431
2384
4313
132
5619
9888
3334
6372
6674
4411
4224
2467
4311
5636
1762
1976
3753
7247
9720
7974
8140
5148
244
3366
3013
1796
1019
8579
5311
5579
5119
5554
1629
2065
8383
9657
6389
779
8011
4765
9572
9629
1196
4820
6283
9020
1237
4953
7408
6852
8638
7915
4868
7203
213
8708
1086
3248
2569
7203
3187
9713
2175
7753
5391
4585
697
2733
2261
6117
643
2328
9975
9697
6575
8007
8619
3091
1712
5367
2021
3055
7551
6733
9880
1102
6919
2042
9552
3269
4243
8827
9067
5910
9782
2185
9026
7341
8845
850
1055
2680
6255
3594
4342
8547
3180
3940
9319
1518
1122
5086
5721
2809
6129
3787
861
2553
9082
4312
8687
2564
4881
2057
8717
1122
3874
1824
6397
3208
8431
7963
3287
8193
1934
1260
9172
6347
2538
2392
8832
2513
4113
9807
4720
9670
1835
4044
2097
4885
2413
4488
459
5535
5434
5303
411
3964
4264
6234
1056
9115
5750
6337
8596
6995
4111
1366
2996
8531
6116
7478
7408
542
6189
8278
9303
641
1103
6234
1833
5416
3446
8509
9833
1554
9362
9959
9618
8433
219
3665
1282
9009
5311
6559
7274
6504
5706
2533
3300
328
4430
385
6775
4863
9973
1818
7649
2071
620
7724
8422
2480
2418
9613
1416
6132
6769
9872
8213
7098
8667
7116
2321
6899
5777
8746
2889
2955
7946
1173
455
9806
857
7317
6170
9846
6110
2165
5131
3310
2746
5439
5800
2450
2491
5364
2953
9036
5348
6261
9746
8318
3772
7068
507
2499
561
126
9150
7360
3407
9224
7148
626
6090
659
6880
9734
3018
2737
3317
5973
9467
9218
8061
5706
7293
6835
7390
6758
2454
5088
341
6334
7114
8606
2236
7134
8619
2445
5742
6052
461
4469
846
3147
1724
107
4382
3354
8152
5778
612
3041
6190
2828
2093
4040
6704
8713
8792
7503
9510
9070
5835
1649
3321
2903
391
346
1490
8213
6166
3249
2438
7467
7593
2189
2806
7363
5548
2551
820
4023
1744
8500
7941
9344
7956
2893
9007
5886
4775
9199
3679
9459
1790
254
9540
5069
2519
7046
7168
1665
6644
3007
6009
4572
532
8276
5043
7029
3653
5880
138
9792
1715
318
7163
4323
6788
8132
9813
1235
5483
6798
2088
2272
1796
7969
2462
5826
610
3228
5013
973
1862
3914
6052
8807
1547
8065
3568
8059
3995
55
2487
3505
6803
1642
6573
9255
6333
2322
9505
2454
498
7023
7651
709
3284
1849
5553
8432
8880
7019
5971
845
1475
7007
3198
5022
1854
1706
9994
9840
8879
3311
9295
7388
6016
7918
6875
2591
5810
3275
6661
6129
2373
8245
3700
8497
8180
4151
420
8192
7261
2815
1419
7860
3806
2938
5161
7082
2677
9579
9501
4046
6722
9275
999
2464
3339
5585
9475
3483
3177
25
2118
7403
3502
7472
2156
1115
2774
5930
8176
5574
9903
2809
1035
9266
3452
2059
6386
2195
8816
1441
1270
994
7220
7781
8004
3708
3296
9349
7762
3587
2084
3838
762
3615
6611
2879
2731
2084
2965
3432
5849
8931
5615
3890
948
9490
9821
3681
2182
6557
7174
352
9007
1161
9647
6622
8589
4679
5317
166
8299
8348
536
6236
5866
9435
3600
3954
7341
6199
7588
3611
7746
6793
7950
260
8304
2793
4324
571
903
4251
6296
8231
3877
1847
7794
6326
6543
1514
7822
5475
7425
8366
6260
1556
9544
4081
6442
9323
2374
3907
2335
9296
3482
4931
2726
7039
6487
4927
340
7316
5471
2454
2998
6993
562
5672
8955
7066
9368
7592
9195
8162
147
5694
9574
19
2599
7539
5430
6015
1392
7740
8510
9629
7186
9933
7331
4198
8176
5176
4026
6376
2898
2137
1552
2401
2436
6751
4454
5596
287
4359
3727
8017
5134
5961
7950
7289
1196
338
2860
2758
2574
4007
3350
2221
6759
6585
7424
4155
9877
5187
9306
8688
8302
2428
2281
2042
4158
3232
6459
4403
3711
9353
5115
7551
5789
2039
8603
5770
5631
7242
4735
1118
6044
8139
8596
5234
2741
9330
8836
9186
573
2090
8370
7479
2390
4095
1036
7057
3697
2176
5980
2100
5463
809
161
5805
7900
6079
9678
6388
5191
1754
4735
8513
4277
6489
9885
1013
1095
5914
3802
4996
4592
773
6492
5932
1912
9085
4638
6741
9641
326
1969
9591
982
2505
1391
7519
183
7502
698
7831
716
9616
3409
5016
2695
9761
4793
9398
2577
2147
7847
565
6961
3774
9307
2301
4360
5213
8786
9870
89
6939
1785
8362
7575
4492
5154
1318
7377
1611
8755
8860
6107
3664
1887
4051
1452
2801
6069
4876
7543
8720
2624
4077
714
5673
3157
3307
4441
9187
1306
8239
4514
6825
7315
8798
5906
3164
7022
754
4499
9210
5297
8604
3153
3424
5025
5957
5139
8832
7443
7307
3747
146
9737
1544
8945
1095
6215
4071
9592
8510
2879
3926
9436
5071
6384
460
1233
9348
8576
7042
8947
4132
8364
3076
5992
9228
2121
1790
5066
300
8778
1725
536
9567
4079
332
4661
3246
8904
8387
604
9412
6385
8712
485
7608
6119
2892
4079
901
9971
4712
1899
5178
3369
1001
9086
36
5070
6413
9063
9137
6749
5563
3665
5805
2976
9035
157
1266
8802
7138
6047
9396
8061
1546
9572
9005
8270
8526
2872
4054
7974
1429
454
2087
958
2201
3680
5304
308
5262
9668
627
2819
8491
8261
2201
1944
7062
8025
178
3348
7444
8151
5148
8617
6774
6038
4303
2747
3915
246
5705
825
7101
9648
605
5278
2930
5146
1023
1461
5197
6944
2192
9702
922
9182
2982
1465
9511
5027
9562
5623
1
935
9726
1821
403
7364
8005
7212
8428
2937
7850
6241
8801
5318
3527
3039
8311
4204
7303
1456
5117
710
6
6403
8897
1747
9538
2141
7649
8440
605
8531
3734
7074
8377
6765
6693
5921
8894
5769
2071
6205
1067
8533
7001
430
6607
2864
1108
5229
817
1746
3396
5664
4895
3073
5143
6865
7092
9660
8773
9654
2280
9324
4463
8900
7518
1657
8758
9160
2318
9702
4914
7779
1611
6028
7619
3452
6986
8308
1059
5696
7949
9963
7698
8780
6777
5811
6145
9535
686
8013
4183
374
5136
8064
726
4108
9646
8972
7157
2901
6412
6471
1398
7629
2846
9922
3398
4328
249
8158
6086
6199
7674
1936
7925
3413
5089
3206
5049
2734
6883
4627
9244
8236
1977
913
9041
3326
1482
6998
7367
9404
8539
6924
8784
2963
3139
5379
7038
3963
7578
60
5779
7085
976
2060
2640
9026
5006
2580
1786
6182
9430
6263
4976
9734
2137
6642
2215
3804
4768
1290
3915
3385
4182
457
6622
7662
7313
3969
396
5137
1755
2257
6443
7054
468
6925
1904
1412
6473
6797
5182
6331
5673
1982
258
7437
7801
7480
7968
7356
6981
490
7458
5608
8877
8604
3164
9
3331
2480
4821
2106
6314
425
1894
1286
4183
845
6888
2285
1108
4990
4458
5051
3627
785
3051
2596
207
6230
8122
1584
2673
1448
4957
2100
9676
4219
9035
6703
4044
5406
4816
6944
1149
2581
1922
744
9014
5088
1936
3887
7575
6700
2199
9906
3757
4521
8897
6595
7104
3075
3948
1889
2946
382
1995
4799
309
8044
6571
9617
1399
5000
9929
1207
6812
7102
8245
6854
8625
4830
7839
1359
8947
1634
6386
9424
9451
2088
5415
5074
6327
7164
2744
4070
336
9410
5435
7479
6204
5188
8410
754
2865
9454
7061
7617
6857
307
5107
6517
9592
6706
1711
6471
1111
1474
4995
1834
7708
610
4947
5024
8323
2919
8342
2616
2921
8032
5052
1352
7861
4694
5371
6956
7991
9250
3752
8462
2244
4623
4121
2217
5792
3334
4313
7549
2535
3620
2218
6801
6553
9940
1469
7849
2348
5594
3423
234
1098
7464
1985
2244
3250
4496
1063
1264
8296
432
4912
9956
9854
2175
7814
1456
4795
3886
7962
6272
7283
549
7894
9781
7380
1027
1046
7306
3888
2391
6148
4356
2929
9348
1241
5813
3259
5535
760
1950
6584
1245
7522
9602
7213
4498
8816
1017
5536
7689
1841
1337
9286
548
7910
2384
7262
7551
7009
933
4631
4494
3040
6623
6145
1925
1680
9898
3282
9731
8644
2037
1011
1029
8873
1270
9492
3468
5149
2465
1797
2145
424
6813
7107
5815
629
2249
6988
3960
6677
8546
6454
5643
185
6672
7229
3055
5177
5106
3099
698
2099
5366
1878
5423
3921
809
88
1850
5872
6005
4782
7756
9069
2319
1740
9822
7743
5520
3118
6830
2390
7971
6548
974
7249
3869
754
2950
1581
4258
6381
4141
9329
776
5229
2586
7946
6021
1892
6080
3730
207
2270
4498
9820
446
8854
4946
1890
939
8809
8049
5658
2054
121
2709
6171
8775
8230
3534
4361
2405
9878
5128
7348
6533
9474
8182
4747
7311
8250
4738
5098
7028
2678
9505
7728
3418
2370
1547
2906
6077
2041
3572
8196
7169
1561
653
9304
9002
926
3845
8106
1104
1158
748
6750
5838
3589
2579
4968
265
5057
4103
2258
5167
9990
9599
9796
3847
9652
7365
6145
3515
319
8725
4039
5364
6787
5117
730
1949
4829
9428
2024
8180
5142
4160
7596
3276
5578
1885
9501
7817
7520
8902
7776
9107
8857
6738
1972
8097
1772
6119
7307
8598
7800
8351
7761
6213
1206
1402
3545
6966
9861
2813
3058
3643
5150
9784
3978
5583
2217
1734
5932
2966
2314
7114
2090
296
9564
509
2458
5548
3105
8185
1750
9082
4665
1189
2267
740
2810
66
6754
8245
800
3014
2281
5701
5468
3121
8995
5936
5713
2009
8270
4523
47
4257
994
145
4039
3144
8697
5074
2225
4062
4269
8586
3551
8148
3482
2225
5518
7819
4701
264
3996
2566
211
7256
639
5788
3857
4530
9929
1047
3580
2043
241
34
600
8119
5615
4857
6088
4795
4178
5720
413
6068
4621
1158
6330
2312
5976
5039
5759
6288
5729
9713
2642
5611
390
1267
3221
1492
3603
1887
2033
8872
3979
2361
9808
3363
9928
9847
4853
5183
5529
9052
9608
1952
9287
3829
5471
6268
492
8120
557
6024
6302
8047
8826
4467
2156
3107
6971
820
6877
6381
9436
8045
3993
3105
5607
447
1522
1310
1441
7078
8125
9275
2990
7085
3898
4807
9369
7749
3845
9528
471
5711
7878
3547
3696
7083
210
5957
2489
6724
9996
8374
6310
6615
4408
3429
3519
4337
9040
7541
4904
6328
8393
1315
624
2691
8155
1243
8243
8333
4244
7682
3270
2047
1554
3930
117
8782
884
9143
8978
7520
7852
6044
9930
1776
8480
8103
272
1741
1464
2041
8190
7576
1188
944
3468
1169
8783
9893
584
1933
5275
7101
8359
5330
5608
9129
5422
755
4618
2302
5817
3176
3275
5849
8695
6960
5116
2205
2055
3042
1941
1873
8137
9602
5413
5494
1150
1091
6842
8172
4697
5573
2247
6851
2081
6370
7608
2305
2662
6654
3192
8384
9803
518
563
2576
6475
717
424
7147
2070
4539
2389
5199
5581
327
4447
6089
3909
7908
8020
614
3159
9045
8521
8723
8975
761
2379
4997
6674
8545
2369
8929
4335
4532
4221
3089
3088
6305
9672
776
8210
3862
7614
4307
6980
2564
9770
7960
9003
1052
3653
4417
7405
8344
6870
2208
2302
8314
7918
4644
4386
1746
7640
3239
3025
4354
8414
6084
1295
1578
4598
2196
5323
9898
8286
9749
9470
7801
8075
2507
5681
1605
6758
9517
4101
2024
8753
3778
4722
8185
6682
4890
5300
6622
4916
3731
6489
7186
5465
4594
4493
7876
4597
2925
9390
8521
5581
3636
5607
7822
2011
4545
2017
3189
6730
7895
8845
2010
1722
9931
1171
3472
5575
2009
4133
3469
4501
1176
3488
4985
7790
2149
6825
3099
202
6441
9065
9749
516
9636
1870
4679
9046
6168
2305
3753
3711
5471
7269
7071
3038
3061
5756
2469
5863
303
8499
5568
427
9413
2194
6999
3894
6501
7556
1232
2893
2215
9118
1494
3110
8332
6669
4140
9022
6661
4118
6758
9180
2258
4147
21
6036
2297
2502
3467
6112
345
5040
37
396
106
1110
5686
4231
2761
7296
5513
5183
5866
3926
1402
9152
852
2264
7929
2157
9180
1063
4958
7400
4059
6582
7836
5131
4456
8995
2318
2267
9788
7155
1098
9345
5164
7298
1906
1970
1860
5587
6156
7186
631
1384
3446
5747
7487
9863
614
7061
7637
9644
8982
3033
8673
7091
9070
3408
4509
242
2579
