7438
8293
3008
4446
1608
6988
8137
2625
5083
2889
975
1889
302
2583
6771
9306
3273
555
5078
7486
9544
7971
7175
2276
3082
6529
9598
3519
1324
2729
8923
7202
9010
2605
406
1033
2105
6024
541
3958
4502
4162
6055
4414
854
2912
8865
6897
8194
408
4571
453
3910
4012
5323
5277
4089
4785
7177
5627
4967
3174
6944
2619
9156
9735
4925
2002
5593
1097
1526
656
5815
8175
7870
1818
4708
7820
6142
8644
2588
7291
2187
8937
8422
4179
9609
1725
4608
4855
3193
9280
6954
1832
8490
2041
9672
4707
4022
1790
5687
5650
2619
859
7938
2388
4474
5241
7707
5384
1205
8797
7067
6191
1116
4562
9569
5541
7144
2628
3591
1769
1000
7349
508
4768
2226
1820
9285
3549
1129
8643
1791
8298
345
5564
6942
8945
6240
1037
7411
6565
6094
1532
2027
9180
9745
680
6444
4861
6944
6786
1631
6997
2686
1313
915
1463
5873
7068
5514
1213
9906
9861
3887
9446
6499
8066
1402
5792
8365
7515
4626
6718
1312
3144
7386
4465
1261
1900
9721
6764
5835
1130
8057
9398
3866
4338
9280
8586
5138
9126
8880
5615
1302
2220
8387
9203
5502
2276
2750
7095
8531
3030
2339
2502
2741
4155
2647
4513
2495
4662
6994
3781
281
6292
2917
315
8343
8452
28
1161
9674
5787
4675
4801
2162
4564
6249
4320
2602
7573
3782
5863
1572
4417
429
6917
808
4395
5631
4725
1948
1054
2706
6672
1689
8275
1465
6469
9593
6822
8416
4767
9125
7944
3580
6855
4840
3784
1690
6506
8438
2875
5639
2514
7695
2713
2125
6244
7938
9178
2976
6431
5524
7209
9231
6874
2572
6892
8528
2513
1438
6407
5054
3205
7469
7345
7582
373
6513
812
4723
6290
1708
2888
7604
586
9820
6804
5131
22
9789
3533
64
486
6014
9509
8086
4253
8168
8584
1073
1568
8782
2722
6881
8303
8109
3257
3890
525
8020
6152
5925
6811
1800
1051
4878
9876
6922
6655
5725
7753
9420
758
6967
8864
2719
5663
5910
9150
637
9175
3662
9522
8469
1130
8858
7797
3886
1845
4473
4566
3971
1167
2468
2121
5664
9123
7700
8122
5348
9119
7174
5495
3613
8966
6582
4292
9403
9417
7788
4585
2315
1107
842
1629
7316
5021
7927
6419
9709
9807
2404
779
8061
9130
7310
4536
6844
805
7093
407
4323
4582
7421
7402
9371
4191
1115
8399
6633
4136
9992
4502
5530
5944
6418
6071
8531
881
684
9965
1960
9868
7398
2886
1062
2254
7662
2453
5847
9424
5255
1994
7981
255
5941
3975
740
4657
2903
4257
1522
8880
4003
9305
4306
3485
3225
7616
5400
3796
310
6501
213
6118
7825
6503
4416
3761
6816
9163
7469
8726
3917
1401
3355
2601
9382
9085
4368
6697
3465
3130
4100
5404
663
3010
531
2678
7229
2201
9830
9133
4953
954
5718
404
7368
6076
7503
3779
5347
6772
4825
3479
166
5761
8134
3735
4448
5806
1475
7251
9078
1401
6166
5592
3617
525
4482
4151
9645
6455
8697
8396
412
8912
1037
2017
6769
8226
8605
6806
5640
3303
6899
6562
1462
4808
2532
6522
756
839
1696
1636
7429
9017
1478
7666
2196
8202
1576
3389
5459
960
9279
3536
9419
371
4670
9101
4806
9632
5805
4809
9057
5210
5476
2090
4511
3157
6310
6386
3693
3507
4296
6165
4950
5392
6165
9841
9451
9070
4995
8368
2958
4009
1605
9953
3333
2948
2298
4065
1600
9083
8096
2433
9250
2008
8093
2767
8320
7381
5776
7584
4010
1287
826
952
9636
8411
5689
9704
6439
3362
653
6160
9527
3860
3580
6206
7102
4192
6584
5823
5703
1626
1868
4181
5435
7877
853
6319
7860
7896
8376
7312
7368
3273
7281
7026
7834
9804
8431
7163
7772
6287
8689
1554
927
6601
3331
8035
2749
9302
8162
3269
2156
9949
645
7209
2257
3881
4825
8296
398
6194
389
5553
1933
1863
1853
689
7936
1795
4013
8602
8937
9304
871
5772
9402
4077
2638
2574
4761
6474
4754
7867
7902
9803
6896
3082
6390
7741
2243
4870
3408
703
4648
1354
77
6960
2359
6596
8031
9952
3746
4360
8655
9404
1122
3955
9675
3907
370
8891
4308
8977
4023
1860
8370
552
1940
1088
2593
1229
7602
3864
5962
521
7270
2709
7515
2725
7548
4864
2573
8934
9673
814
5875
5920
2313
864
9560
8631
4893
2533
7251
4206
7549
5024
3206
7701
5340
6098
7453
2830
7341
7160
736
5460
5866
837
776
3978
1221
8967
2239
2258
3971
1405
5024
998
7054
748
9140
9792
6551
6897
9619
3952
6636
8589
29
4977
1066
6836
4715
9269
8761
7864
6456
4036
4140
6532
734
1860
5840
8394
8412
8897
7036
4808
3411
5119
4691
2452
2751
6436
3401
6298
8115
6298
8217
7514
5759
5837
7324
9342
6623
5707
5389
1370
7269
4810
40
2361
9480
313
6552
1187
5346
3134
271
9247
4095
2616
825
1786
7605
9930
2321
2766
6022
3901
784
4370
6865
9811
7851
3951
9089
7836
2759
807
1776
7604
8192
3236
8111
4969
6795
6579
7905
4056
5842
8705
9650
9564
2857
1
3621
4112
2793
97
5499
699
1411
4587
7202
7432
7673
6518
2373
2246
8782
4566
9462
2118
4187
4901
7645
9328
9453
2370
7501
4672
9936
1837
6570
1246
1351
5816
832
9915
3740
5269
6763
3347
2764
8804
6307
2015
5243
2
7698
6826
7360
1488
7929
9952
2186
3212
6584
7022
5259
3669
1998
9830
5798
5816
8213
9395
2631
3326
9946
1847
7609
4869
9679
647
2900
5425
7709
8698
8556
4560
2804
4393
2574
6865
8012
9087
7635
978
7698
4512
9377
1037
8198
6494
7380
6608
4638
1648
907
8300
7763
9222
6090
492
1240
7181
7930
6907
9862
3830
9031
5592
3841
3281
9924
6998
7157
8377
508
8406
5272
8175
114
684
3185
6484
6237
2647
4822
8991
9035
6381
5193
4933
2362
5492
3224
5768
1019
6044
1795
8926
5998
429
1782
6427
7126
2183
4683
3255
8406
9122
5303
7657
2926
6554
1207
3380
7925
1899
7469
3955
7068
401
1661
4157
8386
4286
2491
4314
8252
2565
1688
2286
3238
1954
673
3620
2505
1014
8241
9867
9147
7414
1359
8343
8254
6467
3345
586
5311
7821
797
4315
9650
8980
897
7357
9694
7176
7659
9131
3946
4199
9842
5757
1373
7276
677
890
1798
2935
1348
6528
4981
8752
3553
8805
386
9127
4982
7399
7773
4874
4900
3920
1473
3498
4025
1686
8007
82
1375
9826
367
1665
9813
1550
7747
9497
8772
352
8294
2792
4580
6927
8368
8919
9819
6566
8728
1689
8070
8791
7661
3465
2906
3373
1087
1339
696
9400
5458
1063
5643
8428
7014
9539
9585
9010
4695
4244
2880
3379
1893
1837
9595
18
8100
9424
3288
6876
8319
1579
4862
8570
8030
6601
4162
5067
1356
9990
2816
322
8682
3182
4448
7788
3082
4189
7071
7167
6332
8167
3213
1093
9919
5846
9999
1184
8225
6247
8653
9306
9691
875
9264
7860
6816
3249
8129
7407
1949
5490
7269
5557
4628
7196
5510
1208
7234
7264
1676
615
1358
5567
2925
3927
240
9409
1052
2783
6941
1314
4439
8129
7340
5111
4416
7259
1218
8135
7056
9629
4824
6272
9839
4730
876
9484
8166
6149
7967
5208
8438
5378
8590
9909
4075
6809
797
3257
7978
8934
5118
1957
5223
9803
3359
3980
8981
5454
3091
5929
6841
8319
1708
5371
5211
4120
8749
3944
6043
1830
1941
7885
4845
9977
8883
5701
7814
8694
8306
8224
232
7485
6294
6735
5252
5772
8690
1914
9946
8691
2118
1586
5670
6576
6131
964
7221
1912
1319
2006
3805
1580
2402
2211
3007
5014
5925
3420
8807
5281
2845
6494
8549
9844
8598
1628
4465
9501
8986
1179
9207
1750
9716
8019
7205
7243
7449
5415
757
7037
4741
5228
4343
6032
3155
2211
5510
1635
9577
9518
5780
6648
5401
800
3064
8195
9402
7103
5366
5577
8133
2871
4777
4351
6979
8934
5775
179
8099
1111
5997
1007
8453
5500
6148
9948
8561
4351
357
8265
2890
4018
4449
7341
7603
4833
2043
377
7902
2167
687
2841
6213
9094
8960
9958
7320
8093
1434
6895
2818
2090
9584
4354
7902
1647
7548
4016
9343
5065
8469
7839
641
5183
2442
6224
467
5756
6639
8800
3177
1982
7666
5522
1410
5145
6514
4837
217
8895
753
5761
9814
9608
9246
751
4317
2142
4421
5937
4879
385
8357
5144
1263
9789
7657
8187
8382
5352
1062
40
197
3354
5739
533
368
4006
580
9767
1120
2711
5426
5444
4574
1337
116
8295
7169
9467
3294
3722
5489
2173
5826
1119
8937
1874
9630
4841
1345
9814
8775
1892
5535
341
2986
9430
5379
9538
8610
5243
7730
9385
8611
1378
1010
2796
4877
6968
7799
6538
1354
6379
9405
6014
9605
6557
733
9967
3893
9880
8954
8662
4797
6213
931
5827
8946
1253
5280
4778
7175
1649
7341
1171
6142
1531
928
5836
5192
3484
1351
6850
9513
7016
4129
9063
6327
1799
4412
144
231
5145
7345
6671
3317
6070
8685
9865
9885
414
1768
4584
1099
6007
7017
4289
1983
8880
841
4006
6833
9729
4377
9327
8291
8465
1321
939
599
2271
5490
2906
1715
1524
1461
1984
7290
2803
7097
9290
5388
9749
4478
4416
1099
4906
4690
8467
1653
1951
784
538
2294
9207
4672
1154
6609
7217
6942
1417
9147
923
1854
3645
4822
5739
2803
1006
7252
245
883
9560
5705
1902
9700
6928
2238
9149
3061
6457
4819
3479
1378
4478
7986
2652
2895
2724
8293
2129
1429
1130
326
7102
8767
2592
7043
3965
9657
529
2862
1748
1448
4642
120
3854
9409
8765
5314
7321
3867
8609
1435
5865
9435
2509
6831
1763
7945
1792
8499
6288
5087
2432
7035
1966
8510
5081
7429
1110
2525
5084
4902
5466
3184
371
663
7126
2271
2551
6367
2049
6523
9785
3293
4143
5665
3272
8760
8607
6940
784
9441
5543
3599
3100
9598
9299
5740
8833
509
5536
7379
3579
8454
7258
8813
8770
4706
5655
1999
7757
7788
524
9590
6241
8282
9606
8442
9335
9027
5752
6513
1596
5978
1637
8851
4352
2936
5121
5120
428
9937
7796
9089
6012
7427
5427
6294
3528
2746
6029
8422
8822
1732
9892
3176
894
6190
2294
8173
2161
8871
6852
736
8544
8353
6836
6846
4321
333
7638
7485
2240
3276
9843
2589
8711
2657
1100
400
9905
4843
6527
1524
8213
7505
2686
9881
2095
1205
7256
7578
8295
5313
6301
864
2534
2176
5302
9575
6610
3979
3512
1133
9202
345
4423
8425
7396
5145
9339
2373
3777
3516
6532
6139
8837
3956
2952
7410
2794
3355
2630
7728
2016
5448
9728
5598
245
9942
9721
3357
2415
4748
5628
7230
2728
6692
3045
2391
4561
2639
9572
4775
6090
3767
3064
2168
813
5795
3361
7749
6565
5789
5750
1595
487
4355
8133
5851
9169
272
4885
818
6185
9029
8123
3522
7454
9153
645
1780
1544
9990
4272
9432
6882
8574
1724
1835
2123
8269
5145
8116
6927
5539
174
5761
9216
9394
4218
4627
6604
4420
7668
5973
6563
9915
4393
425
7156
1427
6183
4377
5794
2142
4379
5442
121
2184
6405
7467
5922
1117
8749
2932
5385
1526
6029
8614
9946
7994
8365
9742
6275
2936
6462
1809
2630
7832
3858
2775
4237
5677
6587
2223
5107
8968
2622
7070
6658
8987
4485
8340
4310
3909
7550
6690
5599
5818
3416
2260
2653
4603
3172
6797
4484
8523
7500
7362
5188
7150
8191
3065
6041
7817
8585
1211
103
1747
1217
3138
2016
5381
4444
5934
6245
7870
2317
1122
3788
4376
5427
3269
2394
6586
163
5079
7066
4254
3349
5253
5176
5659
7261
1041
5946
3126
481
3365
7612
8339
3510
5799
9317
5060
6299
4653
3397
3402
4889
6640
3502
8297
735
1578
2056
1484
5494
1325
101
8654
3953
4319
2610
9775
5968
8557
4742
1104
3505
87
2096
5221
4191
3767
847
3568
1560
6779
5104
9589
7174
9908
2635
8931
5825
1356
5623
1006
8513
6422
48
1511
7760
8087
6320
4141
2806
5829
9638
4682
5163
1031
430
5842
2869
931
2997
2217
1657
8836
4250
9083
9105
5613
380
6291
3170
447
1529
8458
3446
7555
8289
3757
6493
4126
2129
8247
9035
1092
3738
9698
2383
5338
4528
1808
5170
6897
8792
5506
8294
2454
5088
9849
7472
819
9300
725
4487
1691
8756
4145
6947
5881
1199
635
2030
298
8726
128
6701
2278
1757
2856
9542
2479
6927
1229
7114
7869
8337
5660
6987
7401
1013
4462
1163
8125
4585
4687
3282
3258
9891
3931
8674
444
4808
4350
617
7650
7747
9243
5518
9354
8179
9198
4285
6676
3905
9061
9089
7321
5019
1107
9117
5437
870
3627
9054
7781
868
5807
2916
105
738
3037
6236
2493
9950
8685
4466
8274
5248
7716
5041
7910
4189
7817
7324
4329
9129
7949
1534
7954
2667
7771
6009
6034
5584
9944
5009
393
5836
3684
1397
2279
9928
5037
407
903
783
5614
8523
4084
1006
5267
1637
8635
6141
2675
9552
4871
2104
961
3559
7534
9741
3162
6054
2572
5549
5488
2853
9211
6417
4182
5328
8588
6717
1394
2544
1682
488
2972
6520
6652
7364
2883
8181
1668
7273
3832
8661
3927
5236
9625
2667
1038
6297
4895
9691
9181
6767
9010
8500
1803
2548
6466
7912
5635
256
5116
9693
4966
6820
8341
7169
2466
4412
6528
7591
5725
9550
398
3002
8170
6112
3626
8425
5421
6240
5950
4550
515
9962
8096
4610
9806
2732
2510
7109
4370
9910
5394
3780
167
2151
9606
7990
6076
2127
5895
5284
4704
2531
8113
9454
6897
1213
8203
4674
9918
1261
3316
4268
6756
5384
4005
9390
32
2843
1000
1614
1227
6639
8876
736
220
1685
7277
3473
7324
3261
627
1754
3482
9848
2043
5428
7398
1113
279
2350
4244
6228
3425
2188
754
5333
5132
8822
8762
3325
8706
7133
1936
9697
8970
8700
1696
2169
4810
2770
4669
4758
8117
2432
2645
5496
2537
395
2991
8885
9927
622
8103
7795
6018
615
5061
1252
6951
8333
6434
6309
6333
4498
7141
8490
5763
2011
8558
799
8571
9359
5389
174
8547
4530
605
8353
6050
5606
8057
7879
7889
6969
9459
6721
3399
1011
4889
4670
2551
6599
4123
7800
4670
6388
297
1019
272
2454
1264
9689
6967
2326
7417
5080
2444
8081
1985
4390
2719
2881
2829
7125
7928
1794
2845
2091
3887
1693
6687
7709
7582
3053
1942
4265
7970
6856
3228
2265
2832
3916
7120
5263
4137
5647
4649
154
6483
190
3577
1720
6953
1861
7234
1833
521
2021
2824
1386
6912
9601
5694
9283
8153
1144
4477
3099
5797
1884
441
8741
4334
8284
9294
4946
547
6090
3340
1070
1553
1496
2588
7120
591
4276
9316
3397
7403
8568
1928
6048
4015
4843
591
7475
7090
4616
4383
3718
3897
932
4206
7264
3684
1779
5142
3950
8925
8527
4763
109
7550
9419
3237
8249
551
3513
9964
8237
3957
4709
8622
1095
5825
4654
7235
7718
5008
4586
2189
8291
6055
1986
5134
9426
2711
3408
3135
9546
6823
394
583
4241
1199
5019
8525
3389
9435
4416
5935
1579
4840
4150
7340
648
3619
9352
7549
2291
8664
3535
8689
4537
9964
5346
6463
349
6361
3544
6611
6478
6601
425
423
8827
4916
1120
5316
6914
284
9503
9032
1439
5930
7288
6277
1006
2531
5906
990
2843
1915
6268
5092
9143
8301
3304
3850
2438
8928
5522
8008
3342
4424
8099
9740
659
9957
2692
6016
3545
3533
6768
9256
3465
7583
706
5662
6332
9745
4644
9231
4220
357
6959
6573
6538
2814
6872
5501
9732
6618
2522
7542
2086
6193
8701
5092
1292
5192
7946
6537
2007
2873
8394
7303
5297
4553
3602
9786
7214
9345
3016
9541
1332
3130
7233
3470
1449
1890
3730
5939
7001
2462
7942
7592
5789
7761
1815
120
6543
8758
8421
1249
8916
2915
2927
9654
461
267
8945
4028
9762
1993
9345
4998
634
2898
243
3220
4735
8511
6420
7888
5947
6435
7450
9906
7438
391
3841
1342
784
3158
1459
2184
8122
3579
5537
4520
813
6315
9097
8739
7390
8458
6149
2556
9667
5377
5197
6669
350
3675
2099
859
3367
1614
1363
2528
2494
3523
7132
3787
8358
4804
1156
4236
7956
9888
4994
599
7779
2187
5235
5971
5906
3576
2620
6114
6563
1417
3807
4183
6256
3876
2787
2584
6969
4387
9625
8978
6673
5660
8306
9155
8819
8888
6141
1455
2480
6820
9234
5395
5070
2573
7920
8859
3783
840
2242
1431
5205
631
2358
3912
6863
5411
1596
3452
3760
8384
8380
9361
8062
9718
4093
4614
3630
5391
6836
4826
6080
6751
2855
147
2217
5620
5768
3501
2359
9766
4077
397
4016
3260
911
9672
3612
4184
1314
405
2158
996
4771
7916
1847
3252
1645
9813
3440
4398
6468
7182
5053
399
6502
637
3719
3068
3313
3261
1924
3499
8927
5572
6230
1134
699
912
2089
1595
7881
264
1524
1396
7135
5817
2146
4298
2719
7629
2775
681
669
5605
4297
8619
2388
5372
7816
5662
9358
3715
6965
9262
7396
6660
1006
110
3944
9347
3441
8498
149
5895
5991
7975
6118
619
5830
9225
6605
9248
1843
2080
1712
6621
5683
383
6388
2392
1722
5096
9629
5461
944
3654
2381
3903
4553
275
4983
5439
9961
4009
5630
2579
4319
7218
9444
9716
9968
8555
6118
6210
5952
2410
2182
4820
4115
8028
9947
3963
3588
9427
3543
7909
566
1114
268
7995
1566
9110
3460
4132
938
5447
4022
1624
8538
4798
516
841
5314
9322
8119
2304
7560
3050
9083
2868
7131
3284
53
4961
2593
1615
4491
6309
3357
7915
8126
5739
6415
1682
7612
5526
1533
3449
3221
3255
3184
2348
3393
2107
8639
205
9468
4049
2110
8673
2191
4553
101
847
7396
6467
9772
2357
6858
6130
9390
8720
2457
3113
9279
1520
4317
8897
4652
5494
618
8801
1142
3163
1131
9267
468
5434
3362
4034
7407
5038
7162
7991
6016
4753
2118
6775
3695
3780
8713
9148
8726
1943
1743
447
9090
198
7573
7613
1966
2612
3458
3258
2885
2228
6233
791
9949
9077
9497
1813
9222
5560
8282
7405
1928
9357
4782
827
245
1231
4033
388
4238
2940
4955
1152
1689
3995
3270
9584
3511
6285
1304
3184
5139
3946
9318
6835
3504
1322
7820
7573
800
6982
4850
1258
4924
1609
7449
2201
6751
7521
6988
3595
7196
1214
523
3484
9329
9947
4213
3777
4690
9264
6968
5220
8074
8050
6499
2288
903
8962
2598
857
8812
8952
397
5731
8535
831
2600
8048
1439
8783
7504
7971
4197
2343
7979
706
25
5993
1650
1327
8032
5705
7189
5458
2212
490
3307
4671
4383
3083
4096
4276
5167
3114
8591
848
4619
2706
6915
906
3184
3412
9637
444
5196
2115
8119
4262
3055
1034
226
8670
8554
6674
8790
7612
4774
2665
6065
6998
3594
3161
1236
2958
9886
1517
7769
4335
9181
3654
8395
4072
2716
4417
3710
7259
3264
4867
3654
9524
6818
2576
4009
5670
1511
1899
900
6366
3343
8418
4760
1121
2153
4120
1035
8046
9843
8033
4066
9514
1661
7067
4652
6191
2058
4797
1900
6342
4969
3002
4171
4970
1436
9887
6640
3189
7
3153
7982
137
1984
9019
992
3532
3028
7052
1842
3398
7057
6858
9866
5945
998
8464
6674
9367
700
478
1156
2253
4636
7450
4832
9433
5244
1026
5568
1628
4893
5302
9800
7533
5110
1228
9832
3861
5654
144
8005
5160
3598
7130
6274
8503
116
3790
1378
8886
1569
5401
4167
1935
8275
6625
8563
7778
781
9139
725
1341
857
7931
8460
9039
7486
3980
9349
6848
5263
7243
8582
7515
3840
736
1781
4150
2809
8960
8727
2399
7613
2304
4996
4434
4231
4140
3845
7646
7822
6336
4223
9993
7096
5501
2376
3372
6257
6653
8043
2364
2188
3716
4282
1760
7350
3929
4224
272
2948
4219
8752
9484
5797
9176
5983
2521
1655
3734
6807
1308
718
585
3693
2141
4429
437
3373
2121
2719
7332
4668
7462
8822
7924
1208
4850
7331
8959
6260
500
1616
6249
8440
1903
5956
3320
82
3935
5579
40
151
2085
8973
6251
1813
1875
4930
6665
6368
5250
3483
7241
6992
6304
5710
7879
6382
7267
9281
6907
3098
6626
8115
1046
4458
335
6868
2317
7721
9559
8000
4596
5968
8194
1911
7164
9029
3811
3919
2307
2844
4004
1022
333
7406
8073
9717
2447
3914
7954
4525
3010
4012
8158
9636
797
8478
6324
2008
4145
3305
504
4221
9934
2891
4886
2750
4719
1430
2592
9361
6137
6939
6147
1046
2700
8894
5337
853
8879
2925
4001
7738
9645
7506
4970
4558
2
1938
3050
2013
8210
7014
6638
4652
1936
7184
4696
3492
859
9327
1510
2608
2471
7613
4152
6316
9824
9725
3187
9163
3433
4806
3796
9108
7705
113
2949
7403
9181
5446
1829
5299
2518
3177
5564
9426
4313
7137
3745
6836
3336
7878
2816
5968
1962
3375
7375
539
8656
4470
9882
9975
9996
6705
3356
1924
4573
1467
1019
524
662
858
8396
9917
4045
1009
9457
7067
7094
1898
8054
8374
3434
8311
8584
6705
2525
1552
2630
5293
6478
8428
2628
8150
5131
8079
4432
8076
7837
6862
7506
9875
4736
5892
379
5368
7508
1081
1685
7147
7658
3833
7315
496
6674
4707
5560
1237
5010
9894
7735
780
6062
7864
4727
1083
5363
5489
7630
5346
4118
7694
6912
989
5760
5914
7097
2655
9452
8340
4192
2639
6507
7181
347
6040
7817
4933
9880
9287
8225
4288
7247
4746
4725
1976
2122
9540
4941
4090
5841
6697
6010
6162
3864
1317
8759
9734
7309
6093
2511
1627
7618
2313
3404
3327
4535
8839
6875
8970
4965
7407
3231
1911
8352
9763
4429
6989
7217
4398
7487
913
9838
2382
5669
8656
7410
4587
9431
424
4035
8808
5407
3233
8868
7050
7821
1419
9956
7661
3784
5580
1520
6420
2506
6416
8014
9893
805
9709
9440
4157
1039
7299
309
3103
1274
3965
6082
3605
5302
7608
7594
7962
9098
7721
1414
3745
9476
9463
7899
6512
2668
9264
8223
3202
6137
3518
2425
1193
3162
8405
9018
2638
5358
4371
9296
1799
6172
7004
7382
8450
873
1037
8806
4127
2070
3912
7667
8462
2761
820
8709
8054
7402
714
5148
8813
7259
4690
8334
7892
4732
2449
3343
4094
6003
1481
7145
125
9235
8302
1238
6957
8496
9762
7758
8870
1572
3596
6185
6347
8354
7396
2387
789
9557
7804
5285
1895
7560
2474
2867
6547
2564
7537
7011
231
7936
8709
566
4250
4248
5115
8603
6581
3212
8393
2096
7560
2181
9293
9976
2027
7133
2566
7929
6092
5483
8233
3476
8048
4067
1689
72
3699
774
4092
2075
4982
1622
1001
6043
7608
1185
1354
3501
4806
3571
1316
2916
2579
7688
463
6199
746
6649
8441
4076
9624
7152
175
2970
2852
1705
5912
954
8514
837
9201
20
9281
4898
6913
6343
7358
9201
8881
1230
6537
2824
3434
6974
4796
7834
5970
8767
1985
6023
7775
6151
9678
2303
8663
9910
6328
3557
1494
7917
4074
3831
9426
1953
4005
6735
5470
8384
5515
1773
2216
8379
7176
1512
8911
3276
5832
2738
6434
6136
9053
1684
6712
1417
209
7628
809
6445
7202
9883
9075
1567
9440
723
9209
794
6199
4958
1911
3844
3076
6040
8053
3
8301
2918
2720
7675
8719
6423
2160
5820
8855
4626
8070
2760
8315
8161
1890
6548
1146
6149
7171
4395
6431
482
306
182
5861
8769
6185
6512
2009
1659
5595
9021
290
6629
2420
7132
8867
2468
6292
9502
7955
6504
2058
1023
2097
2220
7014
5531
6549
4599
9596
6327
5746
5646
417
5158
9581
4616
7826
3801
844
2407
6678
5878
9476
2206
3987
9606
5149
9121
5864
3452
9838
7900
6665
4487
249
3453
6533
9953
3360
424
5258
5199
5123
3334
8968
9176
125
399
3000
1792
3878
868
6177
8627
8026
3713
4977
8277
6553
65
8264
8812
202
5529
7716
3329
3954
1161
8282
9870
6375
5267
5957
4488
5056
6593
2589
2531
8155
4132
3928
8990
1066
8779
9649
9152
8250
2403
3767
4813
3300
2326
9013
1985
4119
1200
6493
6512
3269
3970
5860
7375
1121
813
9779
5814
4479
1036
9808
8410
4231
6518
6249
9104
9860
1325
4206
1529
4398
9279
9721
9096
8063
3370
6789
5678
1010
4834
6523
9384
4804
9808
9416
4273
1274
9705
219
7835
3030
2680
7643
6860
8011
9810
262
2822
213
2935
6885
7138
8306
86
1198
177
7578
5226
7400
5777
9499
7515
7478
1415
3547
5931
6041
5772
7871
7818
9020
697
1939
8727
5947
9120
4347
9883
8808
6346
7792
7511
3112
8195
8238
9432
582
5649
2653
4391
2748
2341
5789
9395
3912
1942
3523
478
4363
8017
3279
1371
2251
4771
1512
3805
5906
118
7105
9303
5723
782
3907
9834
8649
1301
7976
1215
8849
3130
7391
1571
340
8493
2519
6588
2730
1215
9366
9242
2508
2185
9113
9108
5606
8229
6482
4391
68
4959
7252
4156
7466
1022
2017
221
4471
787
2839
2676
5070
5581
3126
3149
9894
6609
3369
7750
9509
2118
2718
5286
6187
4389
3269
5299
791
4337
9046
8627
3468
6112
5920
6208
315
6659
3499
5277
2463
6350
8092
7615
746
6268
1453
3386
7023
1577
3447
4602
4586
9920
2662
1190
8339
1200
2951
1090
7993
6267
3253
3367
7102
5275
2739
2413
3017
10
9622
7431
9992
1551
6918
258
2122
3225
4676
2594
4297
5640
5406
2354
1649
3359
4979
2651
2486
3798
4340
8394
6745
7683
5828
6607
6636
8265
6340
7736
9950
1628
7865
8615
5397
6269
9742
1343
3202
3778
1529
1762
8580
8937
7815
5478
5928
3890
6864
236
7502
330
3430
3078
8693
7279
2336
9458
9527
8054
4052
7619
1160
5410
6064
7302
1471
7447
689
6944
46
4613
2500
4123
7337
856
9463
1015
9340
6296
6921
1744
4421
6973
9964
531
4870
9273
6358
1098
4835
5090
5339
2937
6594
800
4118
4962
1508
4735
1117
3326
8737
4017
373
1482
5802
4201
2844
7522
1260
3086
5253
3921
1371
7037
9523
3350
7219
4461
3744
5412
3262
6028
6145
9738
9350
9571
7577
3111
4348
7713
6704
7325
381
3252
9034
1647
3523
9559
4851
3236
2303
3261
5341
6868
1653
3626
4774
4206
4722
3967
2304
2784
5509
9180
4424
7243
4160
8107
5881
8654
1930
1813
9176
9395
8933
4777
5991
7709
1892
7379
9492
713
4867
5228
3526
9425
2863
8999
9345
4384
262
3770
9374
6627
5316
6653
9880
818
8558
3222
7913
4121
2642
5134
3173
7227
4554
1994
6173
2328
8169
3310
541
9743
8781
74
9685
8507
9200
7813
9041
9200
2322
3037
8146
3314
6519
4264
8843
2872
9197
2835
2910
5228
7985
4327
9148
1779
5079
9807
6112
7425
1360
1195
9937
3059
426
8991
4826
7798
106
3329
5137
4752
2664
6143
607
1133
1471
6484
8383
6143
4576
8252
9112
7544
9821
6290
5724
3843
2231
6694
8345
4297
57
3260
4389
4870
8870
797
1361
663
119
4424
8725
3014
2847
5016
3984
2498
7101
7601
8536
7999
3401
1083
4624
1819
2561
1527
6463
9445
1904
7928
3665
3760
166
8682
5966
7034
1324
9499
4901
6247
772
6284
3125
7449
8470
2259
9407
8890
3720
3661
4430
7937
7694
4130
4522
153
6926
9364
4324
8517
7799
3625
7572
8097
6863
2463
5311
7033
5374
6484
507
9493
1322
6929
7431
6618
2686
5133
5343
7296
723
7595
6000
3351
6293
7643
6595
4398
9245
3633
8085
9031
6489
6498
6674
5490
6928
98
3559
1533
4046
6036
9008
399
9507
2154
5527
8764
3715
3945
7684
9533
5543
1917
9944
2927
9587
9697
9206
4118
9850
7722
597
9915
2322
8488
874
4358
4638
6049
7571
3804
6054
1011
8585
9555
7355
4146
9
6658
3930
4600
129
3849
1827
5580
6868
8223
5092
5570
4122
4596
419
5473
8663
1862
3951
7471
7374
5558
4005
6457
5673
6669
2920
8716
6351
1741
733
4642
5245
5606
5811
2234
6340
3066
5327
6323
8611
9567
6592
7107
7160
3489
3806
2254
2652
1079
9002
1679
7016
5629
302
2536
3772
4297
5465
5051
2394
2389
9566
7914
7901
9923
527
4779
1047
2382
7102
9042
615
5600
5516
3100
84
2443
1311
8126
6478
5467
9364
1380
1262
8834
8801
5505
4554
8083
5589
6523
6873
4816
8860
3580
1434
5814
4350
2223
626
8896
243
6344
7227
1001
3007
595
5339
338
2943
8237
8202
2318
5226
885
9205
969
1150
80
1620
7700
2227
1257
8601
2446
6706
2441
8305
1815
9058
8936
6243
2477
3254
8509
7097
2489
3721
2554
7433
208
2300
6218
9550
137
8450
3891
4224
1263
5057
2554
2051
4875
8851
5709
1343
2864
3896
2945
8345
5361
7665
5688
6561
6509
6637
2275
5348
6953
5309
2986
5235
9831
2869
3195
5906
1596
3018
5908
1654
2797
6703
7214
2730
4721
1017
1472
9898
5730
8207
6762
6220
6325
8855
4564
7029
4405
5072
6601
9009
7773
2374
1310
2771
3577
9823
2846
1567
7463
426
6022
9605
7393
9125
7477
2505
1054
2005
8943
4139
760
5473
5977
4678
4136
1256
2644
2508
2295
7319
3623
3654
716
8329
9691
4737
3466
4568
1784
3393
9033
9382
1499
8174
7466
133
7493
9064
506
1623
1180
340
2069
5187
3446
5284
641
8563
4849
8620
4820
7291
3853
3685
9114
1515
5080
3564
8110
1759
7960
4613
1646
2829
6680
3907
4659
3772
2933
6933
4471
480
6440
2608
2718
796
2090
9263
9592
4908
6547
2528
6964
9665
5416
1169
399
2627
4049
6911
857
9813
7634
8810
9730
7638
8867
390
8183
7394
1471
4691
480
9788
7398
3494
6214
9678
4996
2183
5266
2112
2384
201
2747
4567
4749
7816
8620
3252
5554
1182
2539
3227
9452
633
8910
2044
2535
5996
5750
1757
9164
6707
4107
9718
23
5190
993
6730
1789
1388
1594
7935
2851
9649
2255
487
1543
1290
8622
4837
6753
4504
2038
8945
7170
6881
6962
1270
3486
8862
5022
1660
1702
4906
9628
7974
4338
2968
1013
9373
1445
7046
3787
2504
4668
1096
7087
6528
4159
1796
1061
8210
3009
7927
7288
3352
2646
475
5516
1719
9296
8693
4788
5255
4248
8076
4354
3258
6416
3610
9527
6635
6596
3611
1854
7382
566
165
176
9029
2307
3068
7353
5483
5601
5576
8724
2378
6633
2443
2402
6968
8263
4150
9062
3449
3726
3999
9726
8173
1603
599
595
1217
9150
6979
8923
1118
7084
4929
8739
8387
846
4222
7002
4843
2921
9273
2373
6946
7381
8389
8254
3959
3107
7227
9668
1945
6143
6295
2819
6599
4534
3095
8314
7092
4946
4935
6590
6200
2470
13
7861
125
7683
8597
2492
1764
8933
3263
1132
380
1176
81
8061
7541
6780
2114
1376
496
8
9391
3093
727
8170
3746
3714
2220
4350
6697
8281
7889
9692
823
6184
7881
2998
2189
5448
8848
1333
801
5320
1199
8559
8307
4650
9038
9907
2732
7498
3845
9908
6475
8139
5371
7279
4819
2629
9443
3278
6598
1726
6043
5534
6195
9495
3022
4400
6676
4432
4088
6708
3982
2950
8918
3778
8628
5466
7701
4132
5427
8295
8471
1255
650
8728
2319
7528
7630
390
5560
7731
9209
9536
7653
8744
8201
2363
6782
2697
4333
467
2396
3450
3534
4426
1494
227
9977
2713
9953
6831
3113
7578
8974
4714
2746
9628
7997
6363
1924
1872
3576
1451
8296
7718
3922
9793
354
1270
7242
6547
8251
3793
9500
5452
5280
3723
8272
6732
1178
5337
8089
8667
6414
9407
6349
6812
9860
9759
574
6435
128
3368
3435
4382
5095
3165
1726
7369
5222
3549
1320
7416
4653
826
5903
502
4482
5044
5628
9538
4639
9311
8080
4173
5048
1560
5057
4113
8296
412
1737
691
3452
1317
6751
9072
4006
2669
7938
8837
7395
2687
6333
7635
7945
7706
8155
1651
7578
503
556
8188
4193
8243
9788
1308
968
2860
6449
3609
2413
479
8806
4850
7542
2412
1665
9048
649
8265
8507
7809
5252
6620
6367
4248
1609
5038
3911
9469
2060
749
9500
1597
4939
7445
7187
2055
751
8160
5776
5922
1475
7812
9275
6537
399
4951
162
4873
1319
7083
8501
1371
1455
6325
3529
8723
8362
644
9587
4100
2307
1982
8702
4159
9846
3607
9177
6211
1313
3678
9255
5638
9837
2330
4962
781
5478
8875
5560
7023
2952
7603
9987
3253
8386
7923
6266
5778
2994
2089
1302
3753
3885
4853
3626
9503
4900
22
9659
9309
8072
6343
911
476
6563
1660
1383
8011
7144
9369
5776
5610
328
518
8605
7294
5922
6609
3723
8903
1426
7981
4604
9874
6096
6562
1180
3763
8523
3016
897
8937
7533
1635
6471
5319
6400
3471
5394
3800
2299
6115
3092
1737
3574
3342
3935
3056
263
9308
5267
9919
7555
2939
6694
2335
3871
6873
7046
367
2951
5040
5645
1550
2802
322
3471
9782
7104
4736
1876
538
9263
7604
4414
8436
5666
2680
4704
4283
5623
998
8049
9601
2407
954
4441
4876
1277
2024
9284
2747
3251
7201
2119
836
4588
8517
7414
8048
482
2578
7638
4976
6377
5181
5682
4698
1322
9013
4875
974
613
2485
7419
8352
5164
6305
414
8745
9655
1999
7008
489
1141
2383
183
5894
1073
3878
7494
8946
7141
7953
5639
5608
509
8663
1615
4594
486
2498
6348
3902
9537
1281
8894
2907
1007
6027
8671
1523
6117
684
4013
9082
5369
3355
1984
159
8733
5300
9650
9257
1123
4908
6546
8253
6845
2338
7993
7011
7806
1552
3003
9280
1368
6660
5812
8457
7624
1568
8846
6431
6513
9705
4907
8394
5058
7010
257
1925
5134
9117
9499
6210
7432
2224
717
8482
3663
2766
1398
6046
9233
2686
1517
5992
9700
4623
770
4191
9028
2695
1186
1237
1731
4684
9276
3015
570
4522
6427
2267
3239
6811
4479
9406
1568
9626
4197
9992
6327
2720
9029
7100
2883
309
2572
7354
8758
4991
8406
1257
4943
8960
1667
2814
3317
3985
5641
8454
9753
8259
1166
4740
2514
4075
1255
8184
7211
3984
7705
6404
1321
1328
8646
2515
4736
2657
6005
7835
8823
7914
5434
40
2611
5517
9904
987
2092
8931
9918
5548
9206
5877
3534
62
889
4945
7430
1115
7697
6678
7591
3392
920
4047
8384
5336
8679
5488
7414
318
1965
3747
1355
6967
6874
2405
2317
752
977
2075
5400
4559
1186
8801
6806
3611
4094
6899
689
4775
8380
9988
2650
7699
7897
4002
2377
7173
382
3377
7436
5946
4008
4708
6245
3948
243
7371
3361
6870
1957
4444
5457
9931
9299
8861
4601
1423
1965
5444
1944
2635
354
7893
6008
7383
2225
674
327
1521
6251
538
4946
5908
4977
516
7747
1841
398
8662
6028
6502
6529
7236
6787
5932
5803
3867
9330
4690
6670
7393
6665
2517
6558
8055
909
3996
3614
8730
6245
6372
3005
3160
6217
50
4806
9575
7106
4438
4522
9407
8151
879
7906
813
3334
5128
9940
7866
9121
9513
8047
9319
5215
9590
5041
6209
9363
6302
3722
7537
5560
2356
335
1979
6524
8451
8182
519
8748
8569
3465
7467
810
9721
6070
9924
8636
2732
228
8372
7786
9382
6719
682
9150
3367
3082
4868
4409
9958
9001
7278
6142
7778
4885
1755
9572
1492
6248
8867
597
6900
9194
3471
9211
7633
9939
3157
4415
6981
7033
5818
5138
4976
3170
8582
4814
592
5389
5303
4003
2558
3410
3300
8145
6941
2344
4529
325
8372
7717
2274
2312
2153
6782
1132
1391
840
5
8491
6509
1970
6552
8154
5442
5267
1050
8435
2999
7628
8575
7716
6122
3910
9685
4117
4085
6198
2573
3227
6206
6961
1986
1387
8750
1118
5174
6345
4571
5106
583
7941
3995
6111
7739
3972
3319
8550
3280
1726
2771
9194
8540
8049
3332
8634
6832
3519
1916
9899
6030
3858
6721
1077
1537
1372
1775
7825
3321
5780
4317
5510
3739
6034
6697
1286
8892
6829
3179
2156
2244
6388
9838
5581
5182
1322
1140
9149
26
9783
2468
9967
2958
6646
4152
1185
7709
6942
8506
8563
6234
5419
6627
3535
4470
1471
3919
3638
238
7483
824
2034
3923
2019
5831
8015
699
5726
9842
8955
6253
9062
4879
9145
7406
2519
9817
9854
5292
8352
5569
2804
8289
7708
9438
2874
5549
1424
6827
5915
2695
2029
2599
3904
3579
1739
1162
7504
3422
4124
9283
3432
3112
853
2966
8481
3481
3924
4713
9373
1961
9993
5909
1772
786
8178
3860
4539
1514
8916
6530
4533
7432
1784
4816
1212
1272
1943
3898
7147
5137
2949
9115
6527
8439
5428
5778
773
6978
4675
7686
4029
7109
9898
7237
6993
2659
4128
3652
4600
8677
9878
7007
3364
3463
5310
4119
7199
6911
9493
3196
7868
9656
3421
1618
3681
8202
5693
8005
8540
1821
8259
2899
2583
3448
7080
9031
8883
8408
5905
841
6337
5897
5329
1095
9735
3841
7380
6391
9808
5428
8216
6086
7293
355
6351
460
7045
4277
4323
1813
4365
9384
9816
4658
8765
6230
6128
2621
2093
1585
9694
9252
4725
6870
8361
1539
3994
8026
4710
6588
9414
3477
5334
678
2539
1982
4522
8599
7429
9580
207
1452
2126
6454
4196
156
9616
1478
4434
901
3659
9968
8272
9673
5837
8586
8791
8468
9977
189
8010
5911
2303
943
8826
7184
9447
2796
1852
3163
6208
5001
4334
2282
4786
1280
2795
1977
1142
9238
5838
1717
1593
3411
3191
9106
6645
1237
751
9920
9646
9692
5961
7214
4991
1841
5755
1265
2755
6937
1694
9797
9820
2617
1788
695
8220
2563
8279
9921
4027
1467
2980
1142
3690
3586
1421
1541
1426
742
3930
444
5582
6860
5881
2071
2522
5373
3444
9443
9566
1035
9369
8807
6072
2020
8730
254
474
9811
6229
6200
4032
1729
1060
84
5625
5025
2403
7606
9871
8599
9700
2306
8779
5103
7216
9916
9235
9477
9041
3400
3200
7281
971
7565
2669
3764
2669
1282
1096
2141
2630
6995
5679
9044
9876
9847
2118
7889
1977
3568
4175
6441
9346
9701
7850
1679
5455
4117
6076
5752
4112
5984
8741
3051
460
8151
8936
2744
1426
881
1402
2969
7339
8137
2544
3105
1896
7423
3356
1217
773
7604
7665
5470
8226
7335
5517
6066
8032
7829
9581
8728
8529
9633
4229
7940
7635
6496
4541
5624
4354
2636
1490
9403
5988
4472
5194
1628
9151
9360
7865
6444
5296
1162
222
1670
6506
9930
7058
3000
3464
3977
6694
533
1446
1387
1373
5650
7082
3792
671
4673
5599
7769
7836
1571
2181
5077
3935
747
8985
2837
4582
6238
2135
5649
1359
2580
6277
9034
9261
8490
3435
457
5481
6588
3327
1778
3591
4459
648
8458
2475
6192
9410
4656
4595
7635
7947
5958
5934
2624
6905
9352
4303
8240
1303
9014
5241
9690
5659
7095
3878
3189
9773
3415
9969
3922
8103
490
4866
4540
2246
8519
4545
4225
6468
7990
3976
9953
5773
1506
5329
7700
6054
7589
3477
1400
5505
6465
4172
5870
457
1716
9695
8779
9653
4668
5481
6816
2294
126
9434
9237
3347
5610
5300
3009
116
6360
533
8593
40
1704
8201
7598
1620
6938
7644
9413
2931
9917
2072
9577
5273
7625
9056
9285
6660
6590
9430
817
4130
5852
3134
5830
3007
1651
6081
2594
2816
7986
2280
8373
2885
4874
582
852
1946
2780
8085
5171
5953
1154
5418
1465
2293
8007
2760
4341
1494
6929
3894
4681
5428
5197
4002
9020
2145
9720
2498
1897
9041
7142
5477
4535
1332
8300
4591
1993
5111
5180
9314
8463
5754
9547
9616
1508
9173
696
7404
6028
6324
9080
4553
5910
1703
7775
1623
2705
7233
1394
2847
4273
4561
9247
3411
2878
1264
2065
6657
6268
1483
7144
3928
613
6705
4143
8746
7678
4028
843
5761
228
9821
852
9261
1774
7850
4896
1024
9829
2104
28
6461
8053
6587
5767
2800
7043
3201
6964
4823
4362
6557
2600
1891
6133
2685
5972
9081
4937
9133
2558
8600
6977
8395
5736
2660
6719
7192
4118
9059
8962
9566
3577
5655
138
119
6834
1155
8675
3216
7670
2965
2356
3435
9000
8810
1574
4842
9663
9277
923
1332
8377
265
4905
6440
7780
1519
4850
6136
7501
9740
1632
6335
1550
5293
199
208
9766
6378
7862
7492
2834
1184
1162
763
483
1833
7369
8425
7910
5940
4211
6826
6290
4071
2110
1610
3949
1704
6152
1736
1090
409
3675
8182
1601
7750
795
3871
8352
5104
167
5613
9652
3087
69
5169
2555
9094
6850
4480
8573
5471
725
944
2908
5492
6387
1803
4526
7597
3667
7304
7058
5573
8564
9159
5205
6513
6600
4904
4006
6669
8884
679
5809
6062
8434
202
8720
2893
9117
9819
8598
8153
8492
968
2573
2306
7454
1708
926
8579
8582
1809
549
4068
8880
7225
5778
2581
6065
5473
3556
6437
4208
5289
9006
7641
7488
4475
9722
2045
4604
7774
6868
6358
7689
6283
8158
143
3384
3422
1038
1567
1344
1922
8814
5704
504
5473
7989
9654
2687
293
4484
5142
3882
3544
8972
626
4661
2106
2694
7903
293
855
6806
4844
8872
2591
3615
9215
9212
2491
7023
9570
4161
718
9223
3707
378
6498
8012
7337
3857
8044
7161
7156
8195
4735
2213
4293
5071
8193
9029
6560
9419
6619
6483
8140
8753
215
5148
2520
78
6552
8813
4065
5524
2434
4923
1288
8342
6783
1066
163
5598
2415
3890
797
6110
1425
8258
407
866
2385
5839
1074
962
9090
4004
4123
8750
6348
7935
6716
968
822
515
9884
3064
8611
3074
5388
9452
1934
3279
6087
453
471
7099
8008
5822
6361
9608
6930
3742
4472
8656
4678
5176
914
3205
1788
849
8522
1973
3042
7904
8371
7883
162
69
4712
2525
3593
8876
8435
3175
2334
5021
2238
6104
7097
2937
504
7780
634
1424
8911
9044
3256
1704
1257
301
5982
7869
8119
9109
6097
4892
6797
151
2525
4928
5867
3207
5836
8227
1948
3190
8470
879
9629
2615
7654
3458
3836
87
6349
6939
1050
9746
8052
3724
3032
3633
6932
8170
2793
8315
8762
6408
1745
6266
3509
7244
1036
7736
4960
6719
3310
235
2908
1534
4105
975
9939
2219
8127
3383
2742
6392
5061
3008
2876
2567
495
645
9019
703
4768
3820
3348
4464
8941
5774
329
1479
9675
2260
5302
6393
8977
2422
2448
3594
4511
6153
3616
3579
5159
1311
5838
9353
3540
3203
492
1619
189
6578
6309
2592
1924
8964
590
4603
4351
906
1042
6750
3083
8853
8265
4968
8192
6512
7832
6526
4668
8144
7045
2801
1016
5463
7263
9991
4246
5018
4526
4155
5155
283
9272
3411
8963
3832
5318
8974
5510
9018
2770
3614
3780
2342
8717
2027
926
9194
3099
3123
2746
5077
9711
3571
3469
3905
6782
9152
1614
7103
4805
487
425
3236
429
2226
6180
7389
4460
8287
5912
9070
1665
785
4994
88
248
55
2946
5004
2998
8296
7434
7390
172
1015
182
1108
4392
2141
8131
872
870
4782
3326
4113
1785
1331
138
2901
9425
6191
7179
5543
1448
6520
4174
6647
1854
2382
530
3249
4158
9237
2053
5260
8206
9528
6313
8013
8404
2457
5232
4668
304
4450
2349
3034
3282
8578
4320
4183
685
539
6722
3051
4594
4066
9413
6190
1469
4623
7701
1301
5550
9297
7004
9844
8536
5786
2534
430
5159
7055
9808
828
720
8220
4918
7494
6092
3633
5042
7690
311
2993
9815
2048
7796
6991
1910
606
1547
3164
8184
8959
4754
7518
9791
1328
8693
9260
1989
6689
6346
4417
6308
1421
3928
7681
1375
3934
1734
4228
2220
759
9380
3016
8297
1164
4880
7310
8410
4482
1561
9223
2112
1630
1722
4644
9713
7764
3439
3629
8863
757
3805
6614
6780
7475
7438
7836
7442
793
4590
8136
1740
8878
7900
2008
8901
2227
3688
9609
3158
1832
9928
9718
5168
1659
2255
6634
3447
1809
6364
6660
4013
6734
9144
7779
5135
4710
7510
700
4780
9891
2862
3281
3440
274
6161
7323
5160
9416
1471
9788
905
1964
9458
9113
8887
1459
9783
1224
1478
2587
442
9633
6112
3980
5844
3774
1763
6751
6872
5287
3636
9936
7552
877
650
6238
3079
3609
1386
1927
6640
9949
1844
1518
3818
8064
816
8068
9940
3009
5931
3981
6055
2577
4092
548
2611
8654
8199
9716
4275
4843
4186
3841
5472
4121
4378
5461
9467
7085
8668
4459
3035
3195
7314
4844
7683
9896
6844
7693
7577
7252
2071
3281
576
3558
4208
8756
7440
4880
600
9220
5284
6674
8515
6909
1843
7936
4210
1703
5788
1075
2257
5288
9002
3830
2095
7874
7416
1333
1065
6241
1068
3109
1515
357
8225
4345
282
6369
7529
881
7784
6017
357
2554
4541
6082
1432
5227
6868
2448
9088
1831
1260
4807
473
2196
5761
6692
1750
2248
7436
4803
8703
8106
926
5005
3600
3210
8169
8189
7768
6444
6725
4635
5229
4776
7869
1729
7062
8847
7818
53
3518
3873
7522
6500
3653
7447
4488
6682
6180
1421
8333
9856
6610
7203
9573
5793
1510
2528
5981
3112
53
5478
5546
3106
2553
5186
8278
593
9470
3148
6185
1762
3551
8714
1743
6029
5644
5895
3087
8039
854
7064
448
342
6377
6524
3005
6526
4892
3408
1722
9425
8140
9785
4436
4645
1783
499
1442
4376
7531
1337
7001
8276
7846
9282
3413
2469
6406
7362
39
8896
54
1339
7729
1597
7243
3128
3528
2659
7811
2439
1728
2612
389
503
5531
6888
6978
998
8872
5150
4477
1373
3336
4955
8129
9590
4390
3658
1031
958
3592
9114
19
8700
7296
7973
1957
7870
8615
8227
6424
533
1344
1875
4559
7810
9159
7338
8721
7447
6466
7419
434
7477
2278
5770
5837
1514
9590
3817
5573
1515
2390
5394
2940
275
6243
5166
4772
1684
8596
809
4041
4225
1357
5314
7534
9038
7726
4307
6999
5960
3755
931
9142
6410
3394
3235
8465
5986
4979
4462
145
4699
4885
2466
7814
4905
8895
27
1057
920
2461
6917
4975
6691
4269
1741
1460
8696
2173
9342
4408
2505
3932
4720
2456
7461
5708
4349
6708
4962
5272
1886
40
2441
143
4037
8646
3300
4445
5551
588
4898
6814
7749
3844
431
3186
3162
7645
9667
5639
5467
7256
331
68
4669
8765
5054
3304
5153
9901
7618
1637
5775
8130
6172
8533
1602
3642
2000
3591
8145
5675
1206
868
1236
1015
9289
7806
9122
40
8277
8934
6740
6296
6282
1493
3355
1134
8810
8839
1133
9766
9754
5026
5219
9069
3397
1662
2678
5892
6118
9478
5944
7097
778
7439
7038
6681
1447
2728
6106
5390
6510
9029
6649
234
1969
1077
7177
2346
3847
3931
2074
6621
7858
5651
9750
3328
604
192
6225
3709
3725
1522
1436
564
5635
4745
650
5762
4888
2391
6510
4271
926
1061
1177
1979
7230
6439
4444
1731
3047
230
3208
1786
8206
6241
9661
4062
7587
9994
8655
1532
8077
9403
3934
1644
1072
6113
1073
6005
9241
1218
1339
2481
7190
3191
2532
6243
163
4443
8848
3653
8388
8790
5028
2288
7310
3782
6049
1356
8905
3369
4787
4880
5546
3050
6051
6466
6451
7909
6430
5022
6822
9959
6308
3055
5640
4143
2292
2970
7126
6360
4062
1364
4662
1371
3272
8245
6970
4835
9520
6688
7952
103
51
2118
6004
9827
4070
3034
3124
834
8407
2213
3136
989
7452
6058
5686
6873
7956
4868
2808
3008
1863
3550
8076
7648
1440
8442
9069
2552
6324
9031
5236
8551
9992
2356
9022
5348
1685
9604
4830
8656
9312
1050
6600
5506
8121
7538
5192
7134
6640
6039
6343
9099
6884
6512
4391
2200
6886
9636
2350
5684
3761
3354
9160
6057
3128
7147
2826
4795
3814
9591
5646
7443
2688
6696
3776
6197
8190
7237
4917
488
1243
1950
9028
5167
3763
4432
8279
6377
2625
7333
9201
4985
47
4047
6291
7970
2287
4147
5243
1141
6839
2798
3441
1741
8195
48
1668
6277
1300
9560
7290
5338
3843
3961
1203
4801
1169
3688
6834
1268
913
5149
3359
7575
8816
7300
1163
7244
2525
9917
3743
1838
4692
1664
6487
8739
282
2981
6366
2878
7702
5371
7663
297
4291
2213
9889
6593
1823
3908
98
972
3938
8573
1621
8399
6266
3195
9714
2881
2806
2062
4564
2079
624
447
5896
4482
8313
6742
9026
9294
5887
8575
9771
5973
6140
1938
7342
929
5048
5288
3392
6248
6478
2222
5014
3542
1808
5101
4200
1170
564
7087
7272
6115
6772
5879
4953
1321
4876
9417
3549
3277
4666
4783
5371
2377
334
6292
7401
4168
3072
7826
5688
218
563
8592
8581
8052
8633
1057
2081
2828
9536
4103
8224
6297
5949
8955
9544
6719
7856
3227
8534
5068
5628
3326
9309
3310
3036
535
2916
158
2168
1763
2192
71
8718
4805
4601
2060
2588
3309
476
7223
8385
2727
1451
8397
545
3915
750
2025
6377
3786
8975
9569
8040
2095
4798
6757
6254
520
7713
1543
3218
6923
5526
8647
3361
493
7597
2483
5246
5950
7775
4020
2331
6409
1441
3366
5911
5160
1830
2757
5945
5672
876
9850
3859
1730
9721
8948
5301
5852
2522
2215
9135
4725
6827
5126
6351
6798
4299
5415
1580
1298
8778
954
1796
1047
9058
5183
8314
8747
5332
566
320
1106
2412
383
4955
5667
176
797
8067
2509
8120
8713
7902
265
9891
5
9750
9263
364
9674
1761
3250
3337
2761
3973
3725
1087
1228
1273
1273
8944
4210
8329
5016
1562
7014
9869
5326
8868
2042
7307
4552
2628
9643
3186
7089
4142
1641
7801
5097
3896
9892
3701
4542
1016
5072
2299
465
4828
4386
2289
6204
6356
688
2336
6902
6431
9913
4939
6192
7998
595
2847
4547
9303
1430
8608
2814
8629
7219
3804
1626
7048
5838
7114
9840
82
4712
2984
8000
9687
1742
1902
2310
9302
7188
138
4570
4157
585
5499
4773
7367
385
5211
9177
3987
6644
6671
6718
40
2998
7837
339
884
373
9795
1449
2647
571
7614
2384
6599
5563
3064
7626
1075
1885
5799
9089
1609
3808
3788
3596
2764
6988
4473
2343
5230
4944
1826
1423
4160
8247
1006
6352
5976
1812
8844
7019
2512
304
2140
9691
8417
9571
1939
7914
6192
3577
2392
6530
8094
3896
2146
3125
7423
6001
9201
4065
53
4644
5862
1266
9168
641
239
8420
2041
3767
6916
1763
4558
1616
630
1032
3749
1063
4351
4917
9174
6013
7788
3683
8512
6193
4791
9131
4441
1119
8122
661
7936
5366
5323
887
1376
8105
1860
7154
3069
311
2630
226
2711
9316
3580
181
7580
774
530
1965
9458
7305
20
1813
3228
8374
8563
8009
1779
1928
5816
1501
153
5425
3805
5619
4306
7633
6380
5207
4138
1135
376
1968
7241
7835
9867
3586
1497
5537
190
3276
9556
6095
6264
6181
820
5819
311
5080
9860
1016
2201
6150
7631
6702
3845
9780
8999
6040
4229
1495
8448
7100
1611
9887
3711
7245
5178
7290
4670
2664
7803
5695
5094
3757
1644
5073
167
3491
5075
8981
1864
3171
5756
696
273
8889
7041
3724
9062
8912
8808
2530
8767
4636
337
2781
1842
2056
7613
4583
9833
25
3600
4414
9291
2713
6259
9529
5528
1537
2344
4767
9760
6615
8062
9211
6726
3600
2248
4692
7899
9146
8323
9602
9657
4860
3901
4327
946
6171
2820
4685
3363
6018
8613
9048
5929
7590
3247
5867
7193
7416
2796
1297
639
8600
5654
6680
4850
8684
9878
2534
854
9628
3969
2481
5733
486
2978
1435
2409
9127
3284
8166
1169
1973
7576
8186
7026
10000
8724
2088
1245
3205
6739
6352
2011
1315
7550
4718
8755
8880
9013
1371
8353
7984
6636
3903
1116
4254
3827
7167
4349
5403
6319
8345
4993
3910
9277
5756
4937
6446
3446
6858
9786
1253
5730
8574
4408
2281
7628
3365
8422
8119
3649
1785
3053
2931
4050
4346
2046
3008
7151
5655
968
249
1437
2937
5561
7001
8131
9086
8994
17
7661
4791
6825
1707
6284
654
2112
8072
4888
6462
9688
2626
243
3118
7719
1304
2289
428
6908
4446
2599
3408
634
5923
5398
5469
8727
2282
7154
6334
7907
8496
4647
5107
6159
7794
9494
3021
3251
3557
4493
863
1010
6715
8454
3666
7234
8463
263
6935
8809
8979
6491
5690
9051
8134
8174
4024
1438
3025
7249
9979
7323
1881
9418
5963
3582
3211
8114
4500
5803
9442
6795
4395
7725
383
6191
9424
6174
2760
2173
6579
5496
335
8623
2527
741
3330
63
5799
1022
1811
6380
6443
2284
382
216
234
1534
71
6729
9258
5343
7560
5528
8507
5724
6675
912
4964
9937
8185
5691
272
2572
7143
5837
4726
3217
7017
3501
418
2181
4217
7758
1531
8129
5724
2065
5021
2893
8786
6503
6377
2806
3654
7675
8241
9516
9383
1581
8247
7163
8432
3541
9343
3277
4355
1532
4795
6799
5910
5894
8135
9630
765
775
4596
9775
8583
3214
1533
6947
121
6646
8915
5135
3261
4069
133
4431
8883
1079
2405
2770
8154
8590
1994
1723
1163
459
8344
136
80
3045
9251
5992
7611
9097
4835
5893
5306
6869
2577
1707
3313
1418
8034
4982
8376
7292
3192
4950
7898
6823
4447
2389
6894
9788
291
5260
6696
2296
5064
665
8877
930
7494
317
2138
6395
8589
9634
7781
14
5210
1996
3978
9700
4434
9077
1844
9646
2007
7266
6637
5559
9199
998
8089
7292
7417
6401
4196
5908
3320
4934
3461
9893
1206
6739
5315
6372
7562
6399
7879
9196
7679
2031
7852
1316
5644
7186
1653
8822
4941
6689
9507
1747
9543
5493
3015
5374
4580
775
5938
4253
9217
688
6956
4868
7484
5197
7076
6941
7368
4190
4226
4860
5736
8969
9565
5096
8765
1592
9240
867
5298
3536
4525
8203
4471
3895
271
5052
2829
9038
4018
9777
5986
7199
7375
6622
7489
4850
1195
6749
5828
2840
2321
3283
1737
1811
6994
4846
7237
3736
8000
1722
5115
7907
3827
8427
2899
9286
1647
6525
5550
4374
2262
5018
2692
1331
1788
1200
561
3743
3451
2904
6147
7696
4498
4624
2699
8276
7739
2893
5517
9393
4720
9483
774
8423
7205
5564
2793
6085
5
706
5129
9197
4212
5466
55
4038
8418
4704
4316
7769
6884
4862
4923
294
9570
4229
7085
4860
5517
2668
6154
4024
1047
4450
8853
7082
5748
3835
228
111
8279
8107
1756
8108
8649
5528
1401
36
6888
860
2801
1217
4537
636
6014
3407
6148
9014
6228
5086
2805
3682
3771
8108
3794
5216
4691
4306
9938
8490
2143
4461
9757
2612
7200
9476
121
6451
6534
9206
8644
4350
9441
722
5550
4379
2008
5601
9096
8211
2953
4739
6664
1123
9492
2251
2311
4253
1826
9585
273
101
1269
2381
7752
101
7090
8466
2457
20
4113
3301
4331
4942
5961
5828
1705
899
7259
6750
5917
6350
3711
1235
6333
98
9025
4921
6420
9136
8374
3298
7820
883
1442
8933
1715
4445
2445
3561
6180
2747
7181
5211
2571
7207
3756
3683
3894
9412
92
5235
3982
6747
6761
1104
9992
5118
6883
3464
3245
1871
2604
131
7078
8539
6053
6694
2868
6710
5157
4080
2492
38
2129
9605
6479
1597
9159
9862
9147
8287
6678
935
1131
2264
5144
1830
6129
129
4304
7252
386
4892
6034
3972
8957
4920
3951
3523
8476
1240
7361
8659
3272
2339
1718
2367
7729
6921
5702
7580
9024
6930
1417
1490
5924
3641
7170
22
3000
4053
9323
8434
9155
8189
2794
3311
4094
7518
2961
4743
7245
1049
5562
9867
4832
4952
1410
6875
2452
7734
6353
4892
9700
2503
6943
8486
9635
6074
6345
7510
563
8183
6485
2881
2681
7301
3028
3
7204
554
873
7316
7609
2466
9585
7296
7049
2677
7436
4628
7916
4049
5520
3637
518
2157
2399
8439
4505
688
4858
8585
3752
1082
6667
443
412
8521
6406
2311
7675
2418
8976
7493
433
8419
6812
5641
8693
6190
94
2972
4124
258
1737
8085
5644
9781
4083
973
4877
5831
2701
9699
1961
1374
3795
74
7403
1507
4188
1183
4982
9860
4436
4625
6852
2990
9478
658
4392
8660
6266
2291
3712
2332
3080
8911
6241
2162
9549
2542
8714
4462
9460
2619
3112
6715
6743
6235
9485
3728
7722
4825
267
84
3219
9986
3520
542
2408
8250
3498
4810
7066
9903
4467
6252
1926
1837
9273
3422
4471
7254
2455
5945
1279
6589
5352
1226
319
1674
4367
2776
8842
8590
4581
332
9173
2431
8490
1243
2574
4329
3862
2929
9846
3977
2548
5282
4088
8243
1698
9477
8577
1355
8930
9589
7946
1562
6647
9227
8440
5239
5936
5438
4334
5101
9535
6674
7150
1161
9823
3609
503
7029
3596
4274
4758
133
5868
4752
8016
8479
1738
7826
5026
9560
6973
4450
5124
814
8273
3982
4975
7489
4543
5750
4442
4787
6504
4573
1605
851
6965
3536
4822
4755
3980
1598
3044
1096
8998
9273
5461
8699
2045
2860
19
6792
9291
4443
8008
8926
2899
652
1452
4390
2093
6723
1174
2891
3986
5074
2978
2593
4883
4414
7608
1147
9490
7989
9714
5972
2777
8148
2618
9372
6758
4260
7997
3770
154
8358
3873
2087
3136
1140
4090
3563
1636
2329
281
4878
5641
2614
7060
7116
7222
9319
1411
7483
5857
6591
9330
378
2678
6165
6155
9839
9838
8974
7632
6799
3030
3070
6684
2616
9036
7686
8907
1502
8821
9068
2230
7717
2531
6094
7861
1995
1101
53
7247
4564
7121
2177
7217
2736
8059
8232
5678
2990
5472
7849
1405
6602
7324
2806
7642
822
3469
9658
3169
830
3820
7689
9960
2187
7825
272
8902
7307
6030
3385
9566
3755
2743
770
6684
5715
608
694
8750
4287
8682
3440
3137
1748
7547
8152
8269
1573
1756
877
6590
5519
3693
1694
442
1776
5024
3755
3131
6801
4798
1176
7465
7871
6709
5525
3292
7857
1625
562
2360
803
9703
9311
9911
2542
9344
9414
8862
8483
7722
1080
2337
139
9195
2712
8757
6978
8188
7858
6451
9305
242
1436
166
2818
8590
4924
2978
4061
5724
6332
2288
4795
8547
6819
1252
9947
8259
9183
6721
2089
1697
50
3982
5129
9862
2950
6428
7072
4961
6045
1058
1415
8668
2144
657
4457
8667
7405
260
8049
2203
5632
5875
9041
768
4204
9372
4580
2963
3772
1776
6485
6555
3156
4969
3634
8139
7553
666
5144
369
3379
2618
8251
2779
9333
5477
8072
5436
5172
6684
2477
7641
9172
4904
6112
7111
7779
1693
831
616
9019
9581
8822
5210
2892
7044
2335
6970
534
6262
2860
2052
5528
3647
2240
7126
964
3042
7533
9421
9544
2460
293
6817
7941
3700
6879
6534
6029
8035
1208
1800
983
8317
8599
3049
4511
7743
5751
2597
4845
2901
6429
9286
448
9474
4382
9501
8075
8237
7362
6657
8729
3270
9100
9450
5803
366
1699
3973
3571
1056
991
3039
2961
8354
7001
2684
8899
3924
6374
8093
7302
977
7913
2300
8160
9571
725
2185
5409
5337
6208
1462
9409
264
4957
4477
473
4006
5302
5438
8545
3945
6562
2190
6825
5803
138
470
1712
4183
214
6346
9909
2720
6134
2015
9302
6679
3182
9626
9760
9452
3599
3692
806
6743
3237
9406
101
8834
8749
722
4656
3233
2469
4783
5741
2597
2057
1357
6804
9333
7794
6928
7252
9420
8032
3980
3380
8403
6847
6784
9048
9653
7161
6181
5992
3177
8520
7518
7491
6422
586
6299
7443
5217
1207
6954
7625
7962
4831
4421
6653
6624
1161
9380
4361
514
1480
2991
8949
2725
7773
7740
5239
3796
1575
2628
4051
1154
690
7711
5365
593
2569
9774
7178
4434
3408
7198
8400
3118
4780
7001
1764
469
5
6762
3662
7244
2756
479
6781
2847
3719
5330
3948
5346
7797
9375
8970
6988
4599
8920
7635
2336
5092
7760
2855
678
5819
