1000
279
567
368
10
777
224
323
754
426
314
233
620
808
266
474
652
282
235
24
767
778
320
460
102
548
919
9
720
398
737
15
89
861
307
833
177
370
295
175
763
361
314
321
343
822
509
586
692
220
94
944
819
366
154
578
479
887
146
541
30
879
508
136
79
463
415
868
86
554
835
369
273
428
383
889
876
875
594
378
899
283
848
390
880
102
643
610
910
451
544
955
684
65
639
805
230
52
698
382
444
372
26
586
59
216
792
316
406
557
202
274
609
259
17
96
733
575
762
663
314
814
342
556
263
23
975
441
534
875
405
781
339
228
555
776
732
612
130
636
651
791
599
922
231
898
398
674
929
904
872
908
822
607
164
246
525
101
72
973
609
700
160
154
276
473
685
998
558
749
980
133
578
393
830
177
401
788
54
583
251
533
35
166
466
742
366
596
665
404
94
789
893
157
828
552
978
335
994
61
230
619
948
230
591
491
114
308
554
357
874
224
990
340
568
769
842
232
775
676
304
554
148
471
218
433
646
222
543
791
938
499
715
811
965
669
934
240
144
141
724
854
837
481
237
993
593
565
683
758
747
150
610
573
216
130
356
147
72
675
152
637
570
404
823
840
422
40
250
878
503
248
291
558
774
625
142
165
109
261
639
334
642
404
902
469
935
36
441
852
55
115
530
223
315
565
83
587
799
517
525
190
383
157
423
95
253
709
196
723
568
298
449
260
100
701
807
518
976
344
731
45
878
143
875
119
315
226
682
358
875
609
885
517
850
902
556
979
895
365
2
812
628
7
836
544
43
688
414
701
678
197
41
132
373
968
330
453
72
27
892
583
978
577
961
810
565
736
904
381
675
124
182
152
569
623
504
217
586
327
83
729
947
761
893
511
427
221
557
944
290
740
781
93
737
720
921
397
33
896
541
306
607
381
532
713
135
451
149
345
57
355
598
793
572
591
221
303
556
235
758
95
759
735
753
441
463
28
357
252
229
151
270
291
516
927
558
550
694
232
478
41
676
444
219
247
593
971
320
900
418
736
669
628
334
599
227
625
303
108
380
576
830
126
246
904
751
868
944
97
415
125
866
692
427
584
166
43
436
30
878
989
902
738
350
441
64
543
576
530
510
122
416
912
62
639
264
298
412
533
205
652
905
946
470
7
814
806
824
55
388
20
610
916
953
489
44
362
912
193
948
877
258
890
859
319
879
805
845
3
950
361
698
448
488
127
982
46
17
830
141
97
24
887
472
309
15
387
183
594
49
401
433
937
319
218
710
470
789
393
979
322
270
32
391
435
239
367
907
56
988
333
484
388
262
752
743
326
598
581
446
852
673
299
565
422
338
3
699
815
658
591
344
352
766
923
37
70
34
747
975
529
35
957
647
882
896
626
204
742
543
364
214
853
104
48
738
954
121
538
234
170
908
84
933
779
67
700
782
500
853
759
521
614
442
1000
619
6
552
681
824
604
746
937
602
896
621
573
496
246
644
99
698
724
613
362
345
849
172
221
439
232
654
126
451
600
314
438
204
38
635
358
504
875
859
850
300
529
956
467
588
448
934
155
694
52
684
599
354
661
898
809
373
652
492
681
226
287
343
712
165
955
885
296
602
278
34
26
298
828
145
768
379
414
845
607
516
129
554
339
993
56
964
123
848
737
347
680
224
838
552
887
19
285
379
825
639
955
396
624
122
75
766
780
999
480
729
361
12
300
226
332
799
103
972
145
746
115
17
365
540
746
459
405
902
713
772
56
59
517
993
942
53
350
949
602
624
501
401
554
436
743
239
449
690
865
18
671
703
582
977
874
546
542
609
140
850
670
892
406
313
849
775
956
323
811
910
335
494
424
992
453
430
448
600
538
621
578
540
999
213
600
93
572
785
264
251
632
379
568
202
712
284
111
829
795
372
561
830
763
378
930
454
737
800
945
65
348
76
874
815
351
996
436
36
795
254
398
915
877
265
738
82
800
90
636
93
158
999
988
583
718
712
238
277
391
348
279
804
798
488
916
322
544
322
732
117
916
38
437
766
55
918
618
983
336
105
144
439
620
977
301
953
924
261
144
794
613
696
473
139
106
619
556
212
138
87
652
573
342
655
153
856
809
970
698
50
348
732
288
671
84
79
248
377
454
425
314
126
559
592
440
408
646
304
502
250
381
998
317
847
77
535
358
630
749
397
104
522
730
80
500
811
281
224
638
255
93
446
488
921
202
362
908
151
194
515
764
651
777
777
457
493
436
448
723
671
786
572
293
500
998
627
457
637
525
443
826
109
259
917
