1000
395
871
1000
712
974
387
1000
206
13
619
196
895
921
520
645
132
408
132
902
610
453
570
742
569
55
542
589
145
251
799
186
101
496
378
6
403
486
553
695
781
491
968
718
204
938
557
343
912
344
632
962
600
628
191
633
360
351
971
144
479
391
447
943
175
106
979
323
139
440
222
332
189
237
63
108
489
644
120
477
871
970
168
909
13
969
87
459
615
306
459
540
262
811
68
697
385
555
837
287
579
280
96
532
101
330
967
883
619
495
286
629
725
77
20
387
75
410
664
737
771
649
249
164
861
607
872
443
397
708
392
3
441
567
686
954
266
62
316
497
564
200
355
551
842
170
357
645
580
437
347
151
146
125
86
147
84
179
796
977
633
548
553
955
11
925
898
347
320
311
627
105
943
966
454
233
537
637
572
84
889
153
570
503
174
846
431
412
588
157
956
866
743
579
922
979
401
215
294
879
769
857
17
909
733
540
594
376
377
624
943
700
837
550
887
676
658
148
336
9
718
25
102
637
299
564
801
802
16
550
917
663
570
246
726
250
431
25
611
397
927
98
60
679
975
518
264
126
135
930
432
692
495
673
57
671
528
624
23
771
358
508
311
281
240
640
616
685
263
85
482
908
627
806
76
513
394
88
8
187
538
831
399
596
642
216
703
864
19
904
774
275
408
458
152
347
356
32
398
494
627
758
249
451
521
82
979
782
18
883
49
198
954
595
29
679
98
900
996
735
668
516
109
405
156
474
265
376
375
349
231
362
664
105
43
157
921
849
693
775
873
196
935
669
90
13
831
779
388
342
9
77
87
8
200
890
210
416
555
120
759
241
647
247
562
683
976
929
287
606
497
647
981
418
560
448
950
303
483
82
337
542
48
176
885
931
858
954
836
504
39
477
102
88
777
77
154
557
4
372
774
357
773
169
68
944
654
396
658
633
891
625
590
15
771
751
878
393
239
122
104
365
365
505
599
701
876
765
868
415
775
567
318
660
438
11
625
478
639
143
808
142
940
769
3
248
980
540
135
526
354
748
398
56
20
744
71
144
939
678
113
682
725
761
166
325
839
802
691
968
127
631
397
267
190
931
686
456
518
647
642
310
326
131
873
677
658
69
617
417
155
646
257
915
219
844
329
609
129
224
329
455
476
595
165
944
101
902
423
623
969
673
503
653
901
569
162
270
126
290
847
841
705
379
327
6
603
734
553
830
730
528
179
819
866
43
500
149
217
829
778
664
63
537
518
285
195
397
796
367
219
561
696
470
918
456
477
341
242
255
144
798
764
253
905
245
202
659
335
745
446
167
325
332
538
759
236
5
674
393
208
979
614
96
378
319
915
63
163
769
729
396
766
574
514
884
123
389
957
790
686
313
560
764
950
826
952
501
553
660
556
686
423
221
208
555
161
997
354
970
44
700
33
982
666
940
606
661
861
94
381
543
348
406
917
233
891
810
374
991
687
524
548
376
2
14
733
360
12
142
189
241
218
463
80
714
513
88
980
401
776
813
934
389
792
886
462
71
647
748
808
660
883
308
773
242
597
593
283
692
288
228
674
563
324
29
766
805
961
111
605
375
847
759
4
147
734
767
43
18
967
291
765
955
118
713
3
94
448
371
333
36
93
919
922
24
614
138
65
414
707
347
65
59
778
846
128
284
816
333
71
728
786
788
894
883
547
509
213
231
601
446
297
343
346
416
939
114
235
836
469
726
537
545
984
23
741
16
991
646
948
463
326
56
464
723
765
390
614
192
996
671
367
207
656
517
191
140
485
300
171
36
317
645
721
766
321
868
726
902
679
880
533
717
875
951
795
693
194
238
216
656
14
778
42
683
564
305
348
640
527
506
504
657
9
86
109
216
638
693
455
770
741
292
471
218
280
270
105
562
668
840
756
223
305
612
356
543
123
947
327
53
540
740
234
525
577
856
279
956
140
631
278
763
931
900
871
788
777
62
544
726
482
682
896
70
848
544
677
761
187
480
25
637
791
121
110
199
308
149
610
162
130
627
716
956
298
836
166
517
79
104
874
362
460
599
527
185
730
661
595
291
798
964
505
820
627
407
316
63
433
265
292
377
29
181
340
71
101
894
942
243
4
985
496
338
276
752
539
366
640
322
69
202
279
807
372
816
516
284
279
368
788
950
603
674
706
633
534
355
929
763
212
39
373
665
627
620
540
384
118
469
247
398
926
86
763
890
823
130
140
136
710
452
722
432
650
778
48
494
963
674
342
42
836
60
578
716
716
630
487
750
526
236
287
363
723
253
813
43
727
