123
1000
8923
8595
4370
8607
6108
8996
2329
8571
9145
6124
8738
9509
5330
2878
7158
3723
1300
6638
9280
2854
3788
3806
7446
3182
4497
2335
6325
1450
7459
9386
6963
9700
9678
5363
2048
8202
7624
1091
5796
9079
8826
3701
3301
9029
9024
2669
4052
9772
6623
6389
3170
3365
2699
8963
6153
1592
8624
496
1467
6832
7320
4705
8365
162
7386
1386
7467
1111
5329
2068
5253
919
698
6392
9441
5244
1057
1145
7916
8751
3943
2186
6082
2569
4030
3256
9279
1269
127
686
6625
6486
3117
133
9652
6779
2443
941
885
1437
7207
6621
1000
5348
5731
1277
3064
5804
9333
8758
9854
2176
4240
4286
393
3038
6519
3105
6297
8646
4226
1229
5831
9952
3427
3011
5795
8281
5646
9008
6078
2648
5137
7077
2994
3959
8240
3606
9860
4878
9906
4873
6334
5645
8288
7896
9596
2825
4376
9515
6341
9956
6251
8735
8603
2292
4546
8418
4446
6634
9636
4285
8326
5388
2767
344
4365
5865
3243
1107
8779
9004
1466
2746
9780
9954
2180
5011
8675
5718
8534
5359
7232
3771
7799
6142
5019
3859
3910
1898
7060
4500
5754
5092
6851
3487
4821
9103
366
3078
3253
2638
2414
7972
3520
2651
4512
5921
767
9624
1694
1224
3013
925
4766
5329
3736
120
5092
7180
451
7974
2783
6592
1944
4788
9333
8119
8372
9876
638
9265
9982
6069
1354
8422
4194
9086
7153
9104
1486
8658
5158
9649
451
2433
7082
3667
1695
5688
7561
7105
3402
9751
8553
7314
1468
8727
7991
9501
2507
5674
409
8629
4676
1075
6981
5105
5827
7722
1780
4002
2077
1175
2316
8187
505
6232
6239
9513
920
4366
116
4582
5994
972
9718
2442
9556
2820
6411
6694
8052
9301
6254
2019
7737
406
9708
5883
451
3182
8116
7334
4412
1477
9838
6076
7424
5253
5304
2548
3456
7901
8717
5454
9408
9713
4393
3992
9173
9552
7749
6061
4103
8117
794
3711
2221
6145
4268
7442
3114
375
3313
6258
4930
7060
8517
6993
4211
9535
6456
1857
6072
1215
3378
2018
3757
4582
9343
4644
5276
1129
3892
9269
8990
3258
3002
6711
1285
9184
7470
7812
7012
538
2914
436
8772
8712
5946
3921
4630
5634
2110
1173
1533
5179
9207
8984
4699
1363
5574
9092
9696
1637
7589
3149
8011
9559
9448
8573
376
1534
9861
6912
9756
1295
6927
9194
6395
9571
6591
1507
6659
5435
5712
9801
840
2766
9771
4947
1638
4875
2162
7968
1118
9968
7016
7253
6348
6467
1216
166
5898
9669
1860
8037
6393
2039
6615
3110
5181
5144
4420
3241
2983
736
4357
9243
7112
9768
8597
2044
8633
4990
5707
5241
7377
6072
903
5351
8636
2434
816
2715
8428
9057
5683
4251
3215
6891
9777
7183
1874
9043
4822
627
9583
8656
9833
7589
8507
3757
4324
7904
9224
9466
80
1107
6516
3033
9306
2274
6890
4822
9805
1193
2584
9964
1447
4066
5618
186
3052
4088
8779
2539
4904
9933
8964
3125
4924
2570
3687
9026
6436
7148
2747
9258
5209
9377
2496
3874
4993
2830
7265
100
2860
3517
7470
2874
2531
3341
5929
757
4056
2178
3911
2989
9376
7061
3588
5983
5867
8303
513
2457
8174
7567
3979
1178
2443
952
5594
777
6463
3552
7437
4530
6178
8152
5878
2097
1334
6655
23
7955
6949
7427
9742
4242
4828
8962
6903
4679
6181
4836
3760
3154
9425
6683
387
5217
4752
8869
48
7590
8284
5085
3394
5283
977
8267
4500
4761
7587
6379
7385
6243
7761
3866
6656
7059
4161
3898
452
6070
2349
6699
3041
6146
6227
8553
7317
9718
9923
2888
8592
3921
4642
1766
5257
6299
7595
3503
9809
874
7046
9956
4109
8424
7502
5112
8851
8958
5222
6371
4121
8858
4492
7303
5503
8048
1825
2364
1147
1785
3577
8455
1317
4704
6624
4614
2054
687
5990
8749
8974
2007
3
7228
6000
6843
9835
9326
870
2262
1985
1212
9314
7374
5700
8844
4684
6844
3739
2870
5554
6522
9978
5933
4685
9175
2831
8445
4353
429
1605
7893
2905
1318
4934
2929
4464
8149
1676
9748
1906
5094
2281
3391
506
670
7410
8111
6431
5481
9528
3569
8369
5300
2884
2634
3750
7212
1440
2137
3831
9888
2543
7871
9969
3772
4113
8480
1399
6392
2790
1805
3856
5581
1423
9160
5095
8222
8053
2455
930
6920
1741
2299
798
8571
7559
1051
7674
882
8604
6811
2030
3872
2363
7207
1154
3351
1580
7065
6791
6255
2664
8682
7186
9526
2969
2127
9783
527
7236
2668
1154
199
5598
7477
9336
6897
9204
8014
6711
5706
4460
1945
9374
9015
2707
3276
7168
2
3861
8572
6164
6850
3570
6558
7076
1983
5880
9770
5844
6505
7330
815
1818
7551
9026
2561
3178
1823
8883
119
3234
5946
7814
476
1436
6672
5442
8126
3863
8387
634
6710
3155
8681
9566
8446
4433
1825
5819
8221
9178
3317
6584
6420
6639
2247
764
4021
7346
4273
4699
930
6412
6075
7061
7875
2253
3413
1675
1459
4893
6030
4887
2481
9772
3284
8663
4915
9117
8758
1748
5206
2160
1827
5637
5767
1439
7740
1563
8460
797
1422
9628
9598
2577
6048
6904
892
3953
9700
8403
3393
6487
9671
9236
2796
9315
9013
9541
5492
4755
2681
133
6571
392
5653
319
366
9399
7682
1723
5995
4196
1485
7881
2326
2549
505
7929
850
8322
2130
2157
2213
698
3982
6505
8481
9227
3324
7471
559
3049
1781
6971
4374
5827
3151
425
8640
8287
690
9710
7411
4605
3112
1507
5107
5886
8232
4672
7274
1354
3322
9129
5630
598
9426
1688
9377
3475
5828
6327
1856
4537
8020
3580
992
7933
3183
3257
92
6287
8379
2807
7555
1241
9122
3756
8313
7097
4597
426
9300
5640
2123
4179
895
7108
4351
1981
1221
2971
6318
9303
832
8079
1585
609
3232
2993
8389
5941
8504
1540
3483
6289
8164
5844
4370
5536
1364
3859
2373
5359
2941
4507
4443
6037
4087
