1000
906
897
978
492
722
915
230
676
688
66
882
340
174
319
43
662
113
36
340
868
42
568
74
959
26
502
798
162
740
1000
338
58
886
590
973
761
403
617
336
698
959
284
590
276
619
659
5
999
437
788
848
209
115
224
583
651
860
302
285
222
813
728
765
726
958
380
291
675
753
155
278
373
693
860
358
723
833
831
141
298
982
421
473
44
856
630
415
43
134
294
904
238
785
872
51
165
405
616
681
174
194
835
226
264
476
773
312
85
396
399
582
336
58
261
284
302
753
914
228
483
329
240
99
611
707
29
634
399
203
984
420
268
32
81
270
164
706
880
558
953
385
479
445
178
553
318
550
803
14
368
594
163
812
714
7
314
64
769
543
588
896
401
560
988
352
479
983
106
831
514
973
894
457
844
799
439
727
835
75
56
532
937
531
74
386
467
113
281
165
556
564
76
193
977
839
680
459
750
433
729
709
388
941
17
46
248
289
559
851
269
835
880
672
636
329
521
735
631
991
216
829
751
219
930
497
538
163
755
80
831
226
116
746
488
709
606
777
884
654
449
854
71
31
578
249
994
188
706
717
343
60
180
104
409
744
217
938
514
834
913
351
230
683
699
6
74
917
269
651
718
668
874
144
239
31
851
296
869
873
383
701
288
30
557
813
254
554
105
751
561
317
322
664
583
97
933
339
968
961
507
905
147
393
563
568
549
318
782
865
67
954
241
35
89
475
436
417
735
130
284
171
911
31
950
154
694
57
688
527
345
303
104
361
46
860
136
926
790
54
852
840
667
392
895
710
511
32
377
385
107
565
594
655
441
53
708
919
966
694
347
861
647
89
973
291
767
918
864
138
394
663
452
993
442
126
303
755
974
716
503
317
780
84
273
49
999
902
635
1
794
200
351
123
546
233
368
943
846
149
53
161
803
9
485
301
975
236
284
666
599
120
80
777
359
765
663
217
101
299
569
694
273
160
192
240
557
309
185
689
258
622
789
83
517
32
148
378
405
430
388
148
651
730
390
268
716
136
91
10
603
393
47
134
537
226
795
671
90
652
740
171
929
619
948
196
973
751
651
965
775
133
417
576
429
573
793
585
614
316
293
585
153
145
514
422
765
505
733
379
848
299
51
297
354
583
678
544
769
176
4
793
63
791
65
110
458
593
882
245
941
840
673
541
606
741
641
136
381
201
767
557
578
58
128
479
256
525
130
437
352
115
799
895
179
782
691
916
809
214
271
505
929
548
25
648
527
685
858
62
237
238
181
174
267
523
848
875
372
639
746
993
812
818
190
875
671
340
125
755
132
33
512
112
598
491
374
127
509
147
678
472
825
321
877
919
824
350
751
212
349
780
764
788
763
723
179
656
269
2
592
349
630
413
677
293
944
518
19
709
453
936
964
494
638
614
569
483
114
128
613
41
388
948
290
739
794
500
556
582
986
219
515
150
520
623
882
813
11
865
213
184
342
844
305
470
901
561
159
17
814
845
348
594
13
61
779
319
935
1000
221
237
343
404
45
403
802
314
24
763
803
591
205
6
34
66
290
288
263
409
429
395
302
894
444
424
776
604
368
446
476
276
169
835
335
257
243
255
527
193
194
205
992
81
778
685
129
944
971
775
144
653
532
754
1000
378
233
727
285
619
174
801
934
601
762
87
644
346
891
43
126
136
791
721
551
443
496
566
804
992
800
714
43
63
54
258
201
782
269
382
673
354
136
233
111
318
464
296
302
403
585
983
739
753
568
490
872
56
786
608
314
332
746
718
80
864
18
50
841
243
468
582
377
333
267
674
345
639
612
729
612
596
662
337
148
132
469
544
709
43
858
74
212
666
197
936
845
725
535
704
435
961
6
968
666
828
426
128
636
623
423
834
724
965
992
596
865
778
18
830
528
89
658
471
311
455
738
403
925
472
238
839
490
435
102
679
713
504
185
498
781
270
852
256
985
691
233
760
93
889
498
644
379
694
613
753
578
414
156
6
121
529
506
241
355
42
579
609
693
506
469
100
575
989
140
542
422
208
634
511
352
164
855
600
94
553
262
409
465
279
903
965
661
659
883
428
153
713
360
831
840
63
970
560
264
87
987
782
280
990
823
951
504
759
985
653
684
160
935
947
720
657
950
649
538
156
467
796
49
726
965
587
760
141
869
263
497
699
87
179
283
80
474
993
385
876
314
611
815
544
882
333
223
520
451
447
682
272
30
300
284
951
343
259
876
433
407
743
320
641
456
862
910
65
123
384
700
422
843
766
445
975
389
471
328
45
41
525
178
373
973
