1000
455
750
208
108
596
946
604
212
434
115
750
338
838
202
450
789
238
197
304
669
931
254
300
957
464
557
428
336
441
401
706
700
136
211
953
161
81
168
215
956
738
351
842
512
578
506
485
10
400
561
730
823
464
942
972
559
22
484
168
927
66
238
956
789
252
899
447
124
196
616
620
877
85
634
461
383
841
806
585
691
973
558
246
325
825
700
646
776
33
67
900
361
825
473
361
351
199
636
774
215
193
237
801
570
660
260
549
157
805
538
168
378
431
699
994
63
477
860
385
204
306
789
74
25
574
170
344
736
114
38
220
560
199
30
808
132
268
917
866
485
123
731
29
915
141
816
38
935
537
98
569
198
669
28
14
647
274
150
919
708
780
442
921
113
698
197
643
121
861
77
260
242
732
229
902
841
732
614
166
533
760
155
916
968
523
716
273
38
994
686
962
227
585
677
122
100
503
23
552
430
293
86
12
737
477
537
330
522
690
189
21
880
2
302
393
732
377
2
872
389
3
235
471
886
975
773
694
907
503
279
803
222
105
197
783
812
652
17
841
828
452
626
174
953
465
876
465
285
712
832
932
916
720
28
390
455
103
986
761
912
965
962
962
456
97
990
899
603
99
750
212
611
612
568
460
768
675
256
681
117
196
38
787
239
992
333
213
890
474
724
131
888
847
79
23
688
933
714
212
182
690
399
158
99
631
100
35
407
478
876
478
419
885
183
794
669
548
205
749
200
52
741
778
879
706
998
378
915
11
296
790
496
665
806
79
692
52
715
592
606
883
500
163
265
6
425
84
520
145
610
711
86
937
704
186
153
508
250
145
267
383
947
522
388
595
64
887
148
129
525
486
266
211
591
256
352
395
42
45
224
411
425
240
59
944
738
586
816
153
164
515
226
915
129
984
798
205
452
266
183
82
141
778
619
117
274
507
79
690
526
772
393
694
881
849
717
352
669
577
42
99
59
216
313
314
340
556
577
817
371
618
284
812
116
611
773
227
843
627
37
203
957
345
377
489
339
673
117
390
291
136
41
725
569
133
497
399
827
688
87
744
74
195
746
867
119
631
268
12
96
844
10
199
883
202
328
272
728
653
634
690
628
425
847
621
494
847
499
389
7
891
62
99
319
726
514
351
535
292
663
754
451
218
841
168
252
465
550
283
330
493
22
630
990
853
124
65
306
553
71
307
705
6
376
174
410
341
790
461
249
119
43
681
814
427
852
415
271
186
312
187
321
864
246
768
200
871
261
223
754
997
325
996
423
121
566
178
430
580
804
604
277
866
717
121
40
670
314
848
965
588
972
374
540
370
514
46
271
121
233
560
466
590
866
65
261
168
563
513
384
118
705
226
706
18
920
637
630
322
958
11
702
879
261
284
358
226
539
688
628
106
788
100
697
87
997
645
372
829
900
110
116
150
304
458
225
387
767
347
1000
318
591
230
457
66
743
448
184
6
972
480
195
376
982
458
814
421
798
630
54
930
964
363
878
648
688
403
278
48
293
229
987
663
968
697
523
459
553
292
856
684
287
590
213
144
395
452
347
695
892
912
627
809
305
680
412
969
121
328
325
518
290
796
599
211
795
544
578
943
136
692
513
980
78
255
187
571
691
439
883
515
596
923
904
808
657
430
171
306
856
749
219
205
579
839
230
247
819
507
961
833
982
154
433
720
303
812
276
609
744
360
322
45
601
608
317
269
846
576
533
317
705
965
68
798
809
991
836
150
442
371
109
868
345
691
467
149
54
965
821
647
913
921
211
921
566
296
28
920
76
529
128
277
727
277
632
428
755
756
613
467
424
867
158
807
447
524
330
719
114
256
194
412
296
923
206
165
955
358
443
224
217
270
440
747
638
532
438
175
614
697
239
276
321
104
979
127
754
17
791
288
769
894
763
926
818
408
772
430
139
925
151
259
905
356
963
289
868
951
842
367
95
826
173
54
929
201
780
711
630
32
576
742
86
926
858
847
979
640
872
234
392
606
469
843
132
956
790
560
105
702
19
569
154
74
220
401
662
369
444
640
686
545
189
939
365
592
332
381
243
963
515
602
164
326
333
515
147
438
690
808
496
226
560
288
248
624
87
520
535
177
808
927
943
776
209
980
17
945
763
258
481
578
36
365
552
804
759
14
976
464
122
331
610
330
656
710
583
686
672
288
477
907
265
95
199
901
981
450
915
150
566
882
272
241
167
320
39
65
383
930
250
500
227
863
516
207
391
411
855
29
765
159
316
82
837
146
325
601
134
696
782
736
607
240
35
284
802
952
163
