123
1000
74
750
412
396
869
930
71
432
621
763
237
529
800
94
270
902
896
692
62
397
978
77
329
280
972
793
112
315
158
715
559
623
576
929
302
99
700
742
783
364
104
387
301
431
840
448
480
268
936
629
784
598
792
508
172
796
663
961
393
311
441
698
868
121
157
974
790
868
851
981
171
517
957
44
364
178
844
351
618
633
691
187
300
28
477
183
89
674
131
516
333
634
483
57
278
172
229
323
854
923
504
167
886
111
393
637
668
189
272
451
531
913
969
312
926
932
608
119
27
444
357
235
545
404
145
564
684
234
405
78
927
420
556
653
5
152
469
292
619
558
946
106
273
195
717
365
171
562
256
183
250
871
374
617
714
140
396
515
132
258
761
551
676
321
606
17
536
650
273
455
684
926
652
753
88
312
929
589
374
591
490
42
663
134
479
249
283
648
538
182
223
133
389
249
696
372
877
144
32
946
92
200
826
800
314
581
468
796
905
97
613
7
170
36
879
304
979
836
370
119
581
732
180
437
201
97
656
854
842
616
775
126
516
672
891
575
846
551
83
406
510
552
544
729
664
877
387
753
96
510
132
294
725
303
872
863
627
37
900
163
472
679
637
593
951
127
975
571
20
553
668
503
882
703
175
577
930
90
16
551
17
206
626
872
834
44
600
433
536
981
607
636
951
506
986
664
708
527
286
691
280
462
922
376
217
412
645
567
394
77
479
13
783
896
344
569
140
718
390
45
834
168
344
680
979
843
267
909
851
200
935
781
721
595
529
930
29
789
427
833
789
337
159
349
20
297
56
796
262
570
861
99
459
28
279
617
266
925
825
693
588
819
939
278
638
737
182
71
131
953
669
619
799
135
853
40
834
918
579
6
243
117
771
545
134
653
710
585
197
174
196
500
511
234
902
104
133
665
495
545
604
585
567
416
70
310
55
202
984
53
168
795
726
532
949
788
847
116
772
945
873
472
109
500
536
550
146
325
105
871
245
907
36
622
666
235
397
970
717
674
952
643
163
629
575
67
797
441
667
833
23
81
898
534
621
204
466
449
53
469
872
202
170
614
928
467
628
85
230
400
443
722
703
487
919
785
462
785
416
254
159
998
762
379
473
570
322
91
933
633
238
702
835
76
399
546
849
653
616
439
484
563
841
26
830
122
561
495
327
415
905
604
700
742
433
23
240
774
528
284
156
984
722
742
420
827
672
663
48
2
988
153
119
514
444
963
245
754
222
824
202
436
412
985
450
450
529
520
245
558
475
180
859
428
117
26
821
768
601
912
609
813
743
182
493
184
931
953
94
770
512
80
541
939
5
272
775
428
475
738
500
310
802
774
464
452
116
170
874
865
152
127
317
519
544
63
55
895
560
273
44
6
264
45
673
356
242
295
900
827
308
563
129
434
98
355
429
879
990
642
691
483
748
123
857
408
419
480
319
620
965
271
977
568
160
912
299
629
147
691
636
188
516
777
354
464
529
216
776
610
750
108
925
46
656
664
648
38
513
10
851
284
546
562
166
228
58
474
426
290
9
623
236
5
298
147
493
256
600
71
841
727
475
773
399
132
333
890
556
946
809
969
947
368
711
545
620
516
535
755
152
988
557
77
250
765
270
121
949
650
68
397
529
505
838
253
451
823
382
571
832
115
130
932
537
925
931
640
887
43
551
663
491
556
286
42
562
486
352
454
9
442
210
787
155
245
477
664
319
454
471
809
923
28
667
915
736
817
684
512
319
893
193
577
137
991
289
377
249
542
93
13
310
74
744
621
871
861
350
295
838
508
620
23
82
216
863
974
557
736
528
519
996
361
305
193
849
672
744
99
126
388
270
734
376
266
797
81
247
433
311
502
487
27
954
583
145
856
974
203
375
873
102
755
580
76
699
771
28
939
433
764
841
628
263
420
313
492
67
989
18
33
243
227
378
755
650
769
624
890
397
495
326
861
271
20
555
629
381
110
656
412
522
291
388
269
112
149
140
805
284
963
520
902
986
540
405
123
834
183
612
671
239
439
623
853
167
850
525
215
398
816
363
564
644
28
754
251
417
277
904
988
687
145
979
182
702
177
429
987
993
304
705
464
876
900
945
22
58
730
854
856
841
670
723
140
164
456
407
423
986
415
112
246
843
530
694
307
66
257
190
151
731
590
604
415
203
705
637
867
379
950
802
449
68
498
980
480
215
138
843
531
542
812
906
688
7
767
894
779
377
262
66
131
529
671
412
687
935
68
260
387
606
640
318
779
83
409
789
370
489
117
971
157
502
623
289
365
665
937
