1000
-9823
-6659
7826
-5035
-818
5177
-9434
-3041
-652
-3294
-4443
-2835
-5220
-9507
1036
-4285
9826
6343
-2604
9723
2235
-7644
-377
301
870
6646
-1920
-9700
991
7613
-8024
3495
-9511
-913
3073
9572
-6934
-1129
871
1596
4806
-8710
7852
-3262
5890
5957
-21
8475
-445
7113
8191
3611
-9986
-1772
-9083
2428
4812
4002
1211
9189
6964
2520
-9374
7435
-7150
-2205
287
5331
-10000
3756
-1299
4685
1960
1664
5337
-563
8265
4824
759
-5902
8818
6708
7562
6212
5818
-4372
-8007
-968
4974
-4163
8386
3705
6959
-4145
-8261
8390
9452
-2200
1249
-3419
6001
-4339
-5826
-2033
-9975
561
-6774
1571
2118
5995
4726
-7086
-4995
2349
9511
-9086
665
6535
-5713
9372
-5455
-8853
8290
-4072
524
-7534
-4387
9418
768
-4374
2726
-5696
-6527
-9550
4803
3084
9529
2819
-113
-402
4457
5859
1163
6739
-4334
-342
-5087
6103
-6288
-6534
-5237
728
4771
2324
-8660
6044
5627
-6998
-2575
-9156
9060
603
8627
9357
-3417
3343
6734
5376
-3634
-9952
-3157
5443
5841
8055
3475
2126
3044
-9360
-4336
-5272
-2084
-8836
-7867
-2373
-6471
1136
-8101
9294
-6037
4647
-8315
3789
8006
-8037
-7663
1131
-1524
-4018
4568
-6768
9718
347
2745
870
564
-1490
2487
-3936
7492
3763
-9180
8874
-3970
-7271
8499
-5896
8954
7160
2876
-2028
2684
-3357
58
-109
9377
-2308
5582
-8492
4345
2743
-8476
7596
-4146
-2640
5973
-3290
-5900
-5592
-4899
942
8686
8148
9679
-8257
-6992
-8510
-9934
-3301
6461
-8688
-5856
5145
4520
285
-1038
-9616
-1866
2776
1376
4755
-6013
-8554
-3484
8589
1483
3093
-620
-633
9652
5170
7962
3680
-7985
6940
442
3414
7177
6988
-170
-3669
2508
-9125
3516
6253
-5237
-2132
-701
8658
4538
-4604
7221
4736
6717
6010
-1495
-7877
-5404
-3955
4182
-3395
5839
1910
-8285
-2467
6076
-8381
948
1317
-7875
9250
9999
-8065
-5623
-7205
-415
1663
-8109
2992
-2207
7675
1992
-5975
1927
2960
4433
-3548
-6896
2262
5125
9985
526
-7247
9587
-8892
-4689
7412
3420
-9307
7882
4663
2591
-7463
4068
6880
5752
-766
2323
7237
-5823
-9156
1290
-6418
-9812
-9768
-4314
-6363
-5247
5830
-7444
7347
-6908
9664
2308
-7687
-719
-8605
5343
-233
-7238
-2530
5658
-773
-2538
-9163
-2419
-5963
7962
-2131
-8086
-9400
5672
-4946
6912
-6182
-7146
9391
-5386
-1770
2299
4020
-7827
225
7024
1127
-9804
7827
-5255
1441
9688
-2097
-3639
289
-1252
-9498
9185
-6079
5028
-9383
-4725
7649
-763
391
6031
-4717
3343
2919
881
6952
9572
-5879
2384
-9411
4328
-2033
-784
9454
-861
3130
-816
-7722
-3736
6046
-157
-2319
97
-2916
3405
7247
4451
-323
-1307
2188
766
7213
-5349
7549
-9328
-7867
7603
-3605
9326
8327
2241
-8880
5025
6450
7232
-5122
-8117
-3326
-9474
-7452
-2994
4488
4913
2840
5011
-5315
9788
-5694
-6255
2074
8001
4662
8644
-3480
-3295
-6463
-3101
-959
4239
-5492
-7714
758
-1104
5018
8535
-2871
-4727
8176
-4286
4831
7035
-4426
1822
-4135
-8841
7267
5762
-8236
2396
-3682
8974
7358
2664
6168
1725
-9117
8038
6194
1424
9342
-9661
1240
2750
-1090
4456
9719
2806
-703
-7415
-9636
9778
-342
-2642
-6831
-9004
4756
-4791
-4798
2159
9571
3231
-1059
2258
-6345
-4877
-5629
2678
363
5648
2750
-2953
-6495
-5060
-5369
9319
7648
-5729
1668
1512
-1149
5684
-3686
4116
-8114
1302
-6557
-55
-6444
1904
-7521
2436
-5955
8358
9696
1191
-1282
8519
4212
-6442
-8944
2509
3466
-3892
-4136
5976
-6474
-9610
2805
-1771
9075
-9908
-78
-9339
421
-352
4000
5718
-5832
-1380
-258
7647
-1081
-1248
-5191
2953
5722
-5667
-818
-3917
-8629
-7559
-7686
-5118
3627
3660
3169
-8162
-6131
-959
4273
-5202
1047
5686
7182
-1255
1724
-7779
1509
5182
-5506
-1366
-8166
5372
8076
-7341
-7843
-3800
-4377
7345
-6593
2793
5610
-1812
-1271
-4420
-4227
-1394
-3469
-5283
-9159
-3360
-3053
808
-3354
5095
6983
-6250
-7436
-9783
-5962
5468
-7022
-5651
2008
794
2784
-4192
-8462
-6986
5258
-8436
7131
8403
8336
-1466
-8602
-548
7527
7596
739
110
-3100
-2781
-76
1134
-4529
-4201
8196
8298
-2024
4111
4099
7665
-8495
-9664
-7266
5449
4898
-154
-2474
-5709
-4948
-3727
-3789
4530
-705
294
-4970
2411
2899
3004
5261
5421
-5751
-6439
1966
124
-8830
-7362
-2875
1361
-6690
9241
-491
-4503
-415
3722
-5783
4334
4774
-3291
-1850
210
9121
9173
6388
190
1917
-2395
9022
-1213
-4588
-4804
9683
3573
7363
-4414
-6917
-583
-6795
-467
-6421
5658
7271
1014
8547
495
-7618
-328
1412
9145
-7566
-9866
-2995
-1682
5255
5786
-5014
-8968
-9432
-589
3205
5665
-7820
-7781
-3007
-5664
8151
3277
8712
3453
-3416
-6285
8307
-1688
-9389
2138
6601
-6453
-4330
-4175
-1938
3061
7524
-5181
-3135
-1240
5019
-525
7849
392
4615
4321
-3938
-7918
-9516
-8501
3428
7513
1134
4345
-8616
7171
-5562
9039
-4309
-5042
9122
9857
9841
1920
7440
5675
-6432
2743
-2707
5842
4301
1341
-5868
-3024
-5063
-8600
-4438
-499
-1869
191
6626
-5314
8293
2836
9919
-6401
-9913
-5478
593
7217
3518
8623
-3201
-33
-5874
9576
-9698
834
1594
3704
-7439
-526
226
-9020
-801
-2457
270
-3407
5794
3498
-9103
-6300
9414
4846
-7716
4048
-421
-1125
2765
164
9401
1722
-8457
8338
3077
-9949
1152
-3796
1098
-4740
9273
4360
-64
-5058
5552
-7268
9638
-7678
-8757
8689
-7143
-1165
-8767
1067
2306
-2177
8425
-7437
6798
6994
-5341
1610
9293
-5420
812
-8044
-2376
9355
1985
-6601
411
-6941
2408
5418
673
-4822
8039
-887
-4980
6871
9355
7517
415
5816
5378
1370
3045
4845
7653
-3774
-3738
7473
-2646
9105
939
-3626
5855
4232
-3033
318
-7819
-9338
9856
8869
-4531
2709
-1683
-175
3133
-103
1145
4017
-2028
2718
9919
-2180
3042
-2855
-4079
2887
-1787
-6056
-7761
-1253
3231
3191
1280
2461
-3704
2512
-4140
4591
5247
-8991
-1633
-770
5043
9406
-4547
-1321
8084
5554
-5952
3301
2531
-5550
4419
-5956
-5770
-2955
7607
4174
573
-1159
7922
6200
2057
-7312
3715
9753
8466
