1000
5674
9718
1185
860
8861
4324
3709
1205
1641
2620
5035
2976
8945
3152
8923
1096
9174
457
4829
6818
2618
9439
1336
2459
8997
1817
1688
1413
8858
3313
1625
8929
4570
2958
9538
4258
8199
2369
818
6808
5019
5341
5686
5267
363
8486
3423
183
8109
3506
9970
3452
2125
6633
181
1579
8119
4545
1247
5446
5967
3005
6993
7600
8543
6069
4027
5878
2730
8306
3879
6517
2737
2279
6962
1796
5692
9877
1772
4136
9653
590
5170
8045
3669
7654
9617
9514
6940
3069
4789
4602
1428
5110
1686
4616
8195
2999
291
5253
5254
3212
118
9974
3358
4134
638
3455
7174
4193
9639
902
6922
4449
1400
2530
5257
9491
1468
7458
1895
8953
9195
9373
9531
5139
9326
9603
6024
7557
1417
5093
3470
9820
8698
9140
9579
3277
3669
45
776
6886
1619
1646
4415
7287
5206
3978
5902
4056
1414
148
923
470
4775
578
3768
5038
6763
7850
7346
2326
7751
1793
6390
7531
3935
6270
3662
1774
183
8066
3798
700
7302
8265
6087
311
4615
6631
1609
1356
2046
834
8390
8172
3474
910
129
2334
1339
3820
5392
999
1951
4516
3067
8862
8961
6844
9768
4150
7315
373
4288
8985
3810
8835
2523
3280
7748
5735
7956
529
8116
8843
6204
1355
5813
8284
4357
137
1210
9626
6743
2156
80
6574
1849
6687
5113
7373
1226
4800
8800
5387
965
8543
6202
496
5618
9122
6025
5776
902
9566
529
480
1466
4428
6373
2454
689
1652
9589
681
9763
9788
9041
1557
3198
9967
4880
3735
5398
2564
3198
4531
279
5872
5240
4845
8883
3646
7064
12
3648
7170
583
4892
3726
181
1506
7974
1113
595
1761
7355
3370
9336
1319
973
5716
8079
8120
6834
3030
5362
5539
636
5289
7166
344
4698
2214
1599
3205
6892
5323
2195
2114
9981
515
9724
2828
5365
4098
2135
4594
3586
1344
968
995
7120
1511
2458
9170
5362
7548
8900
1819
130
5080
3054
4090
1147
7262
8432
5304
3466
8969
7449
9545
7442
1157
1237
8787
1334
520
5332
3295
159
6465
4773
4554
4295
2221
1771
3355
2596
955
1780
7455
4446
9525
7964
7215
8394
2115
8339
6533
883
5015
2565
7806
5782
5160
8774
6128
2914
2903
6655
3407
9616
2845
3099
2378
5390
2024
8176
6308
6298
327
2249
2862
9419
22
4311
9301
3030
8510
1919
1836
4552
98
2797
3723
2994
4799
6196
1956
2055
206
2510
1706
2398
3337
8425
242
5483
504
3435
4345
3500
5
5760
8762
4431
2148
3039
1148
2502
55
4944
8483
3860
6145
4954
1923
4785
1654
7097
3603
4382
8495
6911
3781
9551
9396
3945
2408
5703
4993
8782
156
6476
4267
7751
132
1759
4550
6170
8580
5792
8330
5993
3219
3139
7296
2022
9046
2087
9457
2969
2130
6203
2080
3074
5480
1196
6775
8108
6009
1379
9970
9595
3324
1398
2638
9650
1478
9365
5589
3511
8238
8547
3646
9378
8973
7108
4253
9532
3902
8054
4933
6563
2249
6505
1512
6810
4776
9138
7682
94
4742
6598
555
1040
4063
900
5454
5218
1489
111
9797
4164
2587
334
9513
44
6029
4696
8288
7967
3558
6640
4730
6916
962
3040
2306
9369
761
9283
9815
7079
884
655
3269
9537
9425
877
6487
6901
6730
5601
1272
8563
2293
341
7349
7735
4004
3087
6273
3840
3005
2953
6458
2444
1075
4582
2539
5829
9541
9592
3841
9730
7536
126
442
4198
6774
9582
1211
399
2198
9884
7290
2867
9163
3449
7975
74
1517
530
3251
6049
2440
6171
6275
2832
4874
5228
4672
4461
8511
429
3899
5973
1177
4045
5315
4877
8966
9414
3871
9699
3561
7544
3674
3108
699
7799
3936
9
5022
2634
4415
5460
3233
9096
8290
8374
3466
3340
5364
1264
5507
7039
3582
3197
897
6328
8299
6027
6513
8572
1449
6601
6884
9859
85
8041
4877
2780
5717
1786
1843
9727
7708
8349
2158
8708
3423
9951
8936
8840
4062
1909
9289
3263
9841
4451
3738
8325
7123
6122
1035
9578
5205
4947
7194
6042
2715
8779
3375
7637
1920
9689
3232
2528
5053
8281
1884
624
9924
9481
712
4330
4886
9781
1244
1297
8347
6187
7978
36
3052
8448
9478
7610
3381
733
9677
2261
990
641
8249
177
7420
3801
8820
6517
4723
8129
6234
9297
8387
8848
8717
7642
9194
3637
2529
9935
2606
5101
3620
338
8938
8578
8373
7347
3181
3685
9405
5489
8619
5121
4548
2457
9395
9987
4893
8483
4256
4728
3274
1437
1944
2827
1435
2187
7522
3228
286
7332
9447
3109
3432
8086
675
8712
8883
5959
1009
3720
3982
181
5640
3850
7918
5707
3949
45
2183
9906
6425
4545
6238
227
2230
2445
4191
8237
508
4393
1737
8851
6420
5702
9201
6596
857
1692
809
7314
682
273
1055
5880
7089
7929
1349
7159
9801
5021
4201
6965
5753
1308
9583
9021
2677
9774
496
6331
1746
6509
5838
622
4052
8371
266
2058
7017
6351
1659
8176
2805
7071
9704
9678
9066
7927
8340
2599
4382
2846
2624
7755
5072
7534
3766
515
6223
4445
6183
5676
3721
908
4761
3831
3837
1792
4547
9435
7390
5947
6359
3026
1481
2263
9030
409
3812
1895
4513
7340
8770
2731
279
7993
6500
3537
7287
7262
7439
1490
8006
4971
5264
1583
7468
6362
5684
6773
5290
2124
6069
5695
195
3294
4915
3613
1501
1381
8705
7569
8
6885
2041
7348
7608
8533
2123
454
8717
2821
9686
6211
2337
3717
766
5673
6480
9789
3040
7366
5142
5813
9630
1244
9405
1468
3535
8035
4566
2446
7220
7170
3451
8269
6537
9906
2058
9219
4687
8221
2417
1910
6826
8157
9441
2961
5204
3801
5577
1280
327
3829
7397
9424
1112
8535
9882
334
4650
6047
1867
7765
8779
166
7083
7216
2086
5459
5287
6218
3430
7603
9623
9911
4760
2694
4505
181
8133
8188
4691
4693
2867
4249
4059
429
398
3421
5715
9569
