1000
9170
6950
9761
2739
8952
7130
4027
4316
5670
3833
8146
1045
6911
5009
8192
786
7006
9319
9400
3521
9666
1490
5729
1010
9926
7026
7842
8876
1184
1585
4339
3457
719
6078
9201
4673
5974
8229
4370
2036
7107
6973
4504
7258
4795
5775
1456
6372
4612
3777
8880
676
3529
522
1663
9962
762
7548
4180
9843
1004
5454
9213
2588
9754
9357
5141
571
6459
1217
8538
9999
1955
7274
9353
4892
6259
4407
7964
7387
9224
9137
9150
1224
7600
6387
658
3282
8385
8490
4004
8960
4301
1003
4548
5188
5786
8841
1750
8623
2409
444
8811
9955
2251
1056
662
2519
8963
3790
2439
318
1484
4617
3670
5942
9028
6022
2859
7362
5896
2168
3794
3032
4946
8137
3037
3614
5579
6550
5095
80
5187
1081
9446
6778
16
3970
3071
5113
2227
7784
4163
879
9273
5349
795
3895
3090
4584
4874
9028
6930
599
3558
361
8778
6057
5649
7750
1306
6731
9781
9434
1274
3200
5961
663
7940
9466
3198
1514
848
168
3110
8541
9669
9417
4233
1756
7194
4617
3808
9360
8569
6921
4602
2332
2827
1248
1361
4440
3049
5228
7709
1416
9541
1236
9523
2929
9771
3247
3269
8144
2705
2193
6618
1358
9589
7437
9759
3239
3254
6985
2872
514
8033
4669
1852
8715
3752
2749
8640
8433
1650
492
7082
6723
1658
7364
9668
7168
5368
5904
2005
4465
1642
9814
6221
7536
1599
9079
7165
1693
1923
7385
8353
2079
6949
9358
5626
628
7819
1013
2204
4037
983
3989
2393
7450
213
9890
6228
4527
638
5708
9180
5399
126
3855
7888
6575
9831
2748
1968
7686
8878
1279
7555
4465
3005
9116
9939
2205
6164
1525
8196
1308
8403
9427
4192
203
9656
8453
3504
38
3236
5713
3034
9930
6495
8669
9094
9744
959
3154
8017
2150
9603
674
7887
3754
8421
6782
5438
7844
8068
8992
4695
8191
4965
7808
1308
4209
2465
564
8220
6323
186
277
1102
6649
9070
1014
9195
9560
2856
4148
445
9708
9405
9827
3330
3897
7618
4515
483
5929
3227
3371
2731
2657
7100
1631
4504
6655
3303
594
4028
2466
663
1935
5649
6276
7331
1018
5451
1335
4709
8059
3175
5845
6653
5815
5799
9956
5209
3814
9942
2947
5599
3637
5202
1594
25
4718
9952
785
4579
1683
4689
867
2919
2475
3492
1444
671
1055
8276
948
1274
4911
7468
49
5797
1021
2487
3449
2232
7657
1051
6438
1800
110
8404
3636
8100
2330
2522
995
3615
2396
9231
5947
3030
4719
1200
1879
3063
4615
54
1394
3910
7376
4678
9833
516
7267
7142
5510
3029
6797
214
9775
8012
7134
4043
8408
361
4526
5833
8711
3684
697
6230
1938
6032
9443
9374
9400
9839
1720
8953
1986
776
1147
3923
5557
2766
1413
7188
5994
4151
7105
3593
1943
1369
5420
4872
3032
2205
8194
3740
978
8101
7951
3260
289
7944
733
5140
2884
668
5707
5099
3674
7297
7606
6584
4742
1361
941
9288
154
9615
9729
8863
6654
6870
1014
9993
4015
1690
4862
8304
7064
10
6372
9767
1331
9411
3723
8617
2558
6534
1389
9452
791
4477
3659
3869
2558
3866
4045
4062
8753
9297
3346
2658
8385
1570
1240
9485
9424
9208
588
5238
8704
4675
1611
5609
4426
2360
4122
854
9948
826
9461
1018
4884
1070
6023
7774
2476
969
9906
6855
9251
8639
9342
7694
4373
6633
2627
6106
4749
6620
5423
7231
6096
2076
6670
1883
7791
8934
4135
2471
3726
6175
9887
9565
722
5424
4894
8565
2558
247
9749
6319
761
2775
4689
28
6974
2706
5532
3720
2
4274
7899
6282
5704
4351
6345
1040
479
6617
9156
8612
2123
9726
1429
8270
9755
9487
2499
4347
7904
6605
4150
5273
8805
3506
3429
183
2516
804
1877
5158
289
598
4670
9209
437
8232
3603
131
2241
8538
1981
628
2965
4016
7164
1213
887
7152
6703
2308
7083
4738
7468
3874
2765
6349
5924
6961
2024
1025
1224
3663
4903
7068
6345
9304
9755
220
4297
7560
8362
1845
8971
6385
6272
8373
4454
2365
3500
211
8805
5953
9939
2099
4051
6063
3024
6632
3859
4678
6536
7375
2023
1012
7359
8571
2622
5853
8351
5267
386
5012
2304
3139
7840
2946
5291
3179
6313
3170
6132
911
2177
3891
1836
9829
5808
718
6412
3724
5278
4346
2350
9371
2307
9387
4678
1402
9144
506
7471
8047
8119
7562
1890
422
3501
3539
6396
1885
542
6856
1837
3514
622
3660
3784
8795
485
5546
3908
357
9095
1180
6170
8719
7426
1972
7819
4971
2404
6142
1588
3076
6793
213
4852
9082
8018
1984
454
3249
2597
2971
7216
6278
7730
7137
8157
652
8661
6158
5889
1777
6203
7093
4605
3046
9798
40
4821
5139
1714
134
4885
1743
2749
449
7552
8766
9258
1590
6203
8875
4843
7620
619
9580
7853
875
5309
9988
5856
4136
1256
8018
8123
2461
2148
2346
8382
2017
4704
8151
7424
6679
8229
6424
5577
2796
6178
3658
9735
9650
3859
3209
3747
7371
4091
2224
8233
6777
1731
852
4952
7703
1586
1213
479
2786
1870
8736
6218
4681
3456
8740
7839
7696
4839
4330
3086
3823
4067
918
5646
1774
717
3731
6609
3272
4239
2346
6757
6367
181
7536
6286
5178
7692
6165
5683
5670
6942
5992
5710
1903
9740
5431
6373
113
8395
6739
6962
7239
5329
529
8996
3788
3539
2845
9394
6879
6101
7195
225
7283
4087
7802
5635
2437
6345
7659
4819
8050
2678
5406
1533
9409
3564
9515
2054
5113
5557
3087
3682
4761
2610
6358
6819
1396
775
2453
6671
5022
2488
3144
2886
7010
3268
5688
3146
3113
7186
1631
553
2586
7991
765
4604
7148
5933
7937
6537
8548
9340
5263
5680
2968
99
4686
868
6135
6135
230
2464
7667
470
7586
7354
5902
9983
3587
2483
6413
3378
3455
9500
5859
57
7121
6032
7018
5627
1196
9675
5610
7696
8180
5964
9694
5853
