13219
94140
-13242
82316
9045
-41996
18950
-32887
98764
-42705
80115
-44091
29642
-98657
44376
-16912
-54709
-17707
92552
74603
-98309
-22597
9416
27971
-62055
12124
42345
58331
-75881
-66439
76360
13581
-29841
-98909
-30700
-77348
21274
-91086
-10163
-64858
-38519
34475
-68332
42798
-25347
61729
-34562
-28014
-97411
-90100
38430
-75018
-8092
8281
17298
77410
-60407
53658
59053
94080
6167
-16733
72578
-50998
-52207
71540
8934
34111
48515
22181
45567
84561
17414
-46943
-71382
45897
20406
92330
-10422
94445
-61935
56251
35181
57952
-98942
13746
28057
72793
-94942
-39188
43006
-10365
30272
73544
65106
19110
65141
38985
-31635
14657
20860
-23191
-51438
-79469
-52574
31407
-7511
10843
-40998
-61766
33820
-71824
-44644
-35735
-96027
-17811
80357
-27778
-85246
99166
-41422
51670
69042
9436
-19111
-18487
-79146
-14381
-33545
17409
-39143
53860
34605
-15556
-95710
67085
-17628
-33104
-6729
-6612
42212
3237
-4294
-87898
30335
-60362
-95795
-88075
-2012
-95204
-73572
-47312
-20987
-33799
8267
17377
-40913
-4566
69668
74808
23886
19180
9455
-50100
-64350
29931
-60248
70501
-71782
58004
6285
12106
-48163
92229
-16542
41172
-96669
68950
97376
-97586
-50885
2057
-90917
87531
21474
91823
1681
20307
-28842
77582
-36678
15407
-24304
-43620
54564
86200
53361
-16017
-11536
-35022
95074
-5004
-1397
-19743
-70137
59599
4037
-65588
-38215
76987
-92002
-45423
-16611
-72492
-15273
-16336
23971
48367
52611
36193
-45173
-28701
-15734
83522
-18987
-77771
43388
85524
94378
2333
-10728
-89228
6457
-17351
-8785
-4509
74000
-56501
-40634
79613
57220
-84269
-59405
-74268
85155
-9762
-68034
23695
-28196
56281
54369
-2586
-96123
-33937
-46038
83368
96190
-82398
-61913
-69822
24156
-86563
-61518
71030
-82905
37260
-88764
89107
-26648
-95088
25128
45842
-46050
-85271
5080
-67534
27695
12225
60255
40334
-84322
-84701
3774
18482
-50029
90848
19485
-44581
6950
98579
42892
81319
-78322
75340
-92901
27965
28547
79947
-10276
8859
66673
3864
-45388
-63235
-71563
75519
-48764
87028
5881
-3183
-26242
-53302
-52485
-20568
-2387
-91721
79807
16720
41430
-75783
-83008
71709
-71087
-23164
56103
-68114
-89437
75788
88063
-17383
42835
85640
-31944
87212
-13211
-27830
31051
-46570
49620
66285
39506
-47171
43367
-77246
-66891
24922
-31803
-28179
-89304
77460
23192
-73695
5565
-12696
48173
-61910
-40343
-2059
90927
-88398
76797
-80939
99229
31747
24057
31919
46895
79907
-66417
3433
-57413
-59834
-69276
54787
83464
77832
-26209
52167
13192
-52882
-15082
92557
-63395
39541
58592
-16200
-59766
-15135
-77094
68107
-25768
92139
20590
-34554
-53559
62923
-94429
-23935
-62882
37288
2325
43822
16617
89143
84463
63596
73884
-14825
93947
-96450
31618
15472
6812
-9945
81648
-32936
-48872
-93942
36017
-5752
-94008
82286
-11671
13579
4186
17023
-94591
-92627
19741
12994
-73610
-79204
97623
62729
51696
-89575
-35384
-1791
95367
87192
48121
-40375
38486
70479
-74910
4037
-15425
40154
78786
39610
18500
69005
16609
-97822
-97699
-72119
-58849
-50350
95306
-68741
15375
-98904
-25682
29024
28514
22704
-64445
-602
83594
-91534
-6803
-10213
35128
-37620
14617
76635
19672
-49957
-77132
79940
20916
17288
-66760
-42683
20642
63431
-96680
-47989
13654
-28099
48278
-84696
-59365
46049
37450
50333
71606
-47908
99705
-6615
53021
-8222
-50488
13836
-63714
-74609
11218
-50876
-9426
76442
-70316
4640
-9792
20345
96649
-92099
31867
-19900
-97918
70911
-51162
77618
-93739
76991
-74879
27613
49252
-50257
-66008
-77446
47854
30647
-83013
-55046
-62068
-36951
-27738
33303
-3945
-91472
84219
-81225
-98787
-97325
-4091
41541
-33707
25519
-15036
-46834
96826
-50215
23696
40877
90615
-38731
-474
-20394
57942
90166
-65180
-42449
-81643
-83504
76890
77682
95127
-71959
72819
49559
-13231
-4622
71127
-88835
-87425
-61007
3155
59137
-62134
69298
36001
-39962
20163
59314
49238
59481
-89375
99262
25808
-24012
-74475
65841
-16569
-88252
70682
94114
-53392
-58798
-64132
13367
16960
55248
-27278
2533
-68419
-14288
45142
-16915
88846
30928
-50260
-55954
-54131
98158
-92352
-50242
24728
-39077
-24504
-78870
13290
-35935
29807
79990
59627
-15583
-46853
-46656
84321
-27331
6048
-81712
70192
-35470
91189
-98020
-945
84100
73401
97698
91169
-53153
-88021
-32941
20295
-64792
-87265
-74934
6405
-96336
-37216
-83917
-78834
54746
36157
16817
-81494
-90886
-77997
48866
78745
-46107
85960
91486
29154
-65663
48975
53559
-52540
98117
-30777
-27330
-79010
80834
-16256
-66927
-56280
-26952
68053
811
-44352
-86238
-29835
-57766
23783
98392
65553
-99433
11134
75945
30565
-23655
-94777
97613
-63737
-46699
94196
96093
-59067
81983
-47274
-70598
31636
-72487
22761
-65278
50810
93581
1367
45660
62382
-34271
56437
-50282
-77548
799
-51268
79476
-87111
-40583
31683
98628
-8073
23938
68785
-62112
72132
51623
-93928
-48446
62065
26135
12448
-47845
39566
-38147
-90386
-10807
-69785
97413
67568
13782
21313
-23179
-6726
-31835
19405
-28981
14163
53026
-86808
86281
37390
94969
97598
67335
-72215
-9683
59488
1917
-51567
-38488
-47437
48569
33763
3590
-89075
-88758
83223
46680
46204
-17336
88943
33318
74222
-56957
4784
-89287
77853
-23612
-88884
-51586
-77758
-76586
-16977
20634
98849
43126
957
-98335
86166
71116
84
57323
-6645
-29872
-11476
67718
78322
-49276
-34963
-40124
32852
74841
-66985
39543
-26135
29479
47710
55717
15793
44251
117
24470
-84392
-9382
11170
17324
74137
-26107
-76730
32887
-9739
55780
96577
43837
-89158
38986
53715
24140
69376
-16524
-7920
4541
-40853
-45043
90304
53733
7221
-40414
26029
14687
-52946
66304
-33997
80062
65511
13080
91756
37570
-9963
-5802
56167
-33053
24043
59870
-2450
50232
-4830
10971
-87204
-79654
486
-91420
-75232
-96342
62514
-78956
-12666
-84711
704
44110
-29698
-35111
-20637
-30292
-18238
43221
-24890
-18352
-49603
-3901
65499
-65563
-72162
19532
42202
49065
-28667
-54437
-99904
4928
-77056
97807
76656
616
96681
51893
-4229
23697
54713
38506
-75203
91027
70932
-61700
44199
50369
72416
90823
44492
43179
95873
24493
-44642
8560
90320
82942
95044
-42912
30448
-75306
97830
-53255
-85022
77858
38318
-95786
89195
-23147
-75198
7500
-57790
-88108
-97530
-23145
-27307
69739
-39838
-79344
45192
19275
-16168
50493
75198
-55500
12176
28120
83938
-19677
-33234
64127
21340
21500
-85279
76827
3499
72926
-2168
-11866
-86723
72346
-11992
-54369
99802
46238
-64017
-36217
-49653
7314
99966
-85328
-58247
-89661
-28293
29988
4210
-37017
95786
42298
48866
-52527
-82436
98059
-66689
92096
33474
-52295
60715
-33427
40453
47381
84969
-12069
94777
-80259
-35869
-15703
85407
55408
7343
99348
65297
-73019
25031
35827
-72488
-12788
1423
-21166
-63180
48139
-12955
-97127
47826
95888
28283
60090
47342
3074
88111
-77645
69589
-50110
83568
-21859
-56031
-1422
96509
42286
73480
-2472
-13611
8777
46495
37874
79317
25209
32408
-510
-49130
43973
-59367
-32524
-10322
-79046
-28771
-46394
66221
-35285
-82452
231
45800
90161
-68160
86098
16637
71040
87015
9080
-31957
-65378
61731
85892
37590
88811
99356
-688
-54451
-36928
127
39638
-32320
-1565
-49640
59320
14386
65705
-755
-74420
66493
-11514
92122
-47906
-76775
83211
50924
62167
66796
-50855
-79876
90754
-89462
-58593
-47345
-87396
14848
-18669
-69113
19422
-76213
-40742
45251
1415
-63614
61856
-94699
-67808
16417
-64228
-96019
18894
-85700
-74727
25092
-38591
75847
-32362
-54833
-67858
95241
15957
-31096
-33391
14706
-62721
-53590
-8196
48923
73782
-23611
90209
-41720
3709
-26391
-54768
-77701
12066
-84620
80251
75416
-49610
-13369
99896
7817
30405
-95068
76762
-69207
-42337
-33456
-93596
-80024
76024
55183
-66794
-70137
-55920
49421
-54537
-58859
-94805
17535
-82299
8914
78818
33510
94017
29802
-65964
-16644
76520
-4461
86449
-53227
-92106
-89845
-34016
-80651
-42920
99013
76979
41301
-4056
-7137
-93537
-51017
91046
81273
59643
-62457
-31743
-18093
-26197
-15038
70174
53633
36022
-78289
-38611
-35891
86272
20273
-98619
45286
58255
-7117
62704
17626
-62434
286
-93616
65160
-56486
97669
54011
18556
46517
-56185
-85076
5917
23487
-39856
-4277
72291
-34513
98569
-50416
64016
13115
-44546
21709
-25077
58996
-21033
-38161
-45702
58030
-56056
56610
-28148
-38374
-6469
-19519
41992
24348
-69609
-94004
27951
40143
-54891
75577
5042
-48933
-42349
-4233
61930
-27987
-26164
-82534
64650
92010
-38138
95159
41109
66236
15863
-79180
87476
-44999
86108
-54917
-74806
3420
94219
-65162
-65387
77681
59072
-46636
41704
-44786
33975
-12471
-92904
-85477
-47821
35091
-53759
20814
86098
13265
-9725
47260
-12174
3326
9930
39471
25300
34610
-53391
-30923
-15991
94689
88942
-81828
96431
38360
88119
-45897
-46229
-47176
34219
11483
-58038
6623
91666
93916
34140
19843
-39308
-6361
76683
7556
-77171
-16974
98580
63666
-56284
33173
-31215
56753
30375
-35734
-31351
-30227
45690
7488
64493
-99998
-56296
-45790
-66650
-29919
42672
77659
-61319
16985
6375
-55576
-32811
-73281
22532
-83938
21673
20115
56501
47770
61173
-69910
-34974
16773
16731
95103
-64119
29027
68387
-60627
-84151
81519
44593
50625
48721
80889
81772
23815
65732
-52297
72978
-43144
-66517
81168
-54837
-69772
52648
-50717
-92615
-90194
61017
90335
-27712
30894
-31085
-55785
-41479
76352
-14381
74156
52965
4719
71953
66701
71243
1682
-13484
-93937
-77493
26103
-94390
-20855
-49058
63345
30464
-26596
-80196
-79562
-16928
-3596
10201
-2011
78334
-82102
78667
30107
30288
-99875
-21432
-73498
36604
17499
3179
-35300
-95509
-73473
459
32492
-73870
-3865
-17806
41116
4030
-78594
92482
-87069
-71073
35252
-19923
-12713
79285
-66387
36867
-56916
14371
-95141
-91762
64375
65259
-66716
5699
92369
35631
-86754
96920
13675
-98187
-56688
-34020
-86653
6480
-36244
-5397
-11223
-50970
-71043
41527
50240
-15333
87998
52479
-93782
-62702
62388
-23818
-19755
-43509
68624
31033
-47055
-87337
19247
-37352
25299
27668
42096
78368
14481
56882
25915
22167
93081
98952
-17295
57897
-47921
-22085
48304
-45940
-94313
53081
73124
52464
89377
10113
-912
-42988
-26773
16899
-10117
-71791
80922
45587
-57188
44636
-9633
-66292
97703
-55554
-15492
82154
-99658
-37393
11448
-44870
-35767
-56330
77663
96819
-27219
31008
24832
-13248
-72034
14916
30508
18347
-60056
12184
-66007
48235
45035
47622
-90652
88395
15360
-58513
-39100
75764
61460
78437
-88514
32725
-11589
-93253
97752
-62555
64627
55050
-58620
82672
86108
-4772
75670
57996
-80814
44175
-38035
88985
-89098
-38795
-58130
86265
7634
79188
27522
26140
-9007
-36475
12558
70046
26449
-50393
56325
-41997
72974
-52910
31290
-45834
73914
94151
-93552
-71006
-63042
-98106
-14794
-71394
-47353
92563
-48964
-33733
16979
50259
65580
-4671
-28611
-62243
31309
-95412
-65292
82112
-86918
96078
58560
31338
-51952
32740
83787
84017
-52590
83332
-51804
-77908
-23950
-70422
16823
28231
75142
2381
49899
-96066
84842
90440
-16545
79450
-32056
24208
93279
-80759
10574
86248
59414
52173
-50594
25150
39391
-65509
-3375
-11937
-71351
-47103
26820
51504
-32061
-23958
70268
89959
-57876
28358
-47471
82125
63935
7091
-25047
63746
-77330
-13735
30745
26818
-25792
-24429
79301
83349
-91904
58052
73838
-92446
1429
-37586
65159
-72285
3692
87963
-30965
-41433
-54571
82867
51478
58622
99198
-52826
-15087
7269
80698
51826
-90165
-71607
7110
-50614
68332
39634
7830
-74607
-28246
-10368
-21611
-38808
56751
34988
-36960
15427
86046
76804
4397
9211
17850
-49065
3452
-44508
76729
33669
61054
90503
-24336
-60829
-58340
-58698
97274
91011
-66426
-16845
-9667
-9862
-29931
69547
81324
92487
51499
1742
84671
50531
-37431
35665
-8129
72908
-31897
-64669
31988
84105
80162
-34197
-705
-3908
-96076
78803
79110
-33109
-71013
-96246
-86324
-90218
17481
96771
26884
-21732
-24486
4953
65050
-71651
62842
28651
-43866
76713
32514
13728
-15304
-67785
-15878
-85006
-3669
1103
-69273
-5280
70911
9215
-24207
20255
-44755
54702
-84566
14218
-34820
52263
99967
26999
18878
-7102
44726
-70418
66016
-86432
-52626
-80223
-77686
-70788
16046
76324
-6269
-2751
81060
3303
24874
43925
70270
-98067
-34967
-58838
92278
9451
-69036
-13201
-65646
83380
-69132
-14611
7776
82388
74409
-8388
32055
-22775
50966
10428
98755
53017
-88387
-74601
-75880
97715
52269
-3112
75495
5588
67861
27706
49255
-39824
2543
4835
-90141
3790
-27341
71526
68219
60122
96174
92866
-94022
63275
57371
34509
-29259
-47590
5656
2860
-4425
-92331
-1130
-41866
-6484
16592
-78122
-71879
-94173
-29495
96996
58387
9375
62057
63145
27211
-74834
89304
37827
30824
-88339
63951
-84253
-41527
-42421
18452
72171
-49160
-36570
68278
74035
-62308
-83905
-6041
30018
11965
73692
59305
-33225
36763
-714
39154
-70713
75764
-90103
-40261
-70596
-17109
56196
84784
54286
-59352
1317
80565
-78028
76529
-83880
-76024
39022
-12458
-74538
-20175
8848
-62615
63769
48087
-18806
-47398
9263
86958
-70241
41881
52649
94809
-40595
33552
-57826
-61071
-20549
-5478
31270
-41180
-81037
-78488
19164
5865
-3608
47040
-87846
-74631
-28119
52548
38911
-70390
37008
-67457
-65280
-9250
-57645
83106
70623
-80288
-35776
24086
-34253
-15640
12346
-99001
-12165
-92973
10519
-72397
85169
-21349
-33936
-33926
12700
80173
-92065
97145
-79687
46121
87009
20466
-40338
59887
-28309
-26126
-8239
4038
61226
22803
74210
-99350
57810
18993
-69647
13951
-51473
71866
-52206
7355
-22905
-14042
-25740
-72921
-87353
75641
5041
87168
-60450
-97227
-93004
99119
-81870
66997
87140
-13093
50497
-5748
-87435
-28669
38925
-39039
-91305
-55727
-74649
-10637
-56650
-24823
42070
-39788
-33753
-88842
4721
-92849
-1738
5035
-33624
49029
4431
-23407
13084
-40431
97957
6646
83687
-54617
-56402
-12858
-53551
-3786
71922
4201
-64606
-12347
-89208
-87939
-95175
9697
-58455
34499
89207
-51917
-61595
3426
-15398
-24949
7492
-52476
-77148
12241
-91101
93732
42777
-45564
-26181
82171
-74275
46224
-55633
77636
-75152
7560
79680
-17508
-45360
11945
-18555
58842
-8598
-30807
-50479
26442
14814
21490
-85954
14660
-96241
-72096
13173
-41995
-65056
29757
14251
-54753
-18308
71576
-88488
-10787
-25047
28765
-71047
55478
67427
-42149
96524
70607
-99575
-75875
-47068
-83314
71518
48698
-50864
77496
-57566
-29253
47009
-23656
-46341
65013
25555
28140
87257
-28955
83395
-85951
10356
-31433
13671
-83254
-75173
61171
19155
29883
61485
62618
67431
-65109
-58081
56461
-52876
-72050
-85249
-33690
-24463
18279
-49777
-32984
795
-99474
47377
-10836
-30521
80562
52257
46622
45356
37565
-52999
-51816
-71288
56090
7756
-24581
-77197
-86711
89878
24665
97324
3614
-92701
-54155
39062
10725
59090
95455
13813
72225
-92201
27805
-48572
-31363
45478
-40795
-78137
42049
-31418
87183
43330
-50220
-26826
79324
-29946
26232
50194
-61291
-92760
-63560
72506
57608
-93999
-56952
46881
-60680
96380
70236
3092
22548
-72413
-87947
11050
-23677
-32817
-60307
46560
-8774
-52375
-16314
-49440
18770
-90065
-77793
41508
-19371
-25626
-62236
9876
-76852
80401
90842
-9411
-64201
-2809
-42032
-87218
-72280
-30204
45684
-2026
-74665
-83139
-95314
77675
-71146
95059
74080
-10120
18547
-53348
50959
15713
74286
81398
-40291
73785
88484
-99015
4128
13076
2489
-3530
-80786
-38505
-19846
53787
-2862
-64075
16991
-19902
-52164
-7126
-95596
26266
95802
-15815
80641
-82242
5763
94695
-10366
-67354
-77077
36855
54768
-91682
50024
39
-94511
-72532
-39194
-75737
-60784
21444
59615
-27246
-18875
12463
87037
22441
-97411
88639
-24254
-23042
-49013
-85019
-29122
72611
11921
-91800
33562
-86550
29536
-89779
63438
30312
-20268
24212
89198
-39057
-34108
-35636
-37895
-26863
-66057
-53465
-20929
60096
83660
-80931
-49630
-84429
7316
-4078
-60879
44787
67946
-54561
-26586
-21722
68982
42996
-82822
78129
39750
-65292
47941
-74342
-62637
30913
87723
21582
92534
-45272
40626
-71265
-16044
31339
52818
88567
-53726
70743
-63748
-92202
20291
-74976
46894
83098
8082
-73889
-30028
-39898
12397
96393
-43629
12946
44491
-72467
88362
-38109
-4872
-97303
20614
35516
80130
14538
16045
-48293
93821
68232
-50315
-24424
-30579
37757
46722
31027
77737
80067
86387
65176
9094
70800
-44787
-31962
32542
-899
74736
32470
-61504
36595
69517
-23878
-18469
-31838
-49378
-72158
60513
-2717
33459
36584
49389
71496
58052
50215
41655
9452
-35220
32667
15312
-86783
-15080
-42591
23830
-17800
99961
12131
61646
50059
2209
72670
5276
-37121
30198
-43995
9179
63102
-80752
91673
-32183
77254
-45999
-1658
-84755
56886
-82880
55290
-60360
-48002
-97224
-24509
-88146
91528
-41380
-62841
52356
16290
-40024
44242
92251
-87062
-10719
57662
-48995
-6447
-18474
42079
-75096
-95636
6515
-60040
43675
63552
-52189
-21872
-82703
97949
23740
83322
-19801
33947
67002
-75054
-57319
-35022
-80138
-46680
-46503
83330
-91859
-11710
78927
18570
47817
44924
7692
-39419
14221
88353
-78646
14696
52537
-79052
-15534
60169
74341
-60685
-85454
1326
85652
-96278
29520
86678
-21242
-19455
-93266
19272
-51424
-77369
-80387
93188
70159
-6941
25384
8816
-23433
-31328
16803
-88255
-57135
78087
89478
63738
12824
-43889
6781
52387
-86396
-33353
54731
87566
4276
99205
81670
93873
-22165
-44367
91544
72095
-39599
-65070
-30330
64974
11794
30110
-96081
34025
-21066
-8974
-68474
93566
-14171
13640
46420
41147
-27985
32923
-64070
76153
-96621
-77514
19770
95314
-26102
74120
50351
89054
36915
17933
81214
55264
-33918
32206
44054
66677
50699
53988
-15746
7665
-49877
-6802
-39395
-90823
-21788
61634
14446
-97653
54597
1342
-50419
-24165
-72291
38233
70055
82700
-65227
65907
-17406
5599
43767
39676
18498
-76738
84018
-16213
-5785
-61505
-47309
32949
-63547
70822
-35702
625
-79570
-69098
-27995
85683
-61686
-92466
13497
54962
-73209
99618
29878
-64505
-98557
-34428
-35068
-73449
-55639
-56382
-93353
26826
-56381
91765
35560
10056
7529
77842
57786
68850
88703
18904
78789
-91328
94059
-27789
-88484
-19917
94321
-11241
-66165
-57332
-35314
43346
-8578
-34181
-81637
24147
-19136
-37449
20093
99558
-5716
-39399
-25859
-11008
-55523
-52779
-50903
40491
57832
-25628
2962
-45484
41878
14733
-59887
-74292
52866
37289
-74905
51086
37639
37956
-36741
82138
61719
-82903
73704
-67622
-93228
77822
42045
89200
-53862
3230
-40442
55048
87535
-78540
-76920
54013
95575
-15295
-43564
-15896
-81976
82204
81331
8826
32425
-20761
73397
-47037
-39150
-46910
53448
82490
-68861
-98932
-63750
-76285
9502
-83272
-71141
61376
-28546
-14367
75120
56311
-92254
18090
-37761
-89658
8733
91551
13743
-90433
13163
50254
71043
-43114
-85874
-5539
-37692
-56315
29958
26792
-53585
-14073
-13640
82642
83313
36384
-54979
-33627
77506
-34392
-56784
97740
-19172
15835
69799
57546
28271
42886
-32850
-31704
-89822
-68526
67136
-55540
-85172
31825
18404
48840
-46240
-95858
57090
-3178
-6524
-62486
80854
12604
14473
28258
-89372
-33419
20129
-24651
6390
81318
-14099
47556
45285
99934
-8777
-27894
98665
56885
76594
-62381
-10656
-86263
-13122
-8140
38020
-74034
-15632
13814
-65158
86744
16598
98548
-90932
47224
33400
-39685
-85736
-70793
67586
45702
61988
3277
-13517
31143
246
-41797
90015
93507
13895
24271
77658
69466
86651
-43075
-60749
37761
-75656
-22063
40224
92327
-21747
45512
-77159
30931
-76243
99855
-62215
-58353
-28729
78291
-39926
45771
69571
48303
-33205
76457
56250
32019
-81836
-11160
-58317
-26934
-69971
-99693
-71352
-86478
71463
28506
75570
-48901
86747
95563
74343
-83533
-73199
-8092
5726
-90425
50132
35285
-26394
83957
-97517
-40824
-8778
96657
-91301
90658
88667
-67293
-54378
-8649
-33029
-50808
42596
68565
-93682
4953
24555
4513
59593
90634
94097
-22918
-42124
27598
-22751
-58527
-18162
-3647
-32120
-29749
89361
-6737
10193
-86659
48980
-5910
-90087
69936
-67381
-71533
28414
-11968
47654
84759
28645
53931
-79185
-84855
92487
-3967
51016
8943
-50176
79337
-46773
33870
-91746
-32631
-41104
32977
-22121
62859
-16034
69508
-98424
-54611
-65920
-96665
44995
-25111
-43801
-90639
80864
62531
67978
53690
-45333
92591
81515
39988
30931
46837
-43453
-75838
-74963
-36781
83083
83875
-18589
-63522
-55836
2354
-80884
-27175
-72079
40294
-57692
16460
20043
72957
3808
-95224
56887
-72227
-93118
93105
-39207
84335
99795
48992
67205
-55900
45227
68189
78531
-13338
85296
26634
23084
-18438
44535
3700
58311
-82842
-24607
42978
92710
58714
-57863
-94203
-10706
26487
-48457
77438
-23409
-28310
98086
61982
-51246
-26158
-16946
-10726
67185
27823
89390
-33711
81836
-11886
-93703
11510
-97566
8337
-70523
-69227
77021
29935
41253
-26465
-7258
-42059
87283
21550
17265
79051
-69350
-49478
48248
-89132
26753
-47930
-61960
32878
-43494
-12472
-25411
72147
91137
-41851
14713
-81966
66635
-61713
-65787
6455
-36123
-54156
4344
42527
-16038
-44288
69218
24571
85101
96582
84868
40133
4454
93796
-27096
-98437
-69449
-71447
11760
-77749
-56103
86943
42480
-69962
-37576
-80541
5848
47351
-73649
-20461
65801
-10395
88171
-49051
-62783
-52277
-5095
67280
133
-36507
53396
-45672
4818
-44539
2729
5198
94128
-63385
33775
-60394
-37201
21914
-53421
-50466
-18575
-87027
-56305
5537
-90589
63564
36857
66380
39798
20163
-25833
98482
-58484
-12960
41666
-9016
31561
98841
-31860
51953
5703
33980
-96006
-50304
25507
-67541
-59417
-61194
37778
66408
-38674
44316
-93599
61792
-24640
-12133
97707
-38282
-54646
-79416
-54272
-27855
-64495
-92899
-81240
-5916
19251
32870
-38877
-89278
-56590
76491
18767
-35079
-34754
-77688
35458
67294
23730
-80198
33867
82609
71540
49640
-62529
86669
96116
45533
-8963
12822
88200
25199
48232
-81675
-5792
25997
-67126
36450
-16809
2686
83244
62788
18088
-99186
58459
77642
-1482
-78138
-17158
-35463
90089
-85306
-24454
60434
-7108
-2232
-47723
24612
-15290
-7225
31360
-25197
-6869
-1331
29969
-63084
14977
28696
29394
-13307
-14455
-9245
88968
36423
42088
-56765
-65732
-9548
14262
-11935
-21733
22306
-23550
-54473
38737
53797
69751
-84128
-31493
-8359
-85354
82533
91268
7723
-86698
32064
-99505
-79275
-87477
54528
-27556
584
23618
87447
-33518
74358
-18119
-97449
-25192
51945
-75292
-90611
-96853
87682
-94077
47657
68952
96791
76860
93706
10149
40103
-45205
52780
-82936
62331
-16520
79151
-67126
17281
8856
65913
-33512
18487
6585
95092
-41371
89248
47510
-14562
1990
17595
82617
23796
-37079
75129
-29852
-35978
83681
-69574
41472
7610
-71490
-81245
49973
-43967
-83780
-14137
-9118
-24974
6862
98300
29554
37760
-92530
64245
74981
-6134
74415
11723
-84751
-383
72103
-79786
-94757
-51176
-26585
61107
-9513
11473
-3162
-57868
38811
48366
-65262
-86823
-90262
-60974
-80155
-676
-16560
-69356
73180
-70666
-76543
-25601
-78391
72830
-28334
-58586
-33599
-68551
-6399
46672
-21638
-78657
85451
77969
-45780
67746
-65762
44706
94905
15915
-83198
-44330
-66958
-71256
-39213
34598
-47848
1872
-53444
-10674
-37209
9163
-61094
-82293
79163
-98570
-93788
32902
-43868
-54356
-43921
-10980
57010
-67604
68485
29507
-12292
-74905
16454
12998
36065
92516
-93527
13951
51637
-9512
-29897
-53268
28881
21961
-39237
-39628
-87514
431
55648
93989
7177
8454
38722
-50654
91616
71742
22854
-89864
90169
36017
23160
-82748
-54094
63265
23649
-2754
62576
78578
36735
-46516
75495
62737
-23631
-2378
76629
68230
-71912
-83047
84250
-47468
21407
-18489
-83991
-39956
94977
-96886
47868
32481
-56427
-25307
-37749
96680
68225
-93311
-28790
-87367
-96975
30315
79275
-9779
31531
-17571
31920
-92918
-67277
82843
-36851
12819
-10432
88334
19675
-75572
79405
-97045
95756
95255
-91806
64735
-80898
-17048
5933
27083
-64372
2321
-52525
-48558
12617
-74126
37323
-75267
48435
89771
7202
-65106
14729
-20538
16863
5398
-36786
87177
36065
-61742
1912
33070
-26117
17180
61235
-63492
56613
-14029
91662
47810
-12842
-47617
87652
42149
-2729
14745
16688
93210
-52582
88069
11973
154
97895
-24768
-2632
56911
-62188
-91116
64232
74916
37501
92893
-22049
65955
-96043
41965
-80244
7466
72729
-90668
61408
87538
-47687
12332
72677
-53879
-84610
-57169
34800
-74302
-70700
-43080
88710
44306
-14319
-4421
-4477
-32801
56485
-80294
63115
44293
-78073
-22761
46927
-97867
79542
17904
-51585
96633
490
-74489
65181
-88899
-13433
1011
18973
82135
57189
36542
-90271
23799
14350
-11303
31435
-89613
-61147
-26303
64079
2508
-83195
-73701
-73222
41421
75893
-56067
-7326
-9056
2467
66921
-89432
-64514
34345
58159
24464
74105
-17788
84651
-63435
89703
33214
76124
11810
44806
-97282
-23670
-59241
-30244
-90718
-47523
-59377
-71893
59498
-37850
-31100
35854
91751
-49412
91703
5351
36384
-23588
-13319
-93834
-38817
91834
-84603
-45941
-53026
96335
97169
-61621
-89075
22862
-47760
16045
80152
91221
-50312
62456
84075
65264
-55147
-69636
-67574
46793
-83002
90444
-47014
65830
13318
20130
14119
9821
-58083
-47857
82963
-92271
-75813
-35785
-7593
-26922
25991
-21255
86181
2217
91475
-9712
-62226
-91970
-91030
-75103
43428
-38278
-87630
-64219
43814
-27094
42409
40121
21557
-11062
-95805
-67550
-10573
24544
1310
-43139
655
-78163
36650
89318
-33211
11576
-10228
-39283
-6312
61820
-65908
86274
16111
13532
61101
63176
-97506
12518
71802
-66274
-52704
97330
-53671
94755
-91078
-20275
80714
62730
39548
-77242
31166
79949
23074
64724
-14320
-43454
17300
88621
28984
67761
24181
-16635
-15361
-86656
-76815
-59051
-80576
3662
35992
55367
-75065
-73170
-33891
86009
47636
-96464
-98530
-86245
-84602
-82055
-85540
92516
-67557
46839
-91355
92995
6866
35896
-48331
97472
-45534
-74686
84732
35869
-99787
30195
69711
16057
-81113
-99253
-89558
33129
-75343
45982
22324
-36514
-69206
83823
7517
-61701
70272
60545
93666
33870
39472
99802
91004
-85402
-90134
17262
-60370
98281
47346
-905
78862
61868
-16870
58990
1285
-74622
-13512
92612
27188
11788
-96976
-75229
2229
74933
2252
-27436
-39457
-13896
-89059
5200
-9480
-12909
84708
-59089
98554
-10405
-45476
-55398
62480
-83357
53472
-95627
89035
65149
70372
-20698
-36150
36779
97500
38781
76512
-61183
24825
79114
-30768
-26622
88403
68608
5314
-80607
4033
-31725
-36937
-95075
51569
40355
50032
37084
88072
-57921
91570
86129
-75049
11657
65295
-57575
-16692
-89387
-27149
-91982
-80982
-75590
-18263
71347
-3740
50319
-44328
-28648
33255
98258
97968
56518
-61927
-33890
47895
55465
-20302
-7820
-10498
-24591
-75991
-6015
-65368
33492
24770
26897
-9022
87687
93542
-94621
6362
-40079
28002
-67506
24135
13564
71723
-10708
-48073
66298
-8850
-83004
-79443
-56363
66442
64436
-97904
-41259
-24476
39068
83495
80604
-55151
-32125
48970
20071
70264
57146
-97749
94498
97827
9722
45817
52587
48327
-62295
21621
67889
-75397
62469
647
19472
84787
74454
93460
75919
90519
-88299
75769
-19661
63028
-80948
55926
-74314
-35840
-74328
-14522
2513
-35406
-93712
75230
32709
-20360
37563
28496
-7608
-70068
-38721
-49426
33423
-22462
-18481
-44272
-57680
-68890
64718
-12154
60354
40699
-8475
-22601
3501
-18370
-48015
72798
60248
-67552
-6052
39400
27658
19248
-91764
56509
76527
85206
59202
-67536
-81189
8952
7041
-914
-35721
-69201
-1172
90008
44905
72958
98847
-91159
27007
22817
68425
-18582
89239
98900
52266
80771
23256
-87991
-228
41151
-27448
47381
55252
-54100
65464
86642
-74170
-644
-97341
87910
73974
-35906
40351
40221
95557
-7054
-13064
69717
48864
-25579
-37782
-14141
-19079
-43625
-92734
56795
18395
34565
98180
-47365
-1554
71905
60842
-77410
-42945
-79005
-72272
94927
-69541
-50690
36760
-50825
61459
77710
-21867
48114
94963
-9303
-77313
-47351
-57388
-51685
-15514
63189
75168
38363
-36587
63952
-84490
-47302
31490
-10956
573
34473
19801
-49785
50125
5988
-84102
-5109
-60223
-57591
-48347
51357
-36591
92278
-69912
5451
91746
30318
26035
-70103
-18247
-68608
-85357
5095
59521
27582
-23478
83322
71266
-66377
15097
12798
-53223
-59070
-97437
-78030
-8224
-83850
35971
31632
61149
19062
-53533
589
-63657
6050
21721
20495
-18741
30967
-23133
-51639
-99322
94940
77600
-63189
-4310
79539
80663
-89998
74129
39335
-39364
8881
-31191
-66578
-34011
-79743
-83308
-89695
-33711
95180
-55852
85328
-74769
-77329
32777
-86332
4962
93053
22345
29243
-22366
54741
-13861
-22531
-37300
-7049
82872
75036
22822
8408
44025
-36929
43348
-11502
53535
-39508
-38105
-54646
-69652
-96822
-96156
-22499
7137
-45499
-11058
82331
59373
18539
-27573
94317
-11846
-27603
84751
11333
47308
-60624
57854
91670
32803
96634
67162
95603
61321
-32325
-90450
24907
-34001
49654
82214
1386
-76199
-18014
-45353
88688
-85417
-75935
-17405
-26454
78992
64544
-91143
-89978
7580
-38757
91071
-29946
35563
-25079
15342
73904
-52146
-35796
-4123
-27114
31467
-82848
-21166
-55435
17573
-65172
79940
1178
-26713
-8499
-26350
-73477
-36223
-41822
35144
28651
-50983
76661
92538
-2648
-14299
86839
88660
-32949
53405
-2972
24219
-71407
58182
83323
-58744
82748
27483
65337
20560
-20165
18307
82058
-73386
83589
-10214
-1663
87148
-71673
-20740
3075
-54755
-10894
96568
-90162
75005
-49905
88667
-97079
89677
94751
-94880
75079
77370
64040
53523
-47152
65055
59666
-73830
57246
-81819
-76491
-55231
5998
89704
11257
1369
41462
-34244
54364
51402
-38724
23389
40890
84777
-69266
88294
48904
61007
69298
51686
56524
-20505
42721
-82797
27298
67650
56526
31652
64364
-81548
-52991
43975
-14166
70271
69377
51969
39239
23107
-36074
-8064
5019
58561
-58179
78248
13258
-92850
59923
-16331
-67140
52866
95347
-89359
-41291
5839
-67317
77840
-87041
-47417
22634
-10913
-56311
-2981
-58937
37132
47348
79188
-14730
60546
26304
-83991
60622
5177
52793
80434
86697
10553
64028
25912
35142
37659
-42104
-82018
-71377
62720
37060
-71727
58314
-53532
-80693
31829
-29697
46679
-22966
11775
14140
9861
-64146
93220
68524
24612
-98755
-98114
-51381
-68701
41278
97832
-56543
-574
-86933
33725
-2742
-88734
12423
-72163
38479
-79449
-98959
32441
-28204
59506
41645
90903
-20686
30875
85483
69355
-5943
88631
95738
97944
20770
-56363
75331
1094
-74542
35219
38243
-86915
-24063
-58572
30312
-99381
39786
13827
-12818
-69169
-2975
17012
-15587
-42350
-75794
13087
-39434
-74794
-17909
40423
29073
-9761
-64717
-95342
10150
63709
54536
713
-47468
12701
8104
-48777
-45038
-5443
-13957
-36731
-37773
61851
54560
65382
57256
85134
93412
15527
-51222
-24541
90250
-58838
59362
-84944
-43161
-4553
-23626
92370
-86350
-84643
59620
23421
27432
-55269
15285
85714
19499
84100
65606
-73866
17388
-70726
-8258
-13033
51879
-24439
-31744
-54975
13760
-56942
-23431
-69796
-99814
50324
-87310
-81310
-26732
51458
-13158
-94606
15203
1190
45122
-25658
-32978
-37459
-47584
33800
-53115
-10077
-10306
-32
-28297
-46469
-42401
-44782
40673
-97458
48678
35940
97852
21946
-95517
49951
-29061
-6533
5188
-73296
45938
26632
-17356
28131
95257
44633
-35184
-81780
-94335
96818
38823
-25222
-73489
53787
69433
53375
59940
-12887
15544
84763
-86282
-65
-7122
76707
29566
32560
-77514
85455
30952
98919
8065
-40735
51764
78855
81263
-56101
30473
12100
20000
-16353
-150
23118
-40087
-60560
-97276
-92114
-62830
-25834
-99574
40722
-25249
-80085
-50581
59158
15599
26971
92769
95419
-60570
-31288
-27736
-16970
-27980
-46787
-14589
-44023
-4870
6321
-74087
-8928
-63163
28901
-91391
42185
-80765
29266
94996
43599
6270
-4208
-48965
-15082
86486
-79103
52693
96344
52967
-48879
-89621
65209
96380
22296
1885
19156
-33328
-93143
21485
24479
72779
98067
-17743
-54276
-14079
8966
16118
-46522
22637
61961
58689
-61093
91065
-78168
-26584
-21388
13595
-20010
-60850
2813
81937
94841
54973
-55156
21315
84498
-13847
-29401
-25271
99877
8394
-205
77213
9808
-89331
-20225
87715
-35345
-91778
13029
27952
-62819
-77096
94865
65496
38410
76889
33289
-32277
69023
-34117
14902
-93672
41374
26183
54018
-49601
-40461
46033
15527
-51253
85607
48151
-1569
1693
-9148
-55304
99168
6153
-15638
88531
-41922
72356
68503
-14200
-43848
40187
-45540
27069
-9189
-58448
57825
8372
-46430
-69202
-60414
9881
59557
55299
-11197
-15614
70435
57037
-51351
-3959
-21711
3613
89018
-43255
30487
-27905
33219
-53147
-9251
7281
-28412
98510
31972
-24046
-90402
79990
-2785
-30841
8912
86149
-55693
-61094
-7707
-58920
-35049
-99992
-17855
32806
-10459
-85628
-7509
-49928
-35217
-39963
65223
4433
13785
15945
-33858
-39292
3470
49452
25458
86309
-45227
70521
90913
-36003
-42692
3696
-54900
65064
5304
33310
28013
-90855
27142
-90000
95752
4273
89982
59336
18518
46198
57198
9813
12841
-70742
82863
28646
-57950
72072
33740
84125
14748
19350
2846
67066
-17631
15104
11782
97727
-71292
-32305
-94307
-84721
-95127
-70915
63006
-36356
94740
-37955
97856
97630
-31162
-81056
27601
15775
92397
58788
68190
55586
53127
-52537
-2339
-3406
82925
-22541
-46512
-90232
-94158
-39025
-71002
-55056
571
87228
79858
-27982
-26219
-64019
-82682
-17577
-92935
67510
11634
29101
-45738
26409
29681
66823
76664
14467
-59279
-50873
-89295
-36805
-60084
53779
-64968
85493
-64147
78197
69442
27866
-75296
-83085
7264
-63011
-81705
-90002
-8703
-8907
17755
43267
25976
-8752
64301
-24228
25212
78856
97504
-89772
20693
-55973
-9631
-71094
-24526
87539
-33555
91755
-29530
-19213
-63828
-19711
75095
17390
12542
58819
16891
-40312
-90237
-94875
-30641
92358
77390
85340
45275
43610
-12533
33101
70801
3594
-89397
41693
-21697
96980
-96744
-35232
-69086
79255
-93318
85337
-51124
31267
92427
75441
82237
65917
20813
-50297
34699
-26141
21685
-74216
-86821
-52446
-84668
79173
-45068
-38700
5071
40592
-9195
-66067
73442
21916
-17727
-17151
-85157
43835
-24065
16964
-15429
-99713
-2173
-72130
-25863
-75077
87158
52545
-91899
77525
-73546
-82987
-78382
17754
-80399
32736
-60773
-52861
-59089
4297
-56202
24873
-86951
61778
32637
-70953
-85952
-18074
-26660
95393
-29101
31734
85191
-23506
-51879
11496
-97854
43026
-29066
12448
-9027
73650
40183
-4603
-5652
47564
-58999
98659
-50190
-75673
-78562
355
74635
65087
44854
-90208
-69134
34413
-74620
23341
82532
-42355
-88370
88222
56503
-39358
-10701
69721
-19961
2520
65007
-59424
13386
29508
75201
-83895
61250
-2526
-74391
59221
66579
60093
20504
59194
-26253
-81392
30454
40539
-1439
-20605
27251
54938
94529
-75567
32762
-89893
-69261
-29856
-99076
-83174
-43824
34708
-83981
8573
-57818
-87233
-94764
-69002
22874
3322
-35766
90181
-39010
-53175
51087
151
-74149
95682
57599
-67107
-63318
-2740
-93249
68453
-56098
-55205
23211
-91003
-85978
1080
-76140
30418
-9439
62199
-12086
77733
-61478
-51732
98800
77636
68138
-62044
-13898
-70002
-18473
-68396
24557
-93045
81156
-12681
-70843
98679
-63908
-28796
-41469
14023
-75733
80071
-61
69986
70440
-21098
56580
-61797
65986
18322
-84969
48670
-13573
64071
46091
77804
52800
-619
65609
42161
-25389
-73620
46803
50612
-20841
51247
-91601
-48125
878
-2241
83039
780
78457
-95814
-3039
40405
78637
-81281
-28376
-63373
91335
-64219
37126
-19881
89750
22993
-75277
-81609
37951
-14781
28193
68933
-56192
-30226
98558
-77365
15299
-70357
51640
39758
-72150
-97848
17280
53875
-13802
54327
81296
18972
38787
78633
-29702
67901
-44172
-39529
-24576
22102
-42334
35954
-32277
-21844
-73663
-99165
-27724
-30143
2347
-65631
-68448
96042
19065
37210
-37166
56006
2939
6922
40162
31940
8024
-17567
-30339
27591
31
-61691
96066
-11394
-4478
35630
-17509
9962
-26928
65421
-1065
-39203
57166
-49807
14861
16698
-64358
-84628
39198
41317
58313
-26311
-34996
74063
-3576
-71733
-42086
-64103
-2323
4536
82305
69436
50233
-84054
-35265
-78649
75327
-69576
-70868
-49059
95125
85730
84066
73992
90206
-56738
-445
-30679
-65807
29265
53273
75951
-5933
-92255
36821
-88546
-59800
74961
29238
-98906
-5071
26435
-76512
92374
45755
70359
56309
86048
-65717
-56272
-18927
-66821
-52195
-52508
92305
80898
26901
21482
-73125
51644
41854
5875
-5220
95937
-26918
-60859
48295
4258
-90161
77301
23379
-19266
-66040
90107
-9132
-17440
98042
-6994
80229
22672
-84253
-56017
84484
-98327
364
76172
-18858
-59060
-89619
70901
18793
33517
-38064
48639
-44485
32005
-44661
5312
75821
44693
66374
47506
23956
-56289
-83662
-5447
126
-94886
87863
58032
48364
-92823
80466
26097
-41849
-56796
-33031
-16516
-32993
78412
-67067
-13740
97669
-32222
-84564
45688
62319
-10347
-86745
-35386
-5769
-88094
75977
61390
91620
-7277
61560
35479
-79443
-28980
42369
15978
-32091
39382
-45290
8101
-4672
8928
90844
94934
16259
35603
7583
61124
-59055
41089
42275
-19514
75050
-70593
-50151
49527
11405
17922
-84076
-83984
99964
-34793
4174
-53372
-76278
-1692
98763
-74939
33161
-42836
-29645
-33143
59780
-98569
-51518
91617
-77545
-89754
16477
-74949
37473
-23734
-28744
93301
-85409
10789
1299
-79529
86763
-95058
24404
78087
-31530
-89301
-63155
-16250
-10767
29045
88913
-13750
93435
-14766
-2641
-6267
12534
9746
-24123
-28441
-56358
-76857
81126
13040
-65539
-92991
95263
44944
15273
31011
3063
56642
26001
-14562
-35520
-16506
20912
6379
-78756
-88565
37697
59465
-26339
-6998
-82201
94469
-30754
77294
-30917
-21771
-30564
35716
23066
62760
-55589
-44716
88803
7930
82381
40129
2284
-76481
90716
-43630
-53735
876
-29065
-40323
53574
60029
-28387
-21091
-67200
86062
-14575
-57757
3428
10704
-89535
-36424
-88787
96591
1256
62551
-30065
-42666
-60933
20534
85722
-51672
-47260
-31913
50133
-81153
-65310
-31789
47769
23116
-95303
94559
16819
-40617
-52108
-46266
-7282
94709
-99904
-30927
65045
-85740
-8439
11025
76826
77769
-84902
-72061
43972
82402
-60152
21186
-51438
31568
73722
80883
63837
98450
-32817
80202
-85493
-75056
22502
36871
-67446
99520
52028
-8352
52529
60646
90747
75039
-36059
-21577
71753
71857
36045
38495
62235
-75066
30288
92535
36365
-30610
-84823
-64331
49262
-56619
-37244
93366
31525
-65249
87968
45522
88990
82417
84348
-98640
84249
-62049
-39785
24449
-65920
76085
-41182
42561
8037
65191
-22945
34707
49325
-65031
57484
-5451
-63559
-13843
-29818
-75419
-82196
-37202
-60740
78203
92309
-16749
20945
64616
-57323
1440
-14096
27575
-80804
-11110
-40323
43271
8708
-28405
76588
-90242
-13136
85479
-12447
-78626
49309
5536
-82557
-31836
-31757
-55821
43705
29253
-16833
84699
-89874
39969
-72734
82686
-10619
-91569
-43388
-99233
-88722
21439
-95634
12205
67420
17672
50932
55443
-76318
-30182
89683
64689
32930
-90731
-68896
-88340
7927
-46415
-47498
3292
-70965
20444
45623
77685
-40617
64745
-15854
43589
16936
-85377
-48736
-76542
34388
-14685
-37580
43111
-15037
-48420
6758
-47701
20052
14051
-1600
39586
97593
53135
-24084
-72867
-45369
27046
82483
11008
-68810
-38343
-7918
-91575
-48512
-66864
-23817
-83686
-98910
-70044
3344
4008
-76480
2060
37504
-80875
-18358
76729
54340
-97280
-27356
-48077
-83827
-99823
-26524
32810
-31917
-5023
38192
65185
-35795
11830
-63271
18470
-37892
-66177
-1333
-39978
17888
-70730
43186
66571
-60985
-35516
40536
-4362
25849
-95253
20993
-3763
9029
57837
29717
-39861
-75506
33597
25761
-78788
-49183
-22719
69288
-57609
42832
84331
98622
-68795
42124
-13016
22874
-8035
64828
18641
88367
-92982
2465
-54469
80380
43336
55470
-38356
-7395
-23884
39144
55346
-58334
29034
17852
-48980
41118
-76584
9066
-51997
24107
60805
83211
13512
-12599
-3501
92520
4913
18732
66996
33167
-4937
94121
64429
-93169
-20281
-41263
-90124
30567
61823
-29048
-37863
-6699
-50495
-9027
-6807
6428
95594
-89254
42644
-42490
35566
-24301
22965
75984
49765
-48819
-24868
-37546
78497
26060
-58635
1160
2366
-95168
42172
80696
77539
39795
94736
64161
11265
-65408
-12912
74752
34810
-17952
-28058
3619
92901
-48226
7239
-13059
-95643
-8392
77988
-39743
-5257
-30102
-44117
-22549
-41998
-49574
-18393
-63901
75689
8535
-81617
-97579
-77062
42990
-9783
-84575
-56686
-37739
89033
-29989
91523
31393
91940
-55173
-30873
-79667
-12771
-78526
15197
40303
-70661
-83076
84858
83403
33572
-71968
-6826
33587
81150
-43938
45917
51541
-67395
-10490
55039
62249
-45389
7562
-99366
-67199
-12737
-31984
72468
-49646
-94811
-48276
-15265
-88105
-34146
-18871
50944
-1378
19512
-79719
-86285
-94118
-70244
71496
46738
86408
-22818
-15308
-12585
1435
39401
-11058
-9624
-36015
36706
-22657
-83697
31222
38765
94705
-10800
-14070
2364
35285
-92281
89215
-10710
72542
-30704
-73005
-65950
-64861
96103
-50812
19845
296
-30664
-95771
-20142
65198
-36414
76997
18479
55670
-35538
77851
-78469
11813
54129
-16846
36275
33726
-15841
23669
1376
56470
52652
64847
-11363
98878
8358
84887
23163
-58239
-81880
-74683
-99395
69345
-94655
83287
-29176
-33150
-90503
98377
54321
-72725
37286
30410
88424
-90441
51865
40853
85198
-7082
-60330
-53368
-83200
-58170
-56850
-43068
-49078
-10952
56396
92603
45943
11232
-14350
-27681
-25558
-10133
-61689
-11309
-93617
95310
-26898
-90588
40654
-92993
-63820
-55075
87719
-94678
73832
-65092
46658
81542
-16338
-4939
85528
-31863
49010
-61335
-79196
-51852
58033
-9609
-30735
-95041
31468
-32325
-86629
-83702
36207
-29619
-63851
-28843
-50361
-21193
-93673
27641
-82706
-66643
68651
6067
-18737
-15017
-44792
-54405
-50681
-36328
-5981
-90720
-31163
77303
58792
91961
-58111
-7016
-88759
72553
80788
10546
-88368
63510
99040
-41124
-96392
-42036
-32168
-13222
84491
-53028
83670
-95948
-10259
-48936
88483
74791
86661
96550
74471
-52372
-15927
-16470
46123
-15664
92529
45753
-70247
-92504
-88456
-30826
-36458
68408
48958
-24679
-25652
76298
-40057
-9272
93027
-16695
-66390
46543
61460
-61094
-45070
-47392
15169
-72593
-28469
46618
96903
67958
-83430
21739
62951
-85651
98307
22631
20070
-46714
32580
-59144
6793
29317
40264
26173
29202
62204
-50057
-35687
42747
-96338
97985
-33857
-13375
16873
18608
-45810
-23888
92635
42552
-68343
-12417
-79351
27768
-55267
22369
-50033
47412
76388
-68442
-64214
99908
91702
9669
45102
-23827
-61655
49355
-17933
13098
83468
16277
13163
-84162
-93929
-78044
70604
-45603
15698
49789
3265
-82054
59531
-18094
-4633
-56924
8354
62625
-39007
-61440
-92158
-77572
-83071
21593
-45033
-13817
-90559
91132
-90505
-35613
50638
-35869
99040
-78935
-38447
56586
84011
1643
-31161
24713
51504
-72198
62637
67069
-9564
91228
-72562
-75860
87171
-7229
-3720
65125
9396
-82744
-72468
14390
96134
-5730
-21287
-77779
83843
83117
6565
98628
97728
-14677
-28036
16931
38672
7431
44928
66360
62326
43316
1216
-60331
-33197
7058
87452
-27531
44463
81952
-57083
98363
-69066
-67818
-16676
-75416
-92874
-1061
75330
31831
87724
30191
-12190
-53025
-81571
55330
-61784
-98707
-3878
66889
-1211
-9868
84730
-65075
83633
47679
24504
97168
-65258
-32941
76170
-1686
-71297
86118
-49840
98063
11628
-26450
-18896
-55199
35465
16556
68566
-88699
49142
-37215
-51250
-13774
-68124
78192
-19140
16166
92887
-39945
56498
-12235
-89713
-65221
61021
-87632
-89314
82364
84052
77265
95810
13204
-50181
-62221
-26234
17033
-8883
-93897
-29588
-11648
76675
14380
-75919
47936
68384
-1553
-31163
19511
-80809
-17068
-36004
44621
1796
42730
-42767
39304
67069
2474
2759
-34564
88167
15300
-44038
-33675
36317
-64168
-98283
20880
31598
94069
2639
-6357
43465
40559
47094
-5603
69736
-9062
-54480
96093
53075
-2467
-25945
43861
78060
-86702
-84800
-69214
-62664
24361
-10956
10582
-9758
-85844
49363
60790
-49089
51552
-73221
-69562
50331
54277
24002
7505
-92940
22340
4715
66723
79167
-48687
-78635
61956
-3164
-78741
-39545
97326
71830
91028
-80277
99608
-32785
73587
63481
37983
46286
-94812
-45016
75133
-6984
-81034
-79378
99183
-5490
63230
22371
89059
70409
-17385
-10457
-17937
-24957
68015
64193
58518
-26929
-86435
56458
30227
95692
-4143
79328
-97692
87957
53939
-54326
41939
4821
29680
55756
57853
-81765
-28263
-49858
-44242
80576
71830
6336
13622
93657
12422
86611
-83225
-88952
-88290
-48034
-85210
659
-65012
86448
-33201
-29403
-91792
-11566
62225
30456
-97102
-62159
91978
-60461
-14888
20325
-81989
90806
47298
-35602
-30984
5036
23991
-21535
80744
20622
-75541
38757
61958
-373
-42669
79872
57275
-27777
85443
20469
-36609
79702
97175
-7700
-26632
20117
5593
56420
-51056
-94288
62667
-65747
40107
38426
58568
71070
84756
-74034
-4656
283
-40259
-18801
20109
75267
48110
-9639
97605
27936
85776
44527
55945
52354
-67620
-67121
59762
19634
-75542
42935
6512
24075
75820
95939
-60583
18574
-63014
-45271
86714
92081
-20534
51641
10654
71338
84510
-11143
94969
-93942
-43609
45277
-98732
67289
-66823
84529
79975
-6254
12821
-62662
-32987
94428
59643
-30188
50354
-35768
-21622
25619
19400
85557
-37858
-13369
-3614
52613
-16496
-50109
21069
-13050
-34650
19679
9897
-98197
26616
29348
-3145
47749
46406
-8874
49036
-25011
-50913
-64066
-83090
1541
14268
17361
-53726
7735
-61530
39558
-70769
17109
-27567
48055
45563
96976
82486
73943
-53908
-73200
-88798
-69667
86812
-13832
-9518
-63863
-32409
-82266
-88879
-44797
82738
-52200
-99206
-58183
9406
-31785
-81017
-30481
36271
62590
87039
-29468
-58851
-79477
-37658
38844
-22572
-88059
9440
72222
-82277
91667
-63169
-87746
-42717
68323
86979
-81327
43480
-66364
53696
-32219
-43122
-60291
69568
-14724
-98626
-64505
56449
-79511
82450
81552
-66908
-78683
33243
-43741
82084
-82322
-93771
-38529
-39275
-82878
-12186
-59929
-38597
-12447
65474
-9069
87452
48720
41454
-21398
-73434
-97483
-1271
40823
41054
38943
-59332
-48816
-4249
-66563
32953
20519
80630
-46782
49238
-10703
-28068
-73034
-32401
61053
-86406
-61067
-8157
29074
9568
-21711
39632
33710
-69509
-84390
-6133
66093
-29672
-38385
-1663
35735
65459
14340
41297
98400
-85822
-1272
57389
-23613
-19568
55512
-51443
-80717
-44711
-38206
21205
-7852
9674
70382
81955
47356
-20765
92543
10695
21068
-39178
78402
-98123
-9950
48622
-3953
-65724
-36482
34091
20966
42485
38664
53006
76040
-73234
-29652
-380
-42839
21870
95268
-66014
18850
-20142
-63265
-68676
37380
-72803
-71302
-88732
59725
91340
54066
-8916
-5713
-12698
93402
-17925
-3584
-76174
-88086
58597
97945
-36989
22449
-48384
-46002
-96857
-38811
4343
-59611
-65768
-40638
-25197
-89441
75847
-92826
-18176
-54645
59774
-60672
90720
-87130
98804
-77160
-58954
-43282
70038
29922
-10756
-99956
56027
84317
3894
-5490
-6613
21429
-73747
-32000
31804
-60482
-42864
78955
5062
88468
-91999
42000
44088
-50879
-71450
11141
16596
5129
-32557
23851
39230
-92859
14405
96096
45268
89556
90882
52133
-93486
-17169
-74870
-62001
2305
-66943
-75063
19703
-55124
1645
-4086
52295
-55469
41586
-53124
-5291
-77258
-77115
-41485
57274
-50094
-25424
-56724
-22801
40019
31631
-69996
43897
58987
-5837
30169
-29054
20372
10463
79006
3197
19471
7231
48650
-69643
77363
-92512
-64664
-15715
-66548
26683
58972
53856
-86311
51222
83601
-48457
-86493
-380
72019
60485
77693
10413
75606
-14695
99665
25910
-72900
21359
39304
-80729
-23452
13716
-13276
62024
-62394
-6649
66894
-52633
-36704
36505
-9871
-19281
72810
44823
-27053
28546
-9290
76508
-36189
73785
-32056
-96560
-53635
63942
-62569
-4204
28481
68369
28998
65440
-9884
-22822
-30144
-73082
-61606
-604
18745
-38755
54607
-74909
45371
77423
-49693
89304
48526
-70886
-41015
80850
94742
-20838
73929
-84922
5074
33634
-67707
-31084
-53296
85828
-85524
28551
4679
11469
82843
-83102
18465
28441
-5143
-78262
-72440
20369
44517
-38050
-21959
-48687
50009
-38616
59315
-7263
-44946
6469
88885
33412
-24910
9561
68365
-55145
-69377
-10391
-91667
8543
-30346
86984
19641
-96701
92538
-45161
-96096
510
-90034
-55262
23187
63809
-72840
-45700
54604
-9042
-35095
-95246
54336
52322
-30406
1590
60134
82592
-69201
19037
51953
-59422
28210
61621
-4523
65245
-69713
40445
65594
22028
65738
-8544
89202
21202
-32191
61272
28429
-36122
-56015
-61373
-64721
34011
53406
-67815
-40322
-1441
-97372
74049
-13642
-84798
17125
46673
84748
99337
27056
-41232
968
-47248
54236
80404
34800
89948
85177
27044
-30122
44847
85296
-28391
-68512
89130
74171
85459
82857
-19742
-42886
87041
-59717
38780
-17132
-32337
65984
-39011
1534
89337
-116
6415
49668
26869
-88997
56372
-62134
-22482
-94147
-84591
-73904
-94656
-56358
92175
11211
-68759
60753
68341
-37340
-79091
66651
8919
73139
-21072
48151
-78610
35984
-43844
-89117
7356
-34890
-4389
-55910
-57817
-86543
473
99597
-16500
4966
-54005
-54279
75899
-8755
-80302
-76006
28268
23315
29877
28629
6483
-30452
-39989
38148
91363
-96655
31868
69664
-4457
25198
-86599
-36725
8253
-2143
5157
-24316
-73845
24468
-53124
66698
2854
86555
14232
-24330
-46695
-98388
-14375
16838
-25824
-22950
5007
71137
15201
-16465
46359
58442
96983
38228
19229
46068
72243
-10777
-99850
-82802
69792
86501
-75246
-89467
-96711
4779
-181
-25879
39574
26964
-97903
-68447
7931
-62849
57922
6643
84797
-50200
-75937
-42183
-50900
-14558
-35409
-34130
-67906
90388
-75914
-61767
41990
78417
93315
-49669
76901
74865
47168
-55728
5486
22815
54942
-78867
52873
-94527
91961
-14736
-73096
71782
-79601
84494
52466
83118
-9951
19324
43767
82274
-84224
36419
-21384
77710
-54844
84531
-9880
-5178
59331
-47617
-70144
-35388
-74199
-83306
-34639
12095
22420
91132
-80473
-48780
-59633
-48977
-50785
-37715
-18093
88967
-61269
69844
95318
64819
-96589
-15917
-5054
-77015
-31174
-55393
-45730
53003
95920
-3786
96520
55910
-33287
30362
-22923
47636
65759
20793
-67287
-83882
5094
-20623
-21
-95463
-43478
11201
-49554
33195
15021
-85300
-25924
-53279
-75343
-37391
55920
-38939
-22246
-19219
-48659
16904
93241
-60684
-26720
-81854
-87923
-40809
63704
94627
80557
-43246
35366
21148
-62052
-78628
-656
46491
53988
71249
52422
88415
10177
-49548
-57810
-35903
79527
-54158
-58203
50929
-91837
91863
54578
-95627
-38824
87902
-33986
23929
-67067
56070
78380
-80242
-36749
-90137
-22036
-30392
22603
-74701
90461
63897
-40954
-82377
60417
13918
-61780
-63670
-70878
-89625
-68746
-42823
64595
-99255
-25044
7387
46876
-2572
64444
96623
30762
-62634
67821
48432
-64143
-49499
10371
36280
-48365
-8807
47672
212
-85538
34214
64770
-2678
-59121
40959
71921
-58017
-5529
-77001
3182
-85315
-25900
68339
-93149
61059
48332
96664
-12709
22067
53209
-27923
-40296
16008
-85608
20366
-72451
-54719
24090
6798
53031
77475
-43714
8519
31153
-59971
16657
90151
62933
-77458
-82228
-1473
13922
51499
-18549
-9755
-88594
43804
64161
19025
-28545
-84190
21994
72822
-131
53802
51057
28476
-20012
9818
-43934
79784
-33664
86232
8934
97272
33824
68211
-29251
51038
-64385
-36667
46662
74204
57756
-30470
-67359
24825
53680
62543
-97180
-86046
255
16194
-23212
2358
47208
27153
-13197
794
16507
89035
-76461
97998
21607
2579
71351
-48894
59613
14490
38464
61678
-89968
4577
-65187
96462
20398
-92211
-77189
-52299
-40687
-66791
-31095
89780
-29890
-90620
64692
32812
-9205
-52380
-46710
51122
4594
-4317
-89014
66080
-47391
4685
-40787
70764
88505
-4596
-45853
-49772
-96550
-38669
52684
-85423
38962
-87323
50619
96204
69523
-19866
70176
-62927
90992
5643
98588
-36889
48566
81231
57403
-59646
74278
82319
-30960
43192
-21138
-41169
31530
42310
7841
-35136
-52223
62861
-63764
-52367
49421
45540
96436
85447
12594
-22811
-85164
-54039
-77139
16402
-77882
44420
-27655
-41567
-92077
-19999
-51369
36885
-4656
-89269
-38226
-4946
26830
29462
-40365
-5329
-26812
-89670
74117
-33694
88721
52235
33022
14533
-86446
-96355
-98942
-65201
-38515
-60021
1984
-77184
-29829
-25737
-51499
21287
3108
3337
-97695
53605
33551
75592
-87527
7101
34082
3741
93474
26039
-80862
63547
88860
34538
43395
32367
-27148
-85641
-92690
-31435
-69070
-34990
-3542
73204
33340
1366
70230
-13154
62932
-31392
48026
9545
11630
-63072
76667
-13063
38736
-10596
48439
-84905
49218
-59650
67651
31234
44914
-96836
31033
2875
90807
7018
-5461
90732
-86467
44552
-81925
76316
39910
90961
-71629
-96403
70046
82022
86919
-58130
5785
97865
37878
38392
-67234
23940
42641
-83663
-18586
-23862
63954
20783
79164
94713
15078
-54678
-78143
64320
-98856
-3153
-87021
-23427
-58882
40325
71811
44616
-14159
-25510
79024
-37523
-52340
46895
73705
-15219
68165
47260
-29258
62788
-75133
-49145
85377
-58890
-44531
-97857
4728
43508
53762
-67526
62072
-87124
-76539
6881
63859
-9950
39158
-18120
73081
85901
-76041
61426
40183
-84716
-60409
-41256
-1567
90666
-37416
-21030
583
-69559
-15973
-75060
12928
-6764
12994
-63238
40730
-60493
5702
-37029
-10905
-63381
-88091
81578
-32561
-45449
-94387
-79670
69667
-41355
12704
-32341
-14026
-48064
57031
-15879
-45095
-83075
30761
7816
67821
-31271
11619
-70275
-99531
-5492
65359
27992
-64807
42599
-59654
-23202
-35274
64480
41982
84991
19302
13977
-14814
54372
-39845
-29869
48577
-44713
44238
-49035
73728
-89131
75589
7443
-38695
-23204
55599
15102
-34270
-70866
71737
53853
-51706
-48481
-69629
55693
35802
67363
-93009
40770
-23912
-52592
40471
-67369
-40237
88373
-99215
15056
937
-68810
28263
-94063
-63236
-89571
96263
-97416
-59295
-38673
-13926
37285
-60870
-60286
-35179
-87260
21344
-36674
59140
-40862
-8147
-62084
75876
33087
-83499
37553
15885
-8998
-91735
38985
-40690
12522
-45450
34437
-24836
-56894
71906
-28333
-7904
-32088
-7343
-19158
32576
-25600
15549
27183
45675
-1658
-73376
-33006
-33953
7681
-84071
12695
-83890
29269
-41368
-13662
19932
-40455
-23787
18605
-93570
84691
-98644
58307
2476
-71584
71372
60346
-72644
-74692
-88783
-96484
64314
95183
14199
-90520
-70971
-35192
28857
-86101
68159
88006
-44133
-4360
91406
-39926
-49367
-86243
-56684
93172
99290
-11933
-22329
59399
97575
-29441
-34685
-39836
44555
92210
1686
-51887
-17159
23933
72093
65293
-9958
80837
84706
36381
-53778
-49462
-21904
-72422
-85023
63898
48701
-71523
73100
70309
30063
-22646
37885
-87023
-45110
-95414
-22207
98963
-61696
79545
-6843
-160
-27008
63844
39323
-29795
-64429
-36422
72234
32336
-79568
-79823
71406
-67
82005
-70594
-52389
-99807
-57361
86826
20593
-86066
-76768
4960
-14106
-57227
67729
-33981
82601
66093
74236
-44402
-96755
13890
-80147
-93003
76447
63059
77539
-32503
-76156
46588
60973
-74729
-52055
77358
59451
-28151
-35487
2104
-89801
-93624
7974
5778
-7169
-451
91064
-8821
-30780
-9980
44802
64915
13245
-57416
-99666
-24680
-67553
-87309
19234
92442
49672
55788
25105
74129
23041
-58093
13796
40446
4329
-80714
-78080
-14228
58070
72549
-55560
-19556
-18905
64645
-57003
-64925
6700
35441
11102
13781
-19634
6790
95435
-79718
-38893
-82992
38179
-57812
51328
-74396
-31117
63050
-69734
-47553
-97649
-51885
48969
-36607
-41807
85308
-43572
45670
-44072
-52364
61131
-89534
84354
-47752
-86048
37767
-57979
78338
-87702
-52892
61925
-6908
-30607
98673
35053
53042
-95781
2439
-90671
28996
-6458
26252
30651
-67316
-20197
6849
-82000
-70608
2682
-11983
-7708
-92756
21149
-97730
3903
-59604
26285
-91085
-16283
32670
-39732
75842
40624
-61711
-57550
2646
-18065
-8902
88249
67078
65904
16755
-94926
24714
-55084
9746
66944
13878
31008
-39089
28268
55291
3545
23751
-41967
53429
56972
1597
91828
-7454
74157
77090
-78841
40664
-25742
44521
50635
98043
64578
21966
-5530
-57728
42717
-42874
80877
-9047
23901
-15136
69191
-90172
-19911
15352
3858
74214
-42385
20080
-14822
-23571
-91066
-10172
-68581
14811
65540
79182
48420
-59942
-2684
-9974
-7403
38225
-28410
88497
41392
-48715
-35877
-63403
-22859
-77928
-55747
-76182
13513
3414
27964
-67718
68441
50605
64710
-25970
-62941
-35651
81498
-21563
-99226
74316
-6974
-6193
-6791
-59914
39432
9806
-77695
-76755
12551
10986
-87623
-36490
75602
42739
57437
28757
34826
-4864
-15818
-77863
23427
-48128
-88292
-28428
-28309
-28647
50997
81825
-79231
51558
-32521
98246
49575
-99713
-70993
59508
-75393
-95524
37157
-2453
41194
67777
90402
405
-36076
-61034
97161
79006
-41228
-39842
-7883
-88491
43637
73968
-43561
-46464
-51115
47536
-48980
-46834
97852
-17913
97371
16939
61775
23842
67903
-84819
52710
6385
-40323
48230
-7539
-58296
39176
53647
11018
-41701
-88545
-14677
-32859
40343
54486
-86544
67099
-34004
-69066
-93116
93982
86542
-7055
7493
-80788
77885
-46569
81195
85557
758
-3699
-7911
-36517
59765
14399
28582
31242
21952
-82645
85856
-12414
60203
57104
35846
67803
-47118
62200
13270
58639
-22663
-17176
33983
26490
65380
-90932
21019
-79180
-67161
73943
20703
-50702
79450
51164
39353
91912
-97549
75647
-46933
-44670
84418
-35739
64875
5812
-5502
-51105
4625
-78249
-7337
14018
38395
-64534
76621
36565
-79354
-42599
26882
-60990
-53881
77749
-87816
25002
-56233
70306
12919
-2279
15530
-74461
4775
95438
63661
-29190
-59054
54276
-34443
-13014
-31006
-52406
92805
27587
64736
62160
6800
-24530
37769
21220
50337
-76090
-12976
65688
84600
-79877
79080
81200
-20730
-86175
-53686
-31830
70228
-66135
-58609
70866
86578
12810
-79480
-37234
29368
96580
-60311
-13803
-52727
-33228
53089
19522
-70666
40408
3810
-55902
-87508
44374
-89411
56154
-74164
-9071
15448
61645
-10183
-99966
55427
90466
79184
-75791
88220
62408
-2555
-32717
8268
-20784
-69320
-20314
13817
-24365
-26984
-3830
2914
19830
-67505
-76644
13556
86567
63490
89809
-2545
-35805
-69885
16869
-78590
37482
68483
-17146
5595
-26405
98433
82742
-33897
-69901
-60841
-78988
-47060
-16992
-80134
26164
54371
-65343
-37668
-52405
-21216
-54425
81828
-97186
-40189
-25351
-74413
-77553
44911
87253
17473
86802
23771
66296
79674
45101
25736
-86168
-78774
46198
10626
-29113
39145
66050
60197
-33355
64097
-68423
849
18681
67505
-75391
29274
-42653
91159
-65245
70467
-19318
-9044
22554
-13420
12764
37622
33203
28608
-81177
43379
72582
51505
-97083
-79426
38443
19953
-97722
31836
13619
-61719
36184
-644
90690
-88677
-76157
77687
-52454
88689
48846
54514
57819
-88090
69841
64775
-68850
14979
20333
-91188
35427
-11050
71247
21746
81244
25753
67442
-63568
47246
97432
25368
87324
95993
-67643
-92841
-38481
-33899
16797
58728
76903
-40876
67486
17469
26495
-58363
-54265
-56350
-39889
-20509
9229
-29899
97424
52400
57985
-27848
-48858
-3474
-97939
31208
35760
51676
-60139
-19766
5669
-64153
72394
-5207
-91683
-32792
-29185
-77025
-83401
-87616
-29750
-41514
32379
-49840
-15153
39765
10968
40040
-78276
-33260
-29317
19435
-25963
13364
97468
-34357
13939
-94973
33427
68131
34985
-16810
-51725
-59105
-19716
93783
-42996
61677
27698
49104
53305
33323
87448
-2117
52457
38170
84919
-28785
51371
-90341
-12525
8298
47806
-85927
-18831
-60064
33535
65278
-18507
-69512
72983
93591
34198
-99619
19230
63214
49800
-80303
31308
20027
29172
32538
-13653
35865
94999
-14786
88978
-76980
17684
-99584
93997
-1994
-654
34202
95071
94218
-77353
57780
-51552
63457
-86874
-78829
20961
-80259
-29608
18764
-60281
23385
92633
-33047
-39037
81459
-76949
34165
77713
-49984
-39487
95885
-1531
-40644
19929
-82266
-43664
-31638
-10536
-60476
-99415
-14059
42626
-46158
-87270
-77076
-93365
-13835
-27408
13833
-53293
15853
-49805
1100
-47966
13309
44649
-66086
24146
-91024
91117
34079
-65368
-61595
-80486
75112
24931
90040
-76576
-25229
-9851
-94002
-29173
99801
-68537
7373
75815
-83960
-41776
91855
-69052
-46097
77777
46494
-4314
-14649
83052
-91914
-34773
17901
-5314
54351
-37592
-66067
-3821
6554
68037
-51269
13298
-12403
-82112
73360
26323
-91551
88471
-19910
-17506
-47112
-34787
-61754
-86755
-72848
-61978
-80545
26104
-63921
42974
40102
-54719
62655
59373
76981
58949
-7509
50793
-44258
57367
47403
-88631
69710
-12476
8682
49887
98038
61015
20070
42990
-22041
-86242
-39340
-67189
32451
-28773
74093
71549
84244
-7251
-88483
65490
48475
-1441
-21739
9040
-65027
-96273
-79583
15447
72917
31980
-1396
-1933
42942
-2950
-22503
8962
21868
-38766
-87581
-90741
36282
-92358
-40806
70962
-58536
-62589
-33484
18877
53486
-88121
-94873
-99948
-34901
82804
-431
-30850
-51592
-32433
-30015
35283
-41659
45014
45350
-7875
-886
-67214
-46919
80548
14364
-51066
-90702
-77755
68947
97852
50078
5379
29828
94449
-11993
-21229
-91212
84160
-1280
-19742
-89621
72762
95901
86256
34605
16130
-96194
66781
-89998
-92803
63071
-70456
20734
-15106
-66130
-80330
-47698
-53635
-47482
9953
9772
73233
66951
-45692
9558
-64886
-92346
-88654
66720
10688
43520
13414
-72021
-26063
25815
-80966
-25879
-58810
-31542
-67881
73826
-18117
-82468
-86793
49226
-37438
8347
-54873
-58898
52050
68004
54496
-20778
67501
31084
-13425
-39989
-21897
4240
64701
-93007
-10570
-55571
89060
-74076
60831
-657
-45682
17111
39292
80186
53106
-18163
41834
-77686
-64957
-12648
70580
52586
-9368
-44314
51493
-96476
-58394
29337
-63118
-26289
-34139
-53254
-6958
-36395
46261
46923
-69518
46346
79783
50037
84677
94166
-66603
-15798
32719
-45107
-97883
-55628
-80414
-79781
17815
6492
-62612
9458
75211
13906
-91690
69319
60218
-19670
-40684
-79654
-39688
90956
31458
71024
61714
55821
-4517
37567
-56248
79380
-37988
-33901
-9894
-37790
-35466
67696
-79246
98243
23310
47963
72848
2504
8047
12397
-27
42740
-79233
-1734
-2654
-1210
43214
97899
47513
-83204
86262
-60131
-11723
27415
-52996
36121
-81682
72907
-47595
77166
87036
-60371
-77019
18335
-26654
57861
-40106
-64619
4829
-38206
-17235
-42929
-94870
34346
-64838
60143
-41223
-17469
-56243
92372
-44811
98344
43835
58640
77859
53452
26704
-53431
-82903
-46313
65544
89380
6467
-4371
49776
-40866
48118
51828
86968
-68996
54638
-55105
51259
50718
-18690
40027
11156
26792
-48795
-52321
-78182
34931
34378
-86402
15822
93350
-5090
-57696
-40421
33992
68278
-39471
-92238
9027
44896
-61253
-18761
78604
-97874
-69808
-78274
43868
2628
85750
31152
-83532
-87197
-34152
-80218
93685
-28674
-34589
76031
-2385
-6386
-71249
-7422
-63251
56024
75571
50829
10751
-86304
-15688
-17045
34554
-15307
77184
-96779
-97120
65637
21647
-74396
-83079
31373
-57359
86734
80433
85380
78582
7075
68675
15173
77269
51589
-38686
38147
-46963
23936
11948
86465
38592
8706
-40941
-21123
-70556
93565
6234
20483
-67809
-74637
-32774
-54296
65351
-43467
-84619
64959
34129
59330
24172
1725
-55959
42846
10994
-36409
40368
22495
20497
59164
-84351
-79342
88640
-38057
-68756
93404
54208
-50004
-78408
19758
-73298
-18711
-21771
-31174
7645
95566
57191
-49340
-69385
53098
-81852
49881
17106
-15199
-62083
-21743
56952
59409
-99877
63955
-27037
-93465
-39746
98456
566
-64981
37526
69168
51337
45013
80566
-63187
-16470
5593
-77631
98320
-60441
63251
56443
-68044
22840
23727
67387
-17319
67961
-2640
-61438
39346
-86075
-44291
-6849
-70459
-81890
-36241
37034
-351
9757
90043
-90563
26389
-96340
50439
25691
8329
90160
25645
78946
19275
51129
75528
-76555
92990
-89421
-13033
12462
-80288
63997
-40869
-66005
-24247
-90180
80366
24421
-8250
-78037
-81833
24166
51587
82946
-12749
-95017
-5974
40403
56330
16627
99623
-39599
22724
-45245
31028
-58104
-17676
1724
-52578
33189
63035
36134
-58654
-14082
-55549
26810
118
80090
18985
4225
39695
-53146
-75811
993
54672
-56831
58634
77980
-89832
88592
-38211
-26758
17716
-90180
79896
-40328
98839
-47094
-94720
75740
54108
-18026
-46376
-45134
-43694
-4431
-30811
83709
4718
-22166
30959
92130
-4563
-48390
55304
93342
52448
-93391
-23087
51276
-87735
28634
26198
28099
47942
65001
9263
24333
51921
54064
-60812
-1570
-67254
99109
-84356
45258
78004
-11458
98585
64778
83254
93915
-29853
54620
61125
72499
-37560
62752
-25793
98161
72079
-81518
-53613
-20942
28593
54172
-39695
-87330
40040
64943
-92388
38034
-7203
-85852
97517
35117
13534
12800
-57808
-14407
45381
-90916
-93733
-58495
67182
26589
-70064
72275
-99496
12698
-3491
25460
76245
-25469
-63746
25836
83615
-87341
-77944
-78251
-21819
-5646
31895
-66487
88220
14059
-42650
-22376
30820
71313
-1824
95657
-74476
65427
-5663
41649
-89539
-39942
-25877
47856
-46295
-78820
-82829
-75686
-58491
94066
15729
53373
-6889
-15736
83894
-36265
-49423
48244
92471
-54210
-16734
-35210
68551
-58269
-9812
-98130
89712
42454
-31060
59941
5521
33968
74408
-26838
87237
66876
-36442
-65737
32536
-15326
75588
-12285
80955
63079
-65833
78938
8153
43548
-20084
13736
-17282
97510
-20267
-66121
8506
-47776
31974
7512
11697
-31630
-47077
-53273
55177
33969
-84478
14618
3323
2455
-18591
-61421
-93636
-52441
-65723
-31420
-23837
-10240
-53753
7500
71938
97657
5905
-78819
28963
-31002
-12748
10262
13855
37714
24785
-36503
-34817
37308
-72959
16342
29021
-95585
69075
-33640
-36759
-83609
1948
64971
56585
70880
20450
76696
9096
51896
8592
-80885
-80065
62841
2909
-46328
82415
-88557
-62571
-34845
-80786
47078
90412
59345
83120
-70969
-32659
-52101
72714
-61352
79182
-77733
32779
53328
-8778
-29069
4281
-7446
-56689
72367
-90355
9642
90746
18107
-49403
73514
-56271
22548
69484
-4603
-95855
-27990
-62083
41798
81643
44756
59306
-26139
62781
-87093
26280
52502
-11511
33802
26032
-69191
-79699
-64639
-77035
55538
50478
23224
-48151
-91019
89772
-67295
15061
66895
-28814
74188
-51589
-99171
-91648
-6547
87084
-19249
-12880
5846
-42658
69891
56313
-2920
46196
-7488
86493
89463
-92681
-86817
-15385
42114
-65275
-97500
-33445
-29701
-19930
21055
-38001
9449
87680
-57105
80216
49423
8118
-73128
24673
4140
-35199
86122
-23164
-30127
25653
45297
12795
96009
1350
39269
95967
567
44965
-4109
-17216
-74378
-8766
-10506
-5688
2075
10143
34620
-52914
-77957
-71747
-54914
98344
-33911
29882
-26634
48934
68684
-79953
-16318
79183
92021
52090
49364
68372
74178
-59343
-6240
-91729
-38908
-41664
-36577
-32117
-19922
-40405
-47906
-72099
-43849
48013
4002
98450
92120
75837
91931
18013
6576
-15983
-52197
59002
-63089
76346
19967
-24085
-76020
-59713
-77501
34790
95131
-75948
-34512
15374
-39841
30981
42523
81341
24299
-80594
69133
27609
46644
97423
2847
-56079
18454
94690
49062
-81859
-15353
17093
-16659
-26770
-10267
68262
96458
40124
-74347
-52738
14726
51886
18449
66255
-529
63135
-1525
-83791
31031
44849
94396
51919
-63047
20317
-87387
95688
58503
-63319
38261
92108
27910
57724
63106
43184
3390
-25547
-83226
-13323
79139
56976
-13748
96696
74729
32567
-20686
-66682
24469
-78664
-63238
-51043
-69717
7154
-48966
-90704
99937
75900
13084
-70815
-86420
-2438
-69114
52681
80160
14329
1471
6345
-87427
67795
17582
-7474
13680
64786
53085
-24280
-80991
47517
48971
60298
10829
-31231
-95585
53019
-210
32128
43621
41790
-20069
-28047
-85452
-33097
-91988
-91030
60041
-4642
-7439
88031
35038
33932
-83984
-73270
-18439
-83570
-30990
-34063
55433
77483
41566
32211
22938
-63501
-20231
-78139
2162
-42532
59220
8589
51908
-84427
4950
527
37529
-55673
72765
-95962
32009
80220
-88533
9635
-18629
35149
19798
-77766
79554
44231
-38020
-27257
292
-81363
-17798
52562
