123
1000
547
974
743
617
298
509
868
343
215
269
219
426
765
382
957
360
224
209
108
338
365
785
197
163
293
620
643
651
798
662
359
452
1
631
639
349
912
931
51
846
119
741
321
77
867
230
939
537
342
788
831
408
169
184
564
267
504
461
537
872
580
710
709
584
466
260
231
841
221
923
187
865
871
693
47
866
717
518
691
326
410
797
611
534
798
205
719
633
546
345
845
662
72
689
968
680
335
836
1
771
145
275
613
788
249
573
786
40
444
128
359
663
681
126
629
171
746
151
245
142
169
765
951
979
728
129
596
498
158
973
827
124
955
42
424
404
450
573
920
930
676
523
212
882
1000
264
614
459
198
82
481
175
603
44
167
503
102
49
232
431
527
396
622
831
49
914
544
16
674
812
631
578
750
823
383
359
763
75
669
426
988
661
278
901
219
187
460
86
7
508
173
563
679
628
130
342
136
82
561
613
595
876
282
67
696
6
712
273
896
865
545
887
665
634
216
281
226
80
764
811
524
384
876
178
597
315
193
891
337
268
106
660
616
781
736
302
975
262
996
653
81
340
570
337
79
177
422
588
543
209
477
833
672
278
420
773
830
265
525
167
243
752
350
840
884
270
661
13
175
735
995
304
99
671
923
869
148
794
25
135
288
553
236
629
810
864
303
122
779
448
957
352
851
963
238
264
371
409
509
688
684
940
848
273
19
879
448
979
772
236
663
341
928
420
141
835
345
596
386
452
203
950
533
19
842
834
428
426
713
854
992
880
3
994
928
84
482
141
110
11
273
784
786
331
69
128
331
43
630
398
3
725
880
5
630
689
809
317
37
319
651
942
399
936
493
82
845
948
832
209
622
173
938
458
341
41
480
379
475
113
347
961
684
364
305
189
68
982
839
463
161
811
434
436
1
853
387
948
357
858
456
177
348
531
203
821
573
388
637
610
645
193
539
41
56
211
59
617
617
833
681
265
998
206
139
28
125
657
759
248
585
586
596
970
142
887
93
904
370
963
687
783
451
425
718
831
655
407
423
654
344
925
275
272
379
867
235
277
112
7
504
621
18
395
727
681
562
346
426
212
824
906
284
612
741
772
184
359
754
475
877
46
126
926
260
963
22
478
879
681
454
897
480
967
871
718
198
651
201
909
123
625
933
209
728
565
720
204
374
641
387
965
639
429
438
193
23
785
620
941
786
975
994
667
412
403
803
345
252
981
640
129
582
48
43
944
413
460
192
155
973
113
705
505
907
807
52
546
747
359
35
153
394
894
565
973
828
313
879
920
181
815
270
605
718
319
436
403
136
36
931
118
414
846
230
391
935
589
798
298
255
636
647
613
532
244
932
122
855
293
736
565
737
757
313
324
915
344
514
930
497
396
874
310
286
939
450
86
41
26
651
496
709
501
782
924
481
411
709
237
70
41
976
998
908
755
440
688
862
531
453
3
437
167
240
661
960
72
77
958
579
576
15
981
190
240
338
754
959
419
790
330
786
77
231
116
900
766
363
472
568
981
622
970
326
349
622
106
363
40
86
56
333
349
771
873
987
418
654
261
641
513
934
405
719
959
498
379
659
482
514
332
206
651
960
533
296
27
172
274
868
701
213
857
621
919
48
966
477
88
899
765
881
822
430
665
372
752
981
144
606
181
6
620
387
152
51
281
946
848
313
840
5
826
255
485
335
420
830
340
675
64
84
968
126
560
653
30
316
774
851
551
198
993
16
161
244
500
999
667
401
254
913
584
29
901
267
946
503
546
139
942
842
313
396
262
513
539
669
262
106
27
288
788
892
564
439
618
163
506
16
26
458
76
565
608
486
36
364
133
676
963
839
137
539
300
667
966
407
467
93
158
455
206
448
792
196
81
951
980
513
606
560
537
167
94
568
477
89
941
491
737
439
113
67
874
971
646
121
562
430
459
268
157
527
347
800
324
366
978
851
996
481
411
622
681
756
443
537
632
858
930
366
293
116
788
164
800
39
751
940
568
373
391
986
35
91
583
644
175
247
106
528
752
777
348
286
293
687
715
406
220
467
383
864
714
439
617
666
132
321
630
190
475
133
791
915
193
383
783
603
253
866
905
80
782
599
58
313
329
734
75
733
943
540
786
545
294
707
782
176
931
5
41
978
404
58
138
853
765
704
461
954
660
369
856
816
792
110
583
697
668
779
948
373
260
674
280
38
596
186
750
105
99
19
433
902
195
263
493
210
237
194
289
735
916
839
164
84
78
35
199
227
820
18
127
654
111
90
359
97
304
40
429
317
826
72
446
356
26
