10000
793 225
176 8
87 990
734 853
823 517
833 232
680 466
266 993
997 400
923 756
613 91
578 137
54 242
214 585
454 45
57 993
417 912
182 587
449 89
609 579
933 910
118 590
526 890
165 331
342 672
740 107
717 7
476 882
502 817
449 898
826 262
697 775
384 211
215 207
556 614
211 76
79 226
131 250
852 62
771 748
851 283
954 150
641 938
571 188
693 170
412 697
539 422
91 48
15 388
559 460
518 528
763 797
540 128
953 855
302 468
827 766
902 872
760 187
500 193
766 836
878 819
652 112
133 548
730 139
919 521
69 677
713 154
988 283
241 960
278 305
344 84
972 43
944 92
537 315
646 234
247 227
122 455
950 670
34 812
316 211
998 903
871 272
529 389
16 91
276 261
456 332
104 866
73 649
541 11
357 531
66 798
426 257
299 891
333 390
45 223
887 377
314 308
6 276
132 42
579 935
675 140
68 22
450 864
520 35
268 836
136 265
517 716
242 130
778 83
750 854
309 218
969 257
51 990
838 945
973 92
571 281
71 712
269 891
602 575
803 5
371 647
430 800
58 278
215 534
21 796
867 147
432 798
427 920
845 151
758 479
402 112
868 3
352 922
47 590
562 713
629 228
6 161
59 607
592 149
356 114
744 278
473 215
352 880
578 688
59 134
198 883
812 863
977 158
330 774
849 139
199 190
842 993
921 527
318 356
867 358
364 512
857 816
982 518
400 15
358 176
641 860
214 808
149 522
155 634
640 651
917 449
954 486
126 771
828 617
817 552
482 48
2 725
151 785
694 222
68 722
747 427
734 757
721 450
465 295
149 904
7 199
316 628
715 133
345 226
998 553
599 983
767 794
435 462
722 397
133 161
452 354
234 809
724 910
372 938
995 330
965 685
562 942
946 993
56 147
294 409
295 658
414 938
932 141
681 198
627 259
655 203
202 237
452 110
912 349
481 649
548 676
19 143
763 239
535 512
807 16
995 346
483 331
1000 428
713 87
662 667
231 235
785 690
769 304
227 964
947 406
456 390
518 321
525 384
375 179
170 744
245 487
330 942
588 784
212 588
778 197
358 733
339 641
531 832
330 627
571 86
907 73
13 131
368 612
2 802
91 911
119 399
410 533
137 484
29 801
831 191
94 304
229 879
5 309
549 835
127 560
427 386
710 830
116 414
475 695
172 540
635 683
502 319
806 432
467 271
205 875
525 443
804 739
461 995
690 155
840 635
189 62
517 476
924 784
900 847
909 775
382 744
601 910
660 834
478 630
153 159
91 148
314 696
132 704
331 375
20 557
29 42
488 166
841 609
323 682
973 202
243 856
4 139
906 375
392 395
213 688
963 571
121 282
885 254
235 924
133 756
821 467
706 531
967 805
35 830
859 914
543 905
130 603
593 867
810 603
490 750
410 384
165 253
267 394
66 485
198 201
602 934
68 869
798 623
317 29
955 775
372 462
472 128
444 552
741 53
84 576
408 444
775 532
493 67
603 231
785 939
508 78
156 270
806 107
675 130
418 778
734 947
606 52
379 939
776 419
168 459
706 117
370 127
179 621
946 490
495 543
885 527
397 991
921 588
697 735
138 736
181 95
688 442
500 120
961 153
406 153
754 394
734 492
254 685
698 265
523 990
268 713
839 604
399 9
467 268
183 132
210 854
744 286
951 737
591 384
40 674
823 875
686 250
279 439
237 59
443 743
28 996
324 38
142 464
219 379
500 505
585 944
809 454
337 149
128 62
912 684
33 811
331 805
45 654
702 591
842 350
888 138
935 523
757 844
843 111
438 895
22 708
76 141
515 558
992 309
635 558
995 610
815 629
313 585
731 314
854 432
66 205
57 742
97 848
132 46
300 206
543 552
982 225
59 494
438 848
824 462
418 464
380 405
416 526
555 349
950 503
647 712
258 733
977 461
987 102
359 323
198 784
312 407
437 867
69 421
530 784
533 796
625 186
671 947
834 96
643 617
408 786
136 15
344 896
325 84
788 338
911 662
802 229
767 408
759 548
522 313
121 490
223 129
349 440
529 10
661 427
1000 906
150 162
933 910
642 346
872 306
880 50
612 306
722 695
48 458
791 969
986 544
362 656
89 7
93 936
116 553
331 658
413 958
433 718
268 207
10 862
185 714
954 101
986 852
646 369
18 77
104 645
913 310
618 85
763 862
873 855
720 400
781 551
234 439
214 794
666 102
926 749
165 102
722 496
824 433
101 822
340 50
356 703
504 432
934 309
559 567
771 669
843 564
273 95
522 745
523 46
888 272
170 594
927 329
195 553
810 164
66 349
569 87
545 305
45 626
26 738
1000 636
71 431
198 451
247 1000
277 965
890 789
477 246
742 759
866 7
836 784
282 372
209 836
858 899
838 569
982 610
428 289
407 685
550 140
475 66
492 984
48 21
194 182
393 43
645 165
955 333
221 161
535 928
683 597
897 777
775 849
713 237
74 170
98 123
50 694
687 51
786 320
283 838
311 565
679 278
428 57
810 260
429 238
529 493
689 97
795 738
863 604
977 539
282 514
457 183
651 788
187 704
813 190
912 951
80 675
23 843
589 64
592 281
95 806
709 138
447 419
986 992
884 504
164 732
168 733
459 588
535 739
209 395
175 730
446 258
341 571
602 578
901 930
985 96
103 629
238 91
666 981
474 575
246 931
963 849
429 826
231 325
574 183
916 392
610 930
403 204
190 365
127 628
372 107
658 580
362 17
205 622
228 470
675 416
57 787
405 958
441 265
41 911
83 354
649 13
337 113
936 152
945 536
68 463
734 629
879 855
784 457
591 794
756 444
648 205
361 830
966 997
943 743
343 462
144 116
389 149
800 651
898 560
789 742
431 856
905 751
263 120
169 173
423 605
212 447
71 155
859 875
390 133
729 98
475 540
152 676
614 825
365 652
58 268
826 157
545 553
964 744
699 411
155 3
547 811
388 647
123 968
761 243
280 543
925 721
418 858
409 222
356 201
521 664
116 690
757 468
711 612
546 46
88 265
789 201
710 428
585 255
446 946
397 703
175 707
333 81
24 405
480 867
390 743
676 44
352 865
620 872
589 320
525 705
139 381
122 904
509 299
992 54
753 8
335 31
556 569
162 41
560 33
801 828
861 300
975 470
372 507
678 809
804 416
345 660
784 899
983 967
278 511
273 192
656 839
911 820
328 610
81 702
356 881
886 401
284 500
5 741
509 952
287 222
383 84
193 554
833 687
849 628
297 984
988 680
922 385
149 750
227 751
984 461
846 936
702 877
491 433
417 99
409 106
367 778
391 407
91 231
962 741
141 777
143 208
71 303
141 771
274 131
576 248
843 450
49 28
769 754
512 682
580 946
493 697
79 172
904 623
651 282
508 223
717 46
234 269
569 487
753 11
137 367
346 15
133 481
145 970
416 904
106 495
347 351
286 769
406 418
82 604
384 452
766 162
214 19
287 577
425 318
498 278
255 924
270 746
567 284
295 976
69 774
510 243
118 840
605 522
415 258
451 348
449 105
194 999
442 628
832 675
661 877
880 477
116 20
159 214
435 278
469 182
806 832
941 317
322 939
580 683
428 690
729 652
528 654
106 352
856 330
767 465
659 644
120 887
36 889
591 821
297 728
998 392
767 332
381 504
93 163
72 657
585 583
36 132
327 41
482 183
444 840
302 849
488 492
997 988
39 373
239 580
109 930
954 912
50 728
754 616
784 924
335 579
491 516
105 792
788 362
946 897
25 135
667 435
218 48
84 462
709 90
507 819
340 84
753 880
896 852
408 854
311 724
606 232
888 574
590 971
167 713
238 1000
321 919
271 580
110 384
679 82
649 610
806 90
895 789
905 697
931 726
385 93
704 397
580 636
360 192
147 265
689 384
587 951
888 122
604 628
791 805
568 766
443 628
447 429
369 149
54 946
606 341
284 570
501 997
291 846
88 928
474 975
330 901
89 997
22 412
467 10
772 456
762 233
359 334
446 62
397 678
242 334
790 278
443 90
894 328
848 963
468 886
54 876
75 388
417 619
812 584
990 392
804 252
669 922
573 252
496 992
735 713
915 511
639 680
632 993
449 76
642 644
283 974
115 985
770 719
10 714
996 609
756 880
574 943
313 48
117 903
740 276
505 384
586 377
689 738
875 408
918 698
102 117
592 823
127 445
133 410
301 499
541 259
561 161
568 681
534 494
290 763
931 4
515 888
284 139
56 36
781 456
326 602
937 338
626 467
6 761
352 527
112 17
10 314
540 859
42 403
678 801
571 583
899 641
377 912
332 98
986 216
307 979
125 10
21 261
85 838
362 568
530 713
688 247
999 466
760 447
166 144
58 406
279 165
683 1
603 161
993 1
185 238
707 820
921 762
944 231
639 779
452 950
44 171
297 91
852 207
601 584
733 750
818 398
510 743
39 617
650 770
861 687
457 148
664 296
378 272
942 909
937 445
832 124
288 887
391 888
814 486
588 548
750 753
584 403
657 536
648 98
783 691
665 516
327 399
577 335
852 444
883 565
673 927
258 857
707 863
223 466
587 668
458 75
441 546
1 60
877 621
573 796
213 817
712 583
648 900
913 670
377 150
923 960
388 717
704 666
441 1000
749 723
672 410
906 246
417 199
290 758
924 504
764 131
125 662
712 854
131 998
964 747
477 482
626 615
814 208
308 940
152 898
515 538
506 440
969 11
816 430
484 446
712 734
2 57
940 25
932 516
208 837
946 35
967 594
943 871
491 566
992 729
778 997
738 460
983 737
552 467
74 89
523 185
512 185
440 458
230 601
1000 394
580 993
447 98
627 308
140 45
493 157
25 167
607 243
891 835
81 313
75 970
301 737
638 366
701 61
19 382
681 882
365 11
139 264
26 648
871 157
373 914
23 322
314 55
45 438
456 411
936 545
386 895
854 399
586 974
745 132
280 625
714 941
552 658
21 50
795 847
233 723
208 536
924 380
127 369
68 894
728 49
553 856
914 346
230 875
657 951
21 339
136 348
935 757
495 237
338 125
345 103
702 783
550 308
723 693
838 776
216 866
124 556
196 188
478 206
735 192
221 147
430 387
175 513
512 322
916 4
139 973
167 550
189 615
455 940
151 303
723 608
131 709
239 175
300 231
489 782
293 583
207 433
482 894
400 957
93 716
2 26
45 156
31 624
127 590
718 622
602 98
261 921
363 540
346 54
331 161
941 259
769 987
839 507
31 532
135 376
204 209
597 849
403 544
121 531
68 548
561 291
580 952
974 599
719 862
435 943
702 54
73 46
55 829
505 146
404 561
102 597
784 911
154 878
387 229
865 729
920 803
179 203
895 118
143 752
39 139
726 771
894 374
254 287
198 560
61 657
609 881
258 437
213 43
663 393
87 413
888 232
598 78
793 527
281 692
722 14
363 270
227 929
33 911
777 707
413 453
370 504
705 296
461 588
82 933
154 349
943 924
887 740
381 653
471 794
526 995
212 612
122 586
726 30
484 373
99 822
157 966
836 121
602 392
3 254
240 101
641 771
385 399
41 104
486 815
114 676
131 710
789 801
710 94
917 578
845 122
242 232
161 613
448 614
855 106
911 476
187 806
23 177
194 845
456 895
909 555
344 652
665 173
160 690
63 588
498 468
762 617
910 756
860 735
883 791
692 363
253 254
475 199
770 98
208 349
522 541
337 371
764 263
503 726
717 752
219 56
578 743
694 532
270 569
517 170
380 184
276 61
866 302
585 668
558 340
814 645
97 358
563 588
496 546
59 697
467 173
134 16
520 149
555 31
429 574
241 161
462 583
654 617
685 608
23 720
254 168
437 242
317 26
167 764
947 871
172 12
200 562
207 340
31 745
115 334
132 865
127 924
893 569
523 502
135 985
230 828
925 494
855 382
902 692
591 292
911 960
839 747
30 333
20 740
110 315
546 497
859 770
886 649
938 372
594 131
953 432
121 383
922 24
669 53
583 332
878 666
771 549
578 229
882 982
524 425
795 264
167 977
822 269
342 72
431 866
419 942
204 707
704 205
990 878
653 938
588 748
640 237
123 565
226 56
616 980
900 240
994 115
202 267
899 39
139 665
370 644
519 17
559 240
192 368
486 423
890 453
599 114
651 424
543 445
935 301
700 63
696 977
817 388
54 971
303 459
820 252
667 780
877 478
283 657
130 200
794 325
147 867
274 254
868 424
646 570
797 434
379 505
844 115
470 977
576 249
77 408
745 652
937 384
686 229
684 323
542 589
140 357
45 481
366 338
26 895
347 305
442 224
763 992
638 637
352 622
19 148
182 654
239 189
155 545
177 331
556 73
445 157
639 249
98 583
403 215
821 166
486 416
459 784
999 206
610 631
769 300
968 159
912 414
708 98
783 812
10 892
910 828
809 946
894 703
63 95
554 771
738 426
535 30
10 980
376 639
867 716
454 695
82 356
313 912
390 550
500 49
725 536
400 524
796 313
718 333
471 456
346 616
904 689
716 476
254 339
905 901
891 445
353 813
205 314
860 767
195 662
835 806
575 843
236 280
293 629
620 652
254 868
548 874
812 445
892 611
721 674
577 575
928 581
818 700
930 310
146 829
290 830
9 667
678 323
830 49
431 647
280 968
999 110
203 485
368 191
888 619
491 687
472 360
481 51
212 872
731 253
921 826
662 902
857 757
301 800
625 865
428 976
611 720
771 174
871 59
811 169
217 375
507 36
544 59
829 463
472 658
138 325
28 324
429 710
136 405
787 301
412 249
77 16
281 915
361 703
743 564
330 179
270 241
21 972
130 152
238 693
663 123
719 12
43 952
580 231
421 946
256 408
182 584
35 363
427 162
759 794
867 423
760 768
809 545
16 394
754 738
440 229
943 615
505 466
289 558
591 656
533 368
671 716
417 696
312 184
801 775
549 39
311 963
936 764
637 972
617 664
424 143
350 974
72 883
334 68
785 797
618 350
388 602
777 152
110 586
791 999
711 702
235 267
558 991
379 213
116 595
782 123
969 240
781 476
52 605
358 515
580 997
778 498
607 542
839 416
583 309
657 422
366 345
438 777
911 945
500 667
425 527
349 926
552 971
870 203
778 343
502 665
565 128
14 346
764 236
698 575
116 639
627 265
395 239
521 769
727 474
419 349
800 537
800 497
34 45
658 634
881 28
148 376
50 217
628 777
47 113
88 970
13 363
380 539
131 301
606 259
55 22
779 545
536 769
385 419
785 67
752 743
15 581
765 278
162 959
856 320
860 198
516 339
523 288
202 542
190 2
780 783
384 149
442 344
91 290
19 582
194 934
337 381
101 962
136 395
568 526
642 14
710 379
72 51
82 54
537 461
34 596
164 970
202 670
844 775
527 825
125 215
267 26
435 862
873 991
299 64
553 666
836 718
215 835
238 535
370 437
198 748
615 279
759 796
665 796
83 628
516 495
654 376
666 127
488 221
750 848
612 9
266 198
379 738
99 230
431 611
951 711
630 795
69 824
303 519
468 862
924 39
624 207
314 772
613 165
976 322
485 418
109 442
456 798
48 292
23 993
286 690
593 901
742 922
468 733
931 666
290 492
782 151
373 897
618 619
573 47
881 508
213 243
352 867
998 878
824 332
263 299
751 108
792 128
263 404
263 772
222 651
117 631
572 704
90 453
805 868
164 529
465 941
588 298
21 771
287 419
121 291
767 261
615 790
568 857
4 927
518 385
895 376
127 887
561 448
896 814
366 815
596 837
355 795
741 453
597 933
31 552
29 20
927 331
818 413
531 24
136 168
99 458
822 869
4 872
939 39
923 50
209 149
598 293
717 963
266 464
977 123
260 787
936 507
46 981
611 399
820 650
421 434
55 431
225 520
447 592
263 797
909 575
335 463
932 863
15 218
858 577
876 28
816 747
96 543
9 440
981 91
184 114
596 574
853 498
928 171
983 514
805 124
15 646
246 4
960 531
909 422
609 5
916 598
66 576
956 159
470 590
779 824
644 183
86 732
666 57
118 508
109 254
317 852
327 926
332 856
753 296
66 502
617 180
46 516
774 831
131 175
69 593
76 450
141 338
891 305
950 376
454 434
396 211
498 911
807 196
861 739
429 258
419 466
126 56
892 281
320 871
226 714
652 905
560 678
305 287
808 128
293 46
82 258
39 172
540 925
674 336
998 405
535 399
529 397
516 659
153 874
992 293
330 205
508 184
17 177
11 494
292 421
456 711
20 779
25 612
653 568
399 206
265 654
56 288
53 668
250 586
275 81
792 667
519 272
673 917
215 41
378 127
962 553
347 620
519 650
852 735
7 696
305 372
855 868
987 779
955 472
700 410
982 929
670 984
985 948
161 988
923 524
652 63
307 973
300 122
442 638
233 682
264 210
637 316
241 334
15 898
173 216
968 740
823 372
533 292
890 296
496 127
835 439
53 816
985 258
51 9
673 195
550 83
606 782
348 392
330 663
243 744
592 81
571 127
634 648
938 466
624 221
985 219
815 673
151 459
558 90
924 401
536 698
27 666
808 262
706 748
602 799
132 831
713 480
161 775
972 909
411 930
132 745
169 113
537 935
89 138
188 387
316 654
534 339
840 638
757 334
698 670
682 50
361 775
664 948
578 39
804 299
11 201
625 769
342 57
123 65
681 174
206 761
299 766
503 274
888 699
828 843
881 835
411 346
865 803
802 372
42 435
474 611
19 690
19 502
704 274
740 281
666 890
463 381
285 762
741 315
812 290
357 738
70 314
967 668
372 306
785 492
685 881
118 206
294 222
962 264
543 331
523 871
387 981
505 345
880 72
753 64
740 642
44 401
854 25
878 980
83 33
912 796
525 108
345 814
874 790
625 395
781 679
549 459
129 269
995 897
595 829
421 437
512 435
141 153
587 591
547 255
881 710
676 343
690 972
297 145
634 913
271 532
96 643
311 633
863 691
838 871
420 933
185 286
568 579
127 139
82 670
529 117
70 937
396 570
140 461
94 958
830 145
108 226
177 773
767 566
739 359
344 165
829 110
735 776
231 808
430 188
577 821
652 146
665 349
915 560
649 691
257 865
476 504
990 510
161 746
171 444
957 215
337 197
123 545
945 464
575 611
787 913
545 550
178 656
656 385
53 493
372 698
394 368
664 637
57 681
643 321
351 952
861 999
821 172
509 876
456 655
614 6
148 869
118 457
224 330
813 717
806 152
457 524
324 637
378 735
124 159
788 781
13 33
317 925
989 466
393 821
478 69
912 421
921 780
877 33
477 9
610 619
330 520
4 390
116 291
96 595
354 665
569 326
178 493
408 361
900 398
287 269
452 830
865 948
140 916
784 315
82 992
169 171
713 841
267 947
640 11
298 413
998 432
760 139
450 730
529 110
920 278
662 807
871 753
966 555
467 355
435 899
391 286
828 888
570 980
555 315
460 349
794 487
14 44
720 507
542 691
857 773
473 561
322 252
439 421
18 181
551 646
30 135
791 680
267 555
23 305
138 276
789 502
408 988
737 248
767 774
189 590
285 309
163 432
983 411
339 873
331 465
551 163
464 403
36 143
991 760
465 666
448 881
369 603
272 959
59 871
785 155
929 526
40 776
208 232
218 557
242 811
703 620
245 449
251 556
441 455
258 776
804 312
701 510
779 852
778 324
38 404
423 929
826 198
77 124
457 72
116 639
475 607
253 347
944 432
396 256
927 227
908 889
56 690
743 400
978 569
96 142
113 25
484 38
948 950
859 971
876 145
62 622
845 874
883 873
371 591
635 676
391 467
933 535
717 761
181 325
705 160
408 269
187 541
697 70
301 601
948 880
277 54
865 568
164 627
57 686
278 659
805 858
742 76
989 577
132 322
705 648
439 179
236 159
30 197
622 326
335 847
604 94
896 753
939 7
35 369
833 576
989 782
341 228
107 228
426 311
135 493
560 17
799 106
748 12
530 60
569 264
854 554
218 980
336 219
235 795
857 205
714 83
85 630
801 348
540 936
970 365
644 71
674 250
933 993
950 691
350 107
5 889
657 913
578 434
515 747
560 549
309 219
3 749
805 896
907 382
333 331
378 576
299 890
607 567
476 561
279 144
337 942
436 774
69 582
818 979
612 241
449 914
52 151
95 958
902 343
26 605
649 909
160 308
126 991
928 142
465 225
177 642
700 800
346 182
26 148
171 244
952 424
418 193
533 740
879 685
552 560
144 955
502 399
480 877
940 834
767 731
117 821
695 568
882 791
271 21
9 181
449 229
421 895
958 899
445 257
352 475
83 279
890 698
399 722
742 802
510 753
545 88
605 231
932 719
92 185
444 970
256 219
633 900
141 1000
745 937
575 526
201 359
897 423
358 630
929 268
481 879
561 434
668 548
794 511
959 981
245 7
349 219
279 558
241 616
226 180
775 677
281 205
545 223
697 188
757 206
840 932
545 746
303 276
119 701
433 839
576 633
53 945
752 744
679 614
746 596
936 102
46 244
44 819
650 803
746 118
710 462
444 622
296 568
836 943
115 448
467 725
522 710
397 569
534 677
890 221
917 700
976 236
37 869
611 758
991 844
762 491
394 849
80 954
614 535
422 614
300 501
600 847
244 201
742 65
706 464
938 992
140 201
228 550
516 718
126 422
64 999
401 625
740 587
674 282
349 439
554 356
883 655
994 917
717 297
279 339
187 67
455 771
826 738
529 23
88 538
674 732
75 593
10 202
405 942
939 18
242 615
907 1000
859 746
307 821
1 570
711 452
551 834
545 698
889 476
671 569
461 795
616 528
366 291
202 905
415 932
738 573
444 488
115 109
675 48
53 483
257 867
506 949
903 439
302 745
59 262
945 477
638 751
248 397
745 928
486 869
488 349
301 26
906 899
358 987
708 865
120 653
238 266
190 2
37 602
3 251
788 94
47 55
5 402
125 580
340 684
669 269
149 150
381 644
908 250
593 779
577 72
700 19
866 513
383 31
370 467
763 960
61 414
144 904
944 629
381 725
842 379
395 979
201 95
518 966
823 503
87 579
325 494
297 579
488 511
976 307
230 345
625 451
679 525
174 354
503 307
225 562
170 990
407 622
148 813
186 646
224 139
25 597
664 645
873 416
376 589
77 129
771 909
713 237
826 111
984 315
124 561
957 559
453 337
150 615
179 200
574 719
650 796
174 600
576 286
482 241
16 739
807 99
379 875
489 189
175 175
891 879
86 592
296 129
556 333
477 122
775 718
54 982
808 14
423 672
954 423
915 749
295 918
236 798
235 343
615 57
45 536
317 145
779 268
529 809
429 264
256 51
949 456
659 316
6 391
688 510
674 382
304 628
891 759
997 116
61 91
365 215
922 475
223 43
532 808
759 786
712 294
126 528
8 445
723 47
891 385
932 138
656 552
581 487
789 710
85 759
238 217
101 14
672 383
893 239
553 10
345 122
557 95
206 427
424 590
697 246
390 990
773 229
878 501
242 700
963 54
731 347
540 587
237 820
835 102
902 505
628 988
395 890
810 761
210 868
87 839
177 295
898 795
81 833
409 789
252 32
317 355
629 344
280 652
535 690
612 467
532 836
137 306
518 205
919 775
644 666
757 753
831 360
399 998
84 759
557 113
55 984
833 859
986 395
949 543
970 985
573 347
407 279
297 499
784 110
671 87
910 285
68 579
181 916
875 618
668 518
131 43
559 387
674 496
469 952
866 176
326 837
462 735
94 287
691 858
342 609
438 330
762 477
819 489
704 968
387 532
799 786
913 172
493 652
187 865
104 583
391 343
253 637
475 677
110 774
277 675
546 396
18 806
354 2
634 814
7 784
11 187
604 87
29 46
943 292
841 232
197 674
934 135
695 685
186 925
262 570
906 698
346 127
630 281
457 91
4 998
397 403
839 334
383 275
518 39
590 289
772 175
730 155
602 965
421 50
655 158
583 500
623 664
237 236
763 259
987 223
748 954
741 976
443 462
885 300
476 978
446 908
356 233
902 192
313 245
479 345
463 109
161 840
185 923
882 722
173 375
631 188
61 305
938 931
444 844
377 481
843 710
980 197
284 470
820 511
653 940
447 404
596 648
984 770
778 580
675 35
166 441
661 989
708 371
130 802
264 100
443 150
344 244
227 711
24 873
330 588
531 924
370 629
733 503
578 729
493 176
668 856
813 159
913 746
746 345
66 165
873 429
375 914
733 947
665 956
562 533
127 100
929 422
154 228
143 489
857 848
146 96
790 896
275 568
188 652
159 400
895 899
717 879
107 891
21 967
455 672
93 184
316 996
736 477
513 407
460 973
853 423
532 314
506 176
521 197
482 140
840 647
597 616
333 966
724 748
771 24
598 560
786 324
661 788
239 633
38 851
230 295
156 889
818 28
208 982
210 652
859 620
215 874
54 295
402 470
705 290
338 162
47 708
735 865
537 754
861 280
262 978
1000 721
146 257
263 946
73 59
927 966
284 707
714 739
432 78
93 827
818 369
660 99
486 345
113 74
654 77
5 747
568 424
873 397
245 523
213 224
178 182
512 723
420 522
873 914
804 702
586 415
68 735
453 551
831 711
900 249
772 116
72 512
354 249
783 363
99 536
155 644
837 519
997 412
2 265
871 778
379 960
928 827
287 128
774 302
401 298
851 750
162 329
154 659
214 1000
517 450
189 326
343 114
40 216
101 280
702 19
955 773
837 884
999 982
213 653
628 293
517 520
781 281
227 468
266 499
625 729
813 686
169 20
496 595
639 914
384 201
110 42
569 87
196 483
33 185
464 487
184 609
575 355
238 48
209 641
667 173
96 434
63 725
461 965
231 171
746 951
739 418
759 395
29 472
96 574
738 14
122 755
583 534
202 811
625 953
257 696
486 728
94 480
821 479
75 450
457 86
503 204
318 915
122 675
38 121
421 193
206 909
28 567
692 396
736 580
575 101
531 86
396 249
910 312
162 362
546 468
976 586
14 91
663 328
290 338
862 362
898 99
326 2
252 187
686 235
485 169
506 195
806 595
99 61
734 317
577 33
385 833
307 174
451 494
854 659
433 367
693 692
964 365
506 392
779 593
422 393
545 708
843 879
779 627
102 490
73 730
464 276
493 298
668 281
839 261
160 83
115 276
969 424
930 288
660 920
908 227
717 953
373 212
37 585
757 252
981 279
753 366
430 432
961 66
366 706
652 781
105 162
963 476
36 870
978 113
343 170
255 462
458 736
504 912
767 4
327 277
337 761
257 880
736 192
328 418
958 933
445 331
221 302
849 255
152 683
30 31
214 117
665 562
701 276
132 108
125 82
534 219
273 571
609 57
668 227
22 215
785 344
406 350
40 712
990 351
810 766
182 116
939 20
306 718
322 959
30 943
926 901
622 680
652 54
214 366
766 888
528 412
152 658
504 756
507 432
149 429
186 288
248 353
917 27
928 870
91 542
556 380
452 832
848 176
239 446
54 19
518 361
298 715
189 959
876 783
37 201
184 199
588 541
168 326
928 239
602 308
880 118
617 793
480 465
799 107
761 531
426 730
638 126
678 378
34 57
605 517
181 568
259 72
130 920
334 508
174 722
439 295
462 267
977 298
42 191
637 372
557 123
715 595
791 392
952 505
834 92
54 313
345 682
341 962
816 494
593 287
40 824
670 151
510 568
378 682
316 487
23 774
837 712
686 771
400 35
213 911
817 563
707 280
946 761
466 537
101 262
218 864
15 606
734 114
433 387
273 54
161 969
363 663
23 126
442 496
683 462
876 797
375 201
612 28
934 266
632 986
533 101
88 793
318 45
849 809
964 496
175 661
236 320
464 986
22 378
288 944
687 81
633 411
309 599
560 114
189 768
642 495
785 561
746 575
777 345
647 542
138 242
224 599
188 789
238 119
798 408
604 808
967 309
671 410
642 451
410 744
708 31
831 680
151 46
458 829
697 717
105 336
890 33
74 113
720 889
610 719
278 537
600 448
336 313
190 119
5 712
404 7
248 355
924 924
912 769
412 363
29 135
124 667
825 285
144 788
953 140
320 647
291 962
60 822
310 91
364 415
404 359
697 756
515 622
903 53
401 885
813 453
601 28
738 169
260 1000
719 523
95 3
95 885
987 359
212 342
789 281
522 139
272 138
788 769
142 472
911 784
317 349
747 138
318 223
879 748
248 798
581 686
291 3
971 338
610 938
940 730
43 677
309 89
658 983
838 824
110 601
80 910
361 786
345 751
439 908
951 276
42 185
918 669
239 153
498 348
66 528
236 815
215 663
443 44
824 567
726 433
865 299
996 561
192 751
457 965
645 339
2 366
536 968
380 540
383 587
143 28
837 224
923 926
289 342
363 913
48 392
505 348
666 421
894 719
261 903
152 804
952 738
698 748
169 612
701 520
500 111
932 316
959 118
351 271
203 95
471 952
838 74
423 35
526 784
597 607
282 723
519 867
499 595
280 19
482 47
853 880
46 110
319 312
299 224
665 694
84 613
242 78
424 282
870 269
704 390
634 194
508 963
586 546
680 936
4 116
757 113
37 136
744 421
395 445
775 544
315 986
749 82
212 994
748 766
720 305
613 586
590 767
145 190
549 468
807 123
595 468
895 370
900 313
948 128
43 712
251 836
202 579
105 955
250 469
324 841
441 219
663 500
96 983
424 724
105 464
726 918
990 327
920 209
981 248
588 474
101 305
952 856
207 268
898 230
356 932
546 154
71 704
558 826
790 219
31 559
635 616
19 525
522 975
218 392
81 764
886 665
451 706
105 277
723 111
881 964
395 625
898 656
658 236
260 846
638 165
138 184
550 296
459 364
897 341
431 833
634 811
788 145
137 296
47 833
580 696
843 781
331 558
410 438
919 323
182 230
36 672
43 620
392 713
182 25
325 523
89 859
603 853
985 762
235 709
176 762
415 4
305 915
598 991
532 59
409 722
488 685
276 90
583 522
980 816
652 318
105 571
565 522
859 191
626 288
747 885
186 490
95 186
923 520
570 416
155 183
201 397
687 223
377 390
791 671
16 613
847 217
717 271
95 539
644 566
141 510
244 308
201 781
219 868
385 443
556 421
174 991
558 438
690 966
581 876
105 707
106 610
815 169
386 484
166 43
749 677
28 609
130 195
544 952
873 506
146 210
229 912
667 777
65 294
488 336
143 931
906 240
925 697
727 716
646 253
958 332
567 350
875 38
443 82
257 217
253 572
631 716
493 725
532 785
863 362
698 793
31 345
24 822
428 854
545 412
500 634
947 145
697 792
434 428
340 865
411 219
229 406
740 962
686 154
735 12
864 744
715 304
270 487
87 171
558 412
280 735
779 55
496 797
695 392
798 159
963 711
509 931
970 645
56 670
329 17
764 978
606 376
137 310
182 638
358 872
339 544
764 101
564 449
992 836
952 874
937 687
230 553
796 747
552 142
655 239
690 334
763 544
969 939
702 114
588 949
47 803
256 601
227 858
439 790
390 61
728 501
278 426
470 546
721 386
727 979
827 400
549 372
964 132
627 984
158 341
813 765
517 470
549 706
713 225
741 499
63 111
935 948
892 405
156 803
881 716
27 885
591 118
368 254
199 405
166 999
922 630
863 160
600 879
393 365
359 8
490 884
509 224
422 530
197 400
834 983
812 205
795 571
891 550
828 250
618 316
543 251
269 609
594 374
519 433
61 505
558 407
960 532
242 812
14 926
357 102
539 215
308 829
947 114
482 932
204 838
611 790
443 281
554 188
3 895
517 889
671 244
135 110
415 268
894 123
845 254
462 7
440 301
121 959
546 386
22 372
628 252
907 958
636 555
286 292
899 18
306 400
639 877
694 532
721 846
87 741
428 953
531 526
7 611
577 79
400 837
940 502
8 697
343 699
558 535
146 685
223 373
573 597
441 835
952 72
889 632
993 708
556 760
104 529
999 432
408 145
822 776
996 335
510 360
742 135
967 751
174 587
581 158
828 826
276 222
118 596
783 700
198 120
785 474
394 98
424 716
216 545
106 619
743 361
439 460
25 950
450 150
54 845
601 282
70 314
880 539
693 642
169 386
399 60
202 707
673 631
225 139
548 328
154 731
117 454
280 77
229 670
673 156
124 330
367 798
355 982
257 718
992 322
142 31
578 8
957 988
833 549
374 725
882 950
528 52
835 937
474 485
496 755
9 283
747 720
181 547
503 541
871 385
772 7
971 916
857 345
93 240
301 704
868 197
324 727
987 50
747 176
150 788
162 775
345 858
422 812
274 257
255 321
211 541
180 514
253 388
649 87
120 439
446 43
144 321
964 273
566 840
338 27
134 862
419 749
475 799
646 832
582 372
860 796
408 378
426 51
816 382
479 349
630 647
614 657
447 623
332 526
540 505
259 356
527 47
504 15
618 273
605 287
826 71
463 262
22 896
233 125
907 99
323 191
799 816
958 783
110 144
699 755
572 82
398 848
211 493
340 361
671 316
732 680
683 85
667 726
455 569
897 888
532 634
607 304
697 253
591 469
284 730
63 938
478 54
114 672
109 445
190 176
130 415
476 675
369 450
467 401
862 624
565 468
402 344
404 30
865 359
846 207
693 852
319 294
389 861
88 14
352 979
522 423
62 310
592 389
131 681
820 122
675 1000
439 343
847 892
597 736
786 694
147 827
813 633
580 276
555 351
151 260
244 965
225 166
567 557
17 282
503 410
931 629
495 796
969 34
415 155
124 599
412 141
299 628
676 361
116 720
450 461
545 605
241 699
154 955
188 451
106 460
66 650
744 840
984 335
304 456
605 75
8 307
304 268
56 695
330 571
742 185
987 59
415 214
878 271
470 328
223 939
746 151
243 974
417 430
224 475
182 961
878 862
280 916
789 685
297 434
762 15
597 264
604 176
985 856
494 526
43 854
82 52
423 160
388 164
647 568
912 639
828 480
663 172
877 553
707 383
99 645
537 299
464 287
388 816
627 61
848 169
848 32
150 22
452 200
643 469
928 81
620 26
673 363
388 694
405 963
963 471
593 510
596 830
205 701
812 203
685 321
544 902
238 476
112 318
317 971
913 389
679 199
268 307
863 81
509 494
158 540
509 498
380 109
431 363
23 118
82 802
561 215
88 583
850 195
189 445
85 534
691 688
8 706
741 785
534 261
532 242
867 722
691 17
209 677
202 108
154 439
159 623
464 127
14 482
729 804
463 337
106 943
933 341
465 918
334 17
864 683
838 953
842 745
487 185
899 191
808 187
817 243
887 636
276 393
845 369
273 584
754 160
262 933
928 308
8 178
536 920
597 415
839 960
325 636
148 517
117 91
932 870
348 795
388 741
999 822
256 692
996 889
471 952
325 26
860 488
812 272
995 183
620 507
280 563
59 715
721 952
910 324
80 467
150 232
488 345
83 537
201 23
983 696
454 785
680 248
633 705
626 974
494 582
301 912
945 360
707 422
426 514
550 749
983 608
214 78
986 989
899 404
772 559
333 700
843 970
212 242
280 744
634 42
255 324
877 437
20 612
906 346
940 726
878 866
886 363
29 29
147 811
448 184
599 401
529 662
371 890
201 465
589 551
574 658
77 544
584 558
479 228
353 403
604 544
589 398
418 478
320 239
793 255
27 67
533 730
360 388
834 155
266 654
574 508
212 140
94 302
87 979
533 280
618 508
469 781
813 115
466 451
747 80
114 5
759 307
904 495
853 101
152 25
117 617
470 218
804 528
4 390
120 468
966 607
891 25
356 897
79 271
475 972
704 951
171 612
534 146
907 680
771 244
684 778
799 491
158 54
52 906
551 82
427 340
76 31
889 975
871 229
798 261
32 374
970 181
99 555
700 651
19 122
849 322
149 20
996 500
183 696
851 180
809 681
939 393
339 216
357 947
248 265
101 766
903 719
291 872
765 626
881 895
26 91
36 672
87 278
401 630
479 77
598 8
992 107
30 877
53 961
154 940
75 469
156 736
905 204
84 120
402 261
621 348
160 165
4 252
216 392
888 932
243 146
773 773
233 284
924 827
311 407
730 340
945 893
245 778
841 123
209 135
611 953
816 901
606 634
602 300
180 350
158 992
855 317
373 486
857 739
737 884
980 169
603 755
671 123
73 91
615 474
284 400
634 283
425 527
894 608
271 867
310 439
264 707
923 186
606 838
603 249
377 945
706 513
694 300
167 34
709 724
471 370
859 154
798 530
858 613
62 332
48 470
562 304
150 280
918 325
341 86
620 568
613 789
826 965
183 226
237 743
598 288
31 748
830 34
337 289
136 479
182 196
453 574
717 477
117 486
930 140
684 416
468 493
14 386
753 412
302 545
749 408
275 393
41 720
416 707
208 459
383 751
251 395
212 185
645 592
913 634
124 760
891 547
424 674
105 520
171 865
530 877
179 141
802 579
881 417
670 401
190 129
205 580
722 359
450 227
696 658
719 718
536 347
113 508
276 876
87 604
752 278
912 934
27 600
659 791
490 562
561 683
32 454
184 65
939 816
859 482
479 676
647 148
566 694
434 708
510 327
301 677
386 340
172 608
588 288
125 594
880 243
422 817
60 833
211 703
408 303
536 953
51 698
533 111
627 214
318 911
508 400
18 834
934 210
53 779
948 47
385 9
109 706
271 518
327 687
221 539
628 254
567 727
332 958
863 912
767 760
702 552
2 466
294 269
312 165
257 489
22 938
122 859
102 236
603 374
348 742
68 767
253 236
469 896
479 618
462 495
716 605
185 656
659 688
285 962
781 798
115 552
286 306
739 712
565 18
31 772
575 344
262 660
569 160
506 931
278 392
765 821
107 932
746 370
658 562
842 577
953 412
626 658
308 933
618 318
39 937
771 511
441 77
687 779
86 771
292 869
563 673
171 842
891 88
764 837
513 804
581 147
875 34
592 320
823 703
152 791
702 651
741 453
935 391
671 203
709 40
680 224
841 206
237 413
652 671
438 19
574 516
3 954
764 35
733 139
156 182
667 376
122 98
944 555
126 380
124 803
847 556
575 81
803 619
40 751
36 487
694 886
203 201
601 332
362 107
844 313
999 904
39 247
469 294
238 912
233 894
777 987
273 846
612 500
455 710
480 31
922 910
214 685
695 574
101 255
337 185
925 805
464 980
364 445
23 479
46 738
13 64
259 147
74 519
872 143
316 680
783 877
198 189
634 555
835 687
151 908
958 321
209 728
69 969
593 39
18 551
325 252
535 894
867 936
541 396
563 939
458 299
765 65
278 77
604 944
990 341
829 741
606 72
267 298
106 250
361 670
696 464
800 920
407 572
414 19
955 692
958 84
804 694
583 258
817 547
266 175
343 919
832 441
561 877
680 918
737 534
27 613
6 978
526 564
858 656
647 269
2 823
673 633
241 494
942 805
477 108
179 301
133 202
564 724
460 484
563 886
792 450
753 276
50 601
963 57
779 557
615 746
908 298
165 743
221 423
98 644
746 117
136 555
941 225
605 664
385 941
880 864
874 257
840 229
229 89
905 792
185 619
791 512
919 756
706 706
575 797
436 800
639 960
60 835
248 459
849 121
437 458
751 212
799 689
656 173
646 956
406 79
659 584
850 7
94 801
668 477
871 902
97 7
24 916
241 883
328 282
938 976
499 847
127 553
990 340
118 810
961 156
41 125
607 477
526 644
678 206
839 556
515 364
427 340
779 331
926 507
31 514
204 370
302 665
819 990
295 79
315 234
739 368
220 701
810 602
513 830
871 841
255 643
420 209
39 595
125 155
258 256
101 764
196 352
901 51
759 627
306 284
819 446
429 91
443 454
222 696
129 102
214 670
935 998
779 311
359 250
367 489
871 346
720 778
720 26
621 144
133 50
120 550
328 645
992 27
26 264
227 364
630 938
405 836
988 293
231 685
411 518
157 207
684 500
737 72
162 396
621 717
755 110
568 274
732 344
718 730
150 257
247 732
968 653
640 177
837 531
201 501
124 332
962 662
594 165
78 906
628 352
191 869
503 469
175 488
672 912
996 53
393 159
551 583
927 518
111 169
595 376
117 732
856 271
451 627
225 715
604 833
846 218
471 570
616 827
103 556
895 260
70 448
41 458
774 318
517 779
585 403
746 812
970 367
296 166
453 870
366 662
965 749
922 387
882 682
475 438
721 448
603 785
454 116
953 329
765 742
266 171
488 928
72 691
541 313
924 797
853 96
984 229
327 456
702 846
730 766
713 317
845 576
956 23
137 555
884 260
725 973
815 684
445 358
718 296
611 238
806 751
648 133
948 605
969 390
994 521
231 815
429 547
551 610
896 291
118 547
527 123
476 114
612 67
973 316
562 971
538 172
130 855
466 109
478 628
254 983
595 335
994 503
149 246
746 322
395 128
147 590
202 930
435 161
651 136
409 407
551 604
808 844
480 200
399 385
750 307
631 672
412 419
680 160
166 474
371 165
128 811
873 198
692 372
534 917
250 482
140 250
968 680
242 172
604 939
280 854
548 283
506 181
521 247
353 295
646 819
1 790
743 774
604 668
675 886
653 52
15 947
173 971
65 724
479 303
62 915
98 605
474 678
438 93
626 946
845 13
596 243
927 653
2 786
590 148
584 847
651 687
920 501
173 465
15 904
152 486
284 500
826 188
680 402
628 900
675 142
578 583
683 437
688 813
888 762
993 535
510 379
455 674
54 424
562 473
618 899
669 364
221 978
21 991
50 282
79 638
249 240
312 968
446 694
825 427
359 913
3 653
25 123
72 784
402 571
262 517
307 542
36 359
515 870
176 932
835 943
26 895
153 900
662 67
52 181
579 114
57 436
454 816
860 485
479 567
602 133
164 89
229 356
176 86
658 330
516 16
843 779
202 272
158 920
758 541
574 985
696 119
647 452
533 819
377 191
433 720
128 73
12 111
925 879
8 493
627 185
652 597
207 111
525 528
362 367
787 131
997 313
847 463
468 849
466 668
472 611
923 481
794 688
645 662
554 415
310 47
80 719
316 43
176 226
668 934
640 49
229 771
975 1
312 28
16 926
78 331
581 694
508 695
885 753
662 773
660 204
941 295
377 37
611 726
617 661
737 834
185 290
350 673
797 400
248 347
831 640
172 477
155 823
209 984
489 51
835 765
671 620
611 347
84 500
591 541
700 922
853 548
542 679
651 885
656 540
858 929
420 141
311 331
644 442
44 958
42 961
375 680
633 894
870 492
717 865
523 388
230 667
144 23
658 712
925 996
45 934
41 946
536 491
780 565
881 173
418 961
414 656
696 153
975 205
472 53
46 524
682 326
535 781
165 785
498 706
914 913
355 617
567 513
782 650
249 536
133 862
185 684
779 883
593 944
304 284
924 184
341 641
108 786
872 366
602 838
312 486
284 396
268 943
273 86
38 828
674 497
836 888
837 288
647 758
230 53
868 364
619 425
85 53
356 621
512 921
570 355
329 603
505 274
121 31
701 495
786 258
524 221
327 520
880 659
602 555
45 524
870 512
980 335
166 239
682 632
796 607
314 740
432 177
671 213
140 61
601 799
706 360
948 302
202 440
301 722
863 705
916 438
219 400
669 778
393 661
90 425
587 440
500 161
360 533
312 429
191 724
982 151
441 940
685 162
443 277
506 105
791 345
992 709
470 136
864 775
222 408
30 373
859 91
539 164
651 557
42 652
726 320
521 451
73 908
995 973
261 288
771 173
548 720
100 989
189 887
980 999
164 859
919 624
539 747
71 358
424 570
603 717
232 766
908 702
604 977
488 829
911 172
340 543
183 639
323 231
906 167
4 950
157 509
233 145
656 197
325 364
708 153
416 113
542 583
561 547
483 530
943 330
312 671
819 111
428 570
87 506
434 949
615 331
276 917
246 421
244 841
143 744
931 5
192 177
437 325
750 943
574 368
852 846
392 390
887 220
968 797
32 133
983 534
132 560
649 954
460 563
64 892
670 388
97 68
975 951
886 80
99 285
383 78
998 546
471 239
794 896
672 271
619 158
506 953
911 999
260 302
578 594
238 236
356 907
440 812
428 937
473 623
400 603
527 194
852 402
311 117
386 962
409 867
905 819
345 381
958 321
228 113
575 9
24 815
480 954
366 38
583 274
413 96
22 275
526 468
188 609
290 887
779 279
936 926
164 142
569 487
200 247
531 135
580 203
972 235
612 409
211 420
709 552
250 702
459 363
139 507
109 444
11 211
519 396
862 870
657 369
274 673
187 270
879 27
355 760
143 867
80 939
402 220
897 173
868 195
619 970
440 632
76 144
218 287
512 150
694 498
590 884
54 463
461 219
385 236
131 522
993 49
808 386
891 15
521 687
976 631
415 746
808 197
105 481
938 740
507 545
195 741
949 674
924 912
651 178
248 772
449 683
452 16
24 339
11 970
601 411
931 230
172 147
160 721
29 600
115 491
212 180
600 860
939 296
809 64
728 229
83 728
965 614
79 503
982 413
902 88
311 157
551 742
440 752
412 648
597 777
699 287
982 244
966 17
767 821
747 796
770 124
792 621
270 630
305 432
268 186
549 156
900 347
45 775
183 209
57 496
668 188
806 724
754 16
328 101
622 398
497 321
559 870
343 958
692 346
963 133
278 69
189 319
337 267
587 253
708 662
893 140
945 213
777 577
200 472
379 54
617 895
43 441
391 89
670 923
536 423
574 266
466 434
900 640
768 397
768 135
297 697
590 91
473 881
319 987
90 157
562 80
897 988
657 327
310 181
72 803
145 566
873 838
732 911
814 951
848 522
689 340
417 147
958 32
233 232
267 261
658 367
250 788
888 712
341 416
517 951
553 635
67 1
759 883
462 589
682 125
633 730
403 169
905 924
198 607
922 287
179 669
90 424
397 448
307 519
297 6
123 494
667 725
164 810
829 539
234 811
697 529
6 698
378 82
591 864
829 307
294 256
59 574
176 266
378 640
478 365
914 522
579 57
111 564
386 983
727 457
834 859
552 159
223 677
982 606
358 52
58 144
841 459
296 86
278 333
513 367
962 960
948 773
136 264
414 777
723 623
416 241
714 890
101 148
282 365
218 89
142 601
58 995
629 147
466 154
282 316
833 73
221 989
562 686
412 123
124 911
268 515
582 798
485 81
309 389
442 852
345 285
537 990
389 203
263 648
843 837
771 309
36 952
496 964
286 691
699 213
143 529
532 579
13 972
276 203
622 669
748 884
288 217
752 900
666 891
372 443
782 380
250 349
415 134
24 287
571 913
964 149
869 964
351 817
553 20
462 669
50 113
423 376
516 848
923 678
26 988
864 784
180 333
639 751
304 466
334 544
267 260
804 709
543 780
559 735
399 84
763 752
396 211
334 391
145 633
817 868
260 620
465 27
662 3
118 535
632 367
737 367
953 179
792 783
251 512
647 354
273 328
296 664
241 792
532 70
16 463
267 527
731 974
580 92
928 328
994 708
747 638
334 199
832 555
224 256
846 520
270 475
233 179
327 740
769 353
870 216
491 230
437 50
25 369
841 951
493 617
523 691
402 924
73 822
761 119
632 781
79 986
892 174
8 206
927 464
643 191
446 413
175 901
955 569
658 306
269 409
100 790
425 873
439 60
102 898
975 365
306 984
926 789
870 998
316 224
200 366
117 316
450 199
302 25
593 86
380 845
467 127
508 420
775 947
619 546
518 63
320 889
692 874
558 386
894 138
895 803
628 616
942 242
598 933
151 623
239 769
999 995
311 174
975 667
643 997
367 390
144 7
529 445
702 358
509 7
997 823
97 410
901 587
483 90
439 455
644 889
401 417
821 220
133 714
73 147
429 854
982 238
429 157
242 617
464 435
474 372
337 268
376 857
929 392
892 909
212 2
513 696
893 396
256 27
173 707
301 458
356 125
406 609
259 996
179 746
916 35
263 658
487 461
356 610
797 228
400 1000
308 298
506 90
410 470
481 249
149 792
850 421
586 565
210 982
919 673
38 370
270 571
371 984
294 510
301 158
39 276
243 982
465 383
547 647
300 649
239 723
417 938
604 485
113 76
136 490
509 425
635 851
233 710
536 10
138 290
616 693
321 517
208 769
708 970
251 297
12 484
753 223
618 734
973 369
622 575
19 363
676 991
658 798
272 251
8 306
826 278
662 399
676 286
406 636
166 115
640 955
55 884
15 987
611 552
473 894
675 648
895 857
483 357
168 409
880 566
209 357
898 743
755 220
188 606
972 224
853 810
790 569
221 479
4 444
974 569
128 730
152 451
150 516
880 435
378 444
942 178
559 762
7 894
547 380
275 300
716 532
421 80
475 632
805 607
492 844
4 891
956 695
825 198
492 762
807 396
415 542
90 487
359 148
609 587
450 962
145 781
669 760
882 383
459 124
654 677
802 253
311 456
470 229
993 514
384 892
17 424
651 527
643 581
605 42
701 702
607 973
880 962
398 146
168 415
51 400
514 120
629 248
33 500
655 793
57 257
710 467
767 779
942 665
423 571
585 352
771 820
386 840
674 796
861 326
505 331
711 995
583 130
877 54
785 559
164 888
368 729
409 188
501 865
915 699
483 432
859 134
396 1
853 379
292 303
655 146
935 500
552 822
200 814
476 439
697 338
658 144
532 507
651 386
101 900
285 827
751 779
366 71
585 866
943 113
203 503
776 667
956 942
554 569
463 418
205 408
277 916
573 976
269 716
170 845
784 335
3 931
619 287
503 60
520 776
357 716
245 320
323 95
657 394
259 354
544 86
646 852
507 637
402 357
925 376
547 830
634 261
391 116
388 759
306 944
365 297
490 965
663 335
335 124
802 871
999 715
173 446
779 920
628 853
544 665
832 702
650 178
680 988
836 902
648 980
223 507
130 653
527 904
379 527
114 284
413 574
632 142
395 806
984 387
288 52
637 801
628 409
293 188
612 569
404 205
651 308
663 455
897 44
776 278
550 635
870 768
91 327
472 587
236 354
397 508
945 817
331 942
805 509
530 480
460 450
246 883
593 581
530 14
886 64
771 874
11 616
994 677
224 79
343 18
238 908
232 720
690 582
310 955
366 670
236 470
999 197
309 274
501 699
357 755
121 938
779 734
137 657
140 506
389 559
86 792
935 818
715 14
163 805
879 150
587 695
970 30
651 852
535 550
279 568
394 847
187 15
681 530
716 779
854 218
856 955
775 353
726 789
914 861
887 496
501 88
749 330
559 513
106 448
107 685
341 327
895 471
613 758
143 76
428 849
991 90
195 514
111 552
960 861
815 410
604 579
585 539
566 489
676 494
515 733
603 984
185 569
333 118
787 65
135 926
971 460
464 829
630 551
323 854
655 959
392 762
90 219
97 864
93 938
108 582
729 105
725 297
801 17
769 926
16 732
983 638
578 864
138 432
687 508
335 495
847 513
387 676
629 429
982 235
569 378
639 268
325 433
973 505
747 193
143 501
253 268
274 707
433 707
145 602
441 433
526 723
349 68
344 500
912 247
528 731
191 43
434 267
895 537
244 228
23 729
13 241
203 39
892 932
322 542
130 607
841 363
801 332
34 892
124 528
523 406
725 528
944 962
482 845
847 356
641 609
102 745
338 114
687 483
359 280
256 369
305 767
733 873
148 642
730 958
155 783
202 95
53 907
515 774
843 672
793 205
510 685
323 400
178 298
629 979
801 669
848 75
871 230
566 243
857 734
465 860
659 821
382 220
832 202
326 552
39 537
96 411
280 764
73 969
478 932
528 686
815 734
366 646
353 905
789 849
628 872
718 436
282 67
846 952
451 798
63 337
185 409
144 874
303 218
794 862
896 992
675 575
190 533
173 499
259 551
330 350
545 116
208 501
801 933
303 606
907 222
506 541
500 671
919 363
821 408
973 727
68 743
360 3
561 636
889 502
875 80
800 840
193 77
931 327
631 497
28 31
21 654
90 613
931 232
397 402
180 7
69 422
756 341
290 569
394 864
643 194
729 456
95 737
449 34
874 186
540 946
4 450
194 795
516 339
951 804
872 501
6 685
955 63
80 917
162 256
308 676
291 677
117 467
67 132
134 616
817 946
798 137
846 650
2 94
33 380
818 106
978 822
814 45
229 835
90 603
154 513
42 675
567 386
532 786
556 585
406 263
79 312
601 604
735 682
826 881
34 358
682 840
332 35
451 400
990 936
481 342
730 671
99 656
899 778
306 384
34 762
585 137
726 435
882 77
706 555
483 897
271 502
73 280
381 635
730 29
242 221
128 993
661 922
832 379
229 695
691 298
492 837
890 43
907 576
255 176
818 951
594 597
869 294
984 735
739 694
516 606
185 701
996 93
565 681
999 294
144 622
328 282
160 623
203 292
973 160
729 680
187 678
825 930
374 638
366 561
896 351
935 665
336 7
150 624
486 440
488 375
386 270
465 950
502 152
964 229
428 242
821 660
816 929
228 738
459 522
730 847
687 3
105 255
756 531
902 95
402 195
274 870
97 89
1 102
216 82
593 111
215 517
964 492
253 558
355 562
766 308
617 799
190 191
904 337
610 173
493 908
25 828
617 16
410 630
327 604
465 610
941 360
389 684
469 810
706 336
492 112
229 223
689 269
360 133
398 157
355 438
983 848
28 393
880 558
534 477
431 310
857 304
687 613
573 772
789 537
297 774
217 495
845 789
352 454
24 640
357 384
716 994
66 485
492 573
9 417
863 223
227 121
323 130
972 652
825 237
755 985
413 972
760 86
157 678
399 303
176 215
256 167
566 963
143 32
724 323
212 528
659 621
220 302
595 192
457 327
706 248
301 901
24 167
948 780
497 226
598 167
49 147
935 659
426 314
248 847
92 759
618 657
382 433
488 744
982 122
318 871
378 339
707 825
637 269
768 454
988 439
932 686
748 695
453 640
854 842
118 517
85 573
514 910
835 578
280 241
92 932
59 236
172 922
866 104
457 963
743 400
862 497
888 462
994 442
121 325
676 598
292 794
428 652
139 976
533 485
291 94
358 433
548 187
715 879
621 78
478 855
423 526
398 76
230 714
573 155
703 483
66 622
709 995
122 82
926 736
950 48
286 129
207 521
434 855
818 731
304 52
70 391
576 574
103 448
844 766
807 239
743 680
979 882
879 739
735 910
870 624
592 964
646 184
770 697
824 107
923 608
886 402
726 635
818 661
452 667
740 509
767 22
672 334
202 836
65 944
501 391
238 811
642 361
96 653
668 121
584 320
343 135
53 288
956 514
416 288
979 676
923 719
501 914
397 861
867 714
813 78
448 183
471 897
145 925
395 637
978 430
417 973
98 768
295 870
28 677
650 997
910 917
583 787
464 603
437 904
640 986
947 663
194 950
729 405
995 597
314 593
258 424
636 457
32 631
244 280
796 268
701 237
260 889
121 490
236 948
275 238
225 722
691 64
91 624
740 711
671 583
2 811
112 67
344 317
650 806
600 940
437 176
656 639
854 113
784 839
344 957
414 383
591 91
708 267
140 225
762 615
710 546
207 730
725 939
743 326
546 720
424 831
599 797
400 817
584 667
28 254
693 797
193 69
946 72
674 645
862 205
687 147
51 769
270 466
98 656
46 950
254 902
485 892
167 13
238 719
323 280
888 278
293 936
60 417
576 516
232 744
626 90
520 510
782 872
715 242
907 203
251 256
554 217
570 867
852 719
569 236
4 778
775 465
273 718
629 225
471 238
378 886
281 98
341 965
725 167
350 886
249 457
329 450
301 723
982 735
311 24
415 123
178 262
790 364
579 444
458 689
627 331
839 148
405 481
502 345
585 55
137 963
146 732
656 968
796 744
375 495
282 551
113 820
66 660
14 830
361 550
216 305
608 533
362 680
121 306
539 113
789 243
7 101
941 889
999 837
29 664
986 512
884 920
530 204
239 379
821 350
130 271
1 673
826 550
943 959
763 115
372 983
682 973
195 654
326 444
152 750
770 582
404 600
642 238
832 382
855 359
435 373
238 391
977 40
680 570
897 11
726 114
862 719
880 79
939 419
202 943
503 981
294 634
848 993
956 5
669 995
574 556
247 933
533 504
684 430
772 61
487 325
668 310
676 437
116 987
947 891
786 669
282 6
302 326
662 12
218 820
176 888
263 665
916 468
159 570
936 143
9 765
926 516
913 762
637 263
474 168
862 268
399 267
289 574
91 589
902 559
400 662
972 313
613 499
223 175
580 262
318 694
846 351
497 634
506 325
301 326
430 602
796 997
420 362
11 180
812 80
418 510
44 79
727 546
13 272
41 349
603 593
597 328
739 949
87 730
859 294
656 322
18 896
830 29
141 406
815 584
392 98
614 639
575 819
119 186
843 890
318 336
256 776
274 575
733 657
647 740
211 828
943 103
168 712
843 897
726 43
210 593
675 814
299 837
376 232
265 167
765 829
439 764
553 207
539 46
57 783
540 729
728 760
104 502
746 459
612 188
969 388
990 266
129 415
502 355
362 718
240 966
913 727
557 476
383 130
70 96
294 923
550 631
44 34
750 121
639 892
259 767
973 551
628 524
377 479
199 751
889 536
753 637
353 581
620 895
578 334
262 202
774 31
959 800
814 576
564 566
703 508
424 771
437 550
595 818
576 685
726 82
197 524
841 166
220 343
182 327
168 828
52 884
693 882
478 255
731 79
551 33
481 423
903 690
314 477
874 495
832 743
9 795
833 590
428 92
133 54
95 510
339 964
180 652
81 646
400 217
806 439
212 892
891 653
334 8
551 63
348 833
28 85
968 312
53 261
851 881
864 633
377 446
295 59
878 197
423 223
385 784
111 966
753 401
579 119
552 181
679 493
74 6
706 749
518 273
298 629
487 249
909 79
759 70
113 54
894 436
105 927
997 487
91 431
417 998
809 665
295 520
848 225
263 496
883 785
420 909
737 824
739 491
710 954
652 835
539 759
758 76
225 428
979 991
891 4
933 316
868 708
828 360
207 893
508 455
911 488
907 163
61 999
341 382
913 428
651 596
828 636
786 979
318 322
625 325
896 527
870 990
769 592
985 320
680 630
165 750
108 713
921 45
508 667
474 480
600 750
531 367
551 941
590 525
126 790
877 852
332 211
117 381
175 281
134 384
284 853
861 477
69 298
819 713
388 612
786 518
40 768
60 101
409 26
408 865
809 114
47 753
462 352
908 220
50 267
227 213
837 755
549 867
322 575
961 192
511 81
28 419
862 274
335 232
44 376
100 155
996 824
358 924
764 303
354 730
616 191
56 765
373 798
608 7
709 743
773 709
779 111
383 598
764 64
111 419
211 440
622 167
604 873
695 909
876 110
464 879
626 597
151 312
572 687
800 220
324 760
30 199
270 457
628 257
723 384
424 622
148 888
811 22
227 630
698 592
115 213
873 572
86 70
11 28
642 212
987 567
213 728
514 571
747 10
377 454
229 11
363 355
871 460
751 251
631 53
629 634
909 335
737 192
842 784
195 480
271 313
170 117
435 394
237 251
601 672
138 956
534 681
166 490
178 185
704 841
259 891
290 986
402 716
247 126
255 80
186 855
670 43
587 938
704 34
818 638
90 274
780 512
410 792
384 761
387 127
156 824
301 77
46 340
362 704
333 753
349 424
550 919
278 389
686 126
945 979
849 6
729 348
862 258
874 283
173 754
901 339
155 780
719 180
686 153
453 349
286 79
879 326
577 174
414 392
992 249
796 262
109 892
788 233
273 197
577 454
669 246
905 630
587 281
239 432
883 118
57 965
343 24
933 977
568 33
591 427
195 995
652 869
162 677
66 633
791 152
255 6
33 661
115 85
799 772
22 828
635 376
444 10
351 873
172 958
47 880
416 222
158 435
895 800
66 999
600 10
615 912
482 490
554 204
350 128
254 353
36 421
356 394
230 272
492 185
498 928
992 150
782 828
9 970
56 149
176 631
463 47
468 883
554 53
117 379
911 558
191 27
175 140
233 568
504 705
887 741
679 440
217 153
907 349
633 525
924 949
175 758
400 734
994 266
924 613
323 850
912 138
994 45
890 304
275 294
124 929
103 340
378 298
411 34
297 743
427 993
220 384
735 19
459 770
77 866
494 869
104 240
598 350
659 280
479 453
956 726
722 305
835 488
725 689
2 582
423 144
677 424
321 605
282 231
812 585
167 254
918 187
722 876
218 438
75 371
192 887
167 404
166 814
335 167
479 789
726 368
100 346
303 669
228 11
700 750
920 210
830 126
127 53
69 281
821 151
450 95
199 360
330 85
370 523
291 697
20 979
196 807
413 803
186 281
716 578
758 699
560 539
992 442
785 727
303 427
427 595
662 893
716 408
941 487
632 697
264 676
867 694
360 454
703 718
740 671
579 561
753 95
206 695
62 805
353 31
160 304
22 551
682 338
892 67
375 910
130 874
172 453
363 569
305 333
887 900
375 654
916 274
614 713
859 204
334 607
344 893
593 930
569 575
686 610
291 353
27 951
195 124
471 699
87 513
626 379
444 826
386 351
631 322
625 426
430 444
196 80
376 392
805 674
680 820
144 326
430 304
363 392
48 91
6 622
474 240
38 45
249 802
959 775
526 526
618 489
135 845
868 714
716 522
461 731
514 485
107 315
307 961
639 369
112 823
568 296
261 232
674 497
835 74
674 15
940 39
868 481
807 157
370 367
673 233
424 614
602 647
530 658
564 858
671 689
313 536
980 453
344 149
910 587
512 342
186 321
710 777
452 245
676 486
685 324
962 271
354 50
683 678
903 504
346 269
334 635
610 285
736 68
802 923
954 889
931 314
604 896
369 58
377 336
810 460
69 920
948 256
467 76
796 347
1 359
839 293
455 821
344 125
335 449
256 473
578 546
397 386
544 808
168 277
848 823
392 453
427 443
134 195
488 352
726 656
309 928
652 203
809 820
688 78
514 283
423 980
456 546
930 289
846 18
362 168
147 336
398 899
254 775
583 108
632 891
592 822
953 632
401 533
58 25
346 163
149 213
833 777
101 239
505 306
10 276
139 903
845 12
934 857
884 374
19 797
197 493
37 332
911 198
469 67
332 29
602 811
778 698
666 785
427 611
268 325
140 140
155 391
70 807
764 667
53 916
527 677
584 442
127 862
850 544
722 172
684 404
112 167
120 134
471 271
406 546
201 325
10 698
698 81
903 309
407 982
125 636
927 768
968 317
855 600
698 595
744 792
623 816
964 375
693 532
306 302
515 355
971 695
522 190
817 637
522 891
889 264
146 202
450 407
158 461
116 554
662 517
342 261
634 16
705 351
762 980
349 93
15 443
63 535
933 207
173 611
709 507
201 627
753 523
873 238
268 759
838 91
596 329
209 516
666 217
351 326
832 807
526 563
451 332
533 582
399 72
695 649
75 909
164 891
624 596
740 303
841 560
843 227
524 650
78 439
451 886
232 327
217 378
334 758
941 394
930 710
17 188
769 142
931 844
547 664
258 115
189 273
20 23
182 837
52 723
613 186
199 313
543 135
184 278
243 179
688 576
24 75
770 740
489 205
705 718
117 950
205 775
965 42
852 693
394 586
983 769
333 968
141 647
74 937
46 13
137 510
366 394
25 731
41 225
481 692
452 941
817 564
700 896
499 841
629 266
406 586
351 43
334 64
587 840
574 288
267 502
502 238
442 697
146 810
271 934
178 461
981 811
252 485
219 704
207 426
586 549
855 936
938 840
82 399
760 894
752 921
453 633
52 183
310 317
939 818
180 706
121 236
818 505
148 253
483 140
757 487
28 230
417 253
801 989
397 446
813 751
909 418
302 298
324 194
21 570
225 834
891 295
909 664
310 510
293 893
308 998
640 953
414 684
580 623
887 147
968 317
326 284
937 200
67 339
395 26
898 259
555 734
15 275
690 122
915 523
416 473
499 370
508 365
797 9
280 286
312 653
293 975
137 164
843 306
578 490
996 756
216 804
125 519
969 917
547 393
447 246
80 154
201 79
209 457
237 650
906 199
178 587
21 41
182 493
249 663
419 724
333 593
404 985
976 82
733 43
433 640
730 901
131 770
719 508
608 26
319 585
506 623
314 711
743 236
811 600
302 360
257 875
259 929
905 879
491 533
225 978
816 293
920 478
277 98
473 180
724 629
212 769
42 701
164 959
712 930
586 419
44 393
213 185
872 207
380 301
288 821
869 488
471 947
122 465
975 943
319 907
419 665
26 287
752 401
500 622
65 34
480 805
322 569
145 436
240 727
154 420
62 245
985 469
107 645
405 751
655 378
362 271
712 290
942 501
227 209
229 396
866 937
582 885
981 962
265 408
868 599
928 552
590 938
575 817
116 77
318 955
600 49
442 678
517 797
243 264
995 148
799 857
457 450
264 695
735 337
555 192
159 41
231 286
774 7
267 409
581 559
724 216
141 572
273 211
970 358
150 301
830 121
58 571
862 584
806 48
717 551
314 186
242 202
854 458
458 371
597 810
673 744
221 544
606 877
84 116
154 904
921 39
42 963
220 49
357 272
29 910
113 402
334 46
437 787
265 456
112 283
18 143
923 644
445 609
644 343
791 955
258 493
376 430
639 726
59 717
826 591
809 761
944 96
66 221
295 68
659 364
409 717
698 553
690 56
549 186
980 268
595 478
278 727
773 636
122 417
109 735
323 884
445 20
302 881
253 1000
74 457
236 799
230 518
702 467
932 533
469 51
816 403
969 696
11 795
411 653
977 485
344 989
33 609
293 336
683 627
457 307
903 957
813 970
607 739
164 254
879 161
717 229
19 693
792 287
86 981
425 295
166 208
195 190
16 778
605 800
417 286
771 505
731 983
685 760
235 471
425 284
341 381
349 782
446 152
385 421
374 565
905 228
484 748
543 896
698 416
252 531
117 339
994 971
896 36
79 386
898 909
862 891
247 783
117 41
162 741
855 874
140 379
659 256
229 4
983 796
721 434
362 318
386 55
449 732
103 694
126 519
741 450
775 345
767 792
678 988
319 475
4 79
399 231
91 593
683 473
537 544
153 650
345 368
372 893
337 120
241 426
543 747
965 504
97 428
408 794
540 508
571 861
84 546
911 122
551 387
796 204
115 381
45 311
764 539
589 545
931 478
74 280
647 327
356 665
1000 382
122 628
462 150
921 684
879 862
476 780
331 822
891 136
580 639
399 57
663 79
677 141
519 968
396 609
486 868
604 186
110 770
334 630
442 514
377 150
404 186
285 108
940 407
498 590
830 956
927 186
195 594
105 709
841 424
344 999
3 318
983 567
123 56
260 730
982 362
371 981
668 542
909 339
554 691
572 136
899 334
109 618
91 40
946 707
549 827
750 105
199 859
730 141
280 913
17 544
437 553
478 134
115 861
473 75
437 910
645 939
227 356
190 354
726 441
507 868
596 939
544 196
56 38
377 776
849 550
890 351
221 576
475 253
101 317
229 78
74 625
656 85
156 296
105 65
828 779
497 577
120 13
673 323
777 911
303 452
705 969
994 459
9 581
74 481
938 712
853 692
463 469
758 757
634 235
377 571
434 356
763 651
764 518
758 516
130 373
591 182
203 193
275 9
666 295
682 742
775 299
402 206
291 432
190 970
744 165
416 646
554 710
594 427
267 648
40 408
326 161
164 434
762 736
668 560
299 66
780 891
656 466
67 995
724 448
364 84
750 811
574 107
911 560
755 772
30 453
128 945
325 321
209 920
288 907
871 135
754 293
893 545
342 313
535 155
385 802
300 754
964 631
700 258
399 155
476 240
22 22
476 711
851 663
859 787
887 145
741 337
521 347
490 447
711 506
904 173
373 243
621 352
428 864
286 11
266 418
983 454
997 832
246 889
848 327
6 127
140 970
942 620
593 1000
926 896
514 995
517 25
792 715
1000 493
944 899
237 114
372 110
782 61
711 138
566 197
574 43
160 332
782 277
963 629
798 940
485 55
64 542
499 858
280 531
41 361
101 550
130 994
208 787
587 571
602 648
922 703
248 891
144 277
271 758
669 43
246 539
79 50
162 704
529 213
857 163
865 755
153 853
233 855
882 398
369 964
681 669
515 876
297 493
517 360
659 120
921 279
605 126
49 862
216 409
270 176
763 962
862 421
111 821
112 732
68 83
192 721
881 262
602 905
272 700
204 688
432 908
9 942
428 773
513 390
400 314
57 951
24 85
152 592
802 72
208 20
154 238
504 958
780 940
678 284
25 37
762 59
445 376
205 212
206 303
395 109
648 685
531 777
995 937
903 919
213 457
839 785
705 700
205 29
523 908
567 387
576 803
96 393
900 781
572 445
457 250
337 442
399 873
26 184
494 23
722 33
411 849
37 63
474 31
621 334
115 669
550 271
765 449
586 981
76 130
871 191
726 668
412 839
333 914
98 738
828 839
204 909
718 254
798 468
703 108
394 845
444 620
45 868
960 180
422 954
673 411
87 616
60 774
199 161
182 517
497 306
207 665
985 836
184 510
977 935
98 520
857 175
642 99
552 717
985 883
26 969
537 867
908 76
684 680
155 13
196 164
117 908
132 509
791 930
323 455
67 922
627 972
898 238
607 639
497 438
669 803
142 823
110 34
123 730
977 999
958 700
273 731
349 561
58 210
155 726
164 752
274 561
626 789
975 105
592 120
962 398
40 166
440 477
782 893
967 344
615 206
809 984
588 281
28 986
617 528
544 399
986 648
551 63
281 760
560 595
111 372
656 361
710 59
17 704
934 350
552 244
279 287
677 101
938 411
881 654
740 739
995 824
806 268
465 417
15 399
574 891
328 167
211 523
168 435
263 492
98 980
206 234
90 770
203 394
100 935
465 763
411 251
982 963
699 376
505 795
656 808
303 13
304 136
237 142
921 662
140 916
13 524
308 490
969 816
34 371
404 560
786 152
765 381
187 400
81 56
947 888
998 882
305 268
217 562
664 910
55 981
602 349
734 780
596 815
416 804
718 695
515 806
259 775
930 116
427 524
598 116
318 671
518 764
897 355
188 742
778 538
475 842
176 229
311 807
705 162
908 157
715 443
594 324
71 879
995 103
669 784
180 836
162 403
799 873
889 572
972 422
371 848
715 2
703 678
854 286
898 358
952 155
480 261
474 896
94 337
957 311
256 181
30 313
661 250
989 834
361 607
734 806
109 802
873 829
24 944
14 188
213 907
513 825
248 180
169 736
982 70
162 422
790 731
675 414
931 520
1 724
753 280
729 973
948 493
809 828
176 814
853 248
542 177
505 868
702 579
129 532
701 33
925 65
392 30
959 797
930 104
742 807
666 930
796 53
348 229
130 864
768 474
518 577
873 829
586 206
514 584
885 647
11 452
225 532
807 78
55 728
700 361
660 829
12 800
940 566
127 949
626 875
748 368
777 863
138 352
837 857
61 629
848 402
367 683
412 615
509 806
521 463
924 2
676 200
335 544
311 915
443 832
113 723
149 175
907 139
505 394
544 133
706 854
161 70
987 605
817 128
845 235
106 748
569 250
973 440
629 973
567 44
907 835
143 885
147 700
909 456
424 936
189 701
473 177
348 72
373 248
384 944
422 369
51 230
510 263
355 107
531 771
381 730
323 957
492 312
275 274
387 711
966 904
75 631
996 192
138 993
579 430
164 308
56 842
870 704
129 69
275 19
445 699
153 962
15 310
919 167
919 570
426 532
240 981
349 79
432 885
319 257
10 140
930 977
790 549
825 460
244 284
154 189
739 843
690 12
450 449
949 811
280 187
434 417
641 20
303 92
790 344
578 539
804 145
825 673
454 940
703 746
908 790
500 990
119 11
43 296
123 272
500 8
784 394
393 94
119 906
303 435
842 924
994 66
382 464
823 350
377 833
489 762
826 311
18 104
288 987
741 30
347 850
938 619
310 786
266 785
189 889
111 959
598 238
34 767
836 457
7 735
67 514
53 316
367 846
760 737
885 366
717 397
152 471
314 418
829 405
915 693
17 819
734 944
694 55
130 581
664 19
746 177
165 631
198 973
510 371
635 831
224 160
475 908
91 445
412 970
123 740
994 613
292 979
190 449
569 714
296 999
634 994
172 720
24 547
74 811
433 829
713 457
995 213
131 227
388 756
120 611
656 638
872 458
856 389
839 639
156 804
587 794
989 498
151 477
42 105
918 475
904 412
512 46
162 415
159 741
757 293
798 729
914 313
873 329
309 419
953 678
927 707
215 741
445 417
380 264
313 216
817 899
311 727
730 841
458 261
466 41
311 986
566 599
904 135
905 216
11 287
582 814
667 460
40 808
273 162
607 934
977 624
907 986
538 473
651 851
704 626
949 907
497 196
956 239
444 557
497 753
888 253
7 199
53 412
97 807
710 793
768 911
973 127
782 117
201 246
788 37
728 702
790 733
812 164
486 948
561 659
851 407
547 360
926 814
592 486
662 578
169 961
175 880
511 505
952 426
755 871
348 958
822 213
218 980
380 110
383 902
371 447
440 376
641 423
657 304
147 680
912 503
463 115
298 872
978 15
12 929
516 71
15 629
771 39
620 335
875 422
824 196
581 934
891 643
874 822
136 424
351 302
564 186
688 587
157 94
329 617
413 361
796 492
529 619
331 419
107 418
836 332
50 931
324 613
435 743
685 993
894 825
897 234
736 642
174 545
248 953
104 364
810 383
78 765
494 387
924 556
754 628
854 799
307 694
498 845
133 455
383 413
795 806
41 901
399 710
11 175
836 254
788 90
676 46
711 271
810 98
748 214
619 998
544 305
719 793
626 27
103 734
197 109
497 835
791 734
602 891
772 794
484 228
170 681
836 974
829 931
611 148
983 703
488 485
206 373
750 595
70 291
325 304
930 961
427 82
794 383
61 424
990 450
192 650
124 141
387 448
332 127
490 255
530 249
39 836
362 631
165 395
719 380
173 335
49 270
326 698
378 907
530 745
334 631
224 701
52 133
688 453
300 66
895 597
489 408
969 840
421 667
52 221
514 248
429 610
529 832
710 768
108 471
545 193
940 109
631 437
920 255
973 491
839 444
217 645
780 969
313 661
340 445
752 673
908 716
967 844
502 286
44 408
46 580
222 863
120 423
787 633
178 259
139 669
703 164
882 719
64 215
51 612
462 761
327 952
144 754
602 311
243 106
689 533
520 344
281 60
762 363
730 822
434 837
691 754
799 455
35 755
164 980
123 19
772 230
719 732
884 932
943 732
205 796
956 390
397 362
929 230
157 470
783 863
937 941
11 381
786 51
645 343
526 852
470 839
71 3
880 750
234 893
731 220
397 917
704 542
822 54
725 548
276 614
355 877
187 613
811 244
162 652
732 202
738 637
889 1
579 523
517 599
287 133
733 94
514 703
966 672
697 248
729 225
292 54
169 50
47 395
13 243
144 967
551 158
436 355
790 84
593 973
539 36
639 133
193 947
391 339
194 97
22 468
172 481
232 888
82 871
11 286
341 802
498 352
433 997
536 335
589 56
158 132
593 856
282 985
274 35
146 415
830 838
329 694
264 781
555 110
943 74
890 887
771 912
124 958
374 281
528 29
764 354
58 385
295 658
557 558
498 304
648 994
220 711
549 975
393 812
168 240
359 514
56 302
779 749
889 706
775 800
295 297
868 279
270 269
852 284
597 897
395 83
915 374
302 234
532 135
635 99
39 792
946 506
518 205
34 141
364 966
946 401
454 875
803 486
776 906
110 667
64 406
306 579
168 838
904 824
628 691
248 876
133 622
945 752
229 579
786 836
4 67
907 306
950 206
963 994
18 599
137 584
262 894
470 467
703 613
233 2
833 815
316 486
815 434
689 317
204 744
540 307
286 537
457 102
675 191
178 808
17 643
682 694
196 902
381 513
751 630
673 850
5 646
26 800
191 286
104 693
80 694
521 528
904 827
755 922
285 445
753 446
484 704
885 304
24 4
538 996
253 871
510 191
304 188
101 3
66 971
953 597
67 483
154 226
383 403
731 406
489 51
385 3
70 352
205 495
335 745
471 152
775 992
906 113
309 509
518 21
724 804
996 678
261 552
301 840
141 624
113 120
783 373
789 204
209 645
970 832
904 538
153 715
503 358
63 308
774 475
373 803
764 180
490 281
768 109
708 635
76 614
539 885
651 112
167 839
96 174
904 299
478 48
18 364
48 961
714 676
334 894
164 696
990 694
835 623
636 395
816 645
578 178
884 135
381 803
622 851
163 817
36 168
838 253
607 557
250 691
596 969
933 845
397 225
601 817
450 762
203 835
448 577
775 916
540 720
360 276
246 430
213 370
566 251
965 961
993 181
130 307
337 586
298 227
314 532
437 309
933 25
191 472
550 169
375 646
890 312
369 356
231 734
184 63
162 683
385 394
802 14
921 351
370 26
326 462
198 379
474 110
391 698
719 509
686 441
393 425
437 531
863 804
254 338
293 733
24 297
549 382
874 877
688 290
219 79
74 779
488 594
192 176
395 997
74 806
542 25
540 292
667 15
553 574
503 639
766 440
967 336
789 694
57 990
520 728
993 246
40 461
902 174
854 884
747 151
349 445
958 666
899 506
369 229
524 580
767 926
465 272
114 579
357 117
918 149
698 869
712 729
569 486
688 372
810 594
819 709
183 551
898 716
967 65
745 398
648 74
115 766
1 292
121 180
514 87
616 474
564 621
125 924
477 742
451 13
909 942
406 348
412 171
100 800
255 866
717 919
99 949
607 933
543 443
351 212
268 979
260 696
294 389
191 787
474 819
704 202
475 133
153 340
28 27
797 42
795 36
90 747
47 327
651 432
756 919
700 945
394 429
850 888
299 695
442 171
146 611
888 323
755 850
300 50
230 839
138 138
505 92
222 282
306 137
856 390
25 506
747 493
999 690
297 983
792 595
365 640
567 897
68 752
413 903
642 138
521 27
523 381
391 785
148 997
728 709
527 801
232 998
314 309
223 909
223 581
608 926
601 778
101 897
106 168
944 681
625 526
594 513
374 850
482 281
76 616
578 853
621 213
779 915
326 13
366 429
989 33
282 933
800 900
256 810
137 259
107 329
58 576
956 848
65 242
635 75
641 581
372 513
826 566
774 223
679 500
519 662
448 519
402 464
611 743
825 82
85 392
926 255
325 45
69 377
720 672
180 469
945 586
47 84
933 693
917 705
327 651
96 533
53 412
426 274
406 249
426 1
941 313
427 69
296 684
646 937
282 171
538 232
64 858
400 248
647 543
338 392
589 284
348 715
150 34
929 645
521 56
31 590
320 938
86 34
235 148
77 70
16 534
405 866
127 248
312 855
287 210
935 845
424 437
875 118
100 833
730 860
627 566
794 274
287 464
736 480
961 163
912 248
365 235
354 881
100 754
1 225
25 325
161 768
892 948
647 897
744 819
439 847
933 396
835 23
194 56
99 866
591 191
257 298
635 252
138 508
132 995
817 212
295 855
504 371
343 725
516 699
54 535
103 211
85 325
474 897
707 482
982 771
922 222
897 305
575 512
293 65
737 469
719 960
875 923
122 824
78 438
42 550
768 176
478 519
297 750
459 206
517 411
27 254
941 95
306 269
364 447
867 826
803 670
331 965
895 996
925 377
855 153
99 796
541 387
131 69
825 647
278 260
911 305
741 574
956 435
349 924
833 878
571 842
157 48
951 759
244 564
702 586
163 794
460 102
503 783
845 148
231 363
382 170
439 422
214 565
100 211
599 982
449 178
650 987
915 488
304 53
453 489
408 890
678 331
833 839
204 849
781 425
308 212
72 992
895 338
936 198
610 438
206 694
14 701
59 408
460 559
918 180
823 592
866 57
622 487
974 817
454 105
477 992
244 514
805 419
521 85
371 496
242 22
528 396
140 311
478 392
969 6
642 479
993 568
858 494
528 416
547 691
407 558
561 966
698 211
303 440
506 998
453 959
952 612
345 143
701 443
44 243
940 850
306 672
219 339
351 554
682 447
591 189
671 562
684 445
49 401
661 494
241 869
188 260
90 934
448 410
178 757
94 646
826 41
611 147
3 724
813 418
837 436
980 318
816 881
502 263
212 74
15 372
333 58
33 883
656 827
622 935
716 963
940 579
817 785
31 608
91 921
771 74
235 630
941 827
794 375
295 172
15 38
793 948
99 428
28 643
597 269
723 177
667 531
648 508
989 479
148 203
857 642
819 754
261 112
641 629
330 166
809 542
149 571
75 830
60 651
210 293
315 734
917 994
457 567
555 283
403 183
572 703
805 650
988 313
688 143
635 575
671 242
553 837
911 404
97 844
650 358
793 389
633 439
136 722
357 700
328 547
590 112
152 143
236 813
450 609
203 942
439 418
34 344
397 939
406 158
717 716
601 290
236 953
559 127
292 742
152 438
168 650
618 858
999 494
33 294
736 469
905 501
317 699
674 375
986 863
91 890
345 507
350 246
880 435
242 30
806 834
712 806
182 958
146 797
292 977
847 972
517 414
264 676
442 605
385 231
37 594
97 374
366 410
83 470
57 279
677 184
183 594
873 146
495 447
398 40
895 792
290 16
532 575
635 319
515 750
954 744
625 59
442 945
143 948
671 33
843 115
64 812
492 598
517 40
734 61
18 615
796 748
676 53
817 369
789 460
225 562
904 378
912 858
607 228
829 31
930 467
945 268
871 973
935 850
254 977
732 158
756 670
853 930
693 74
82 157
515 593
176 378
278 924
727 567
739 321
621 870
936 590
523 65
768 570
561 10
959 158
629 933
231 599
393 689
556 97
363 710
703 810
649 429
963 85
248 207
809 585
760 186
394 351
186 382
168 114
352 208
752 457
776 10
288 711
808 792
876 896
324 809
387 595
190 242
660 929
646 386
424 350
244 688
417 823
756 254
598 975
577 966
228 85
183 774
654 435
899 714
460 760
380 313
516 142
984 180
941 785
955 971
108 765
760 799
403 187
690 793
371 776
957 228
762 948
58 464
128 763
104 799
475 778
736 639
639 164
746 187
131 328
265 794
341 120
981 92
407 957
274 992
836 272
380 19
132 903
71 164
98 44
384 586
246 17
119 342
317 868
161 372
703 147
308 122
843 358
320 254
531 196
942 807
751 978
693 117
670 850
54 283
171 965
699 737
678 229
357 32
706 317
436 722
893 534
666 134
658 586
765 688
958 809
125 248
347 828
46 862
665 376
140 131
655 977
239 129
469 63
510 617
571 621
615 324
80 567
323 393
197 177
907 428
606 747
717 697
348 182
675 589
683 502
830 592
786 990
156 415
975 230
927 981
558 469
257 889
512 974
623 668
221 244
776 538
201 783
760 31
901 480
443 765
455 567
594 694
239 449
291 991
587 587
64 181
421 279
947 791
22 653
748 792
266 203
255 775
684 861
329 281
444 14
362 447
35 351
780 878
79 299
196 480
749 314
506 66
768 127
903 258
180 871
257 188
265 466
351 147
987 288
370 802
777 840
234 530
704 438
780 133
317 79
583 603
438 596
85 402
829 691
369 866
886 677
762 996
980 803
657 620
879 55
282 104
69 724
610 316
687 24
240 148
587 331
157 757
776 273
8 744
253 436
439 977
712 242
46 619
831 706
275 199
505 731
869 478
13 7
433 703
305 567
336 586
763 711
617 368
232 691
402 743
391 461
327 907
113 296
866 528
299 926
807 559
821 244
574 183
422 774
341 549
923 452
316 995
824 160
572 346
526 714
977 56
519 926
148 591
174 24
139 930
807 891
581 33
467 224
325 997
321 331
144 497
201 835
454 737
111 951
178 276
933 469
626 233
723 679
816 453
620 146
202 924
424 605
280 437
614 148
861 820
12 192
240 104
72 568
136 424
864 391
841 378
769 530
719 797
236 78
857 252
954 887
375 228
531 843
27 56
197 551
599 25
86 298
883 724
75 653
499 415
488 232
808 583
429 493
19 672
765 688
457 483
512 301
316 824
265 616
45 648
123 541
986 917
410 65
944 172
812 886
867 880
235 1000
47 80
861 234
216 381
205 130
641 224
187 501
557 933
607 818
362 652
324 946
725 682
75 322
677 94
968 837
250 189
754 98
244 582
859 603
847 752
955 679
450 174
336 395
533 666
640 20
151 932
264 584
813 412
171 998
861 73
634 754
297 850
29 530
677 998
674 293
509 474
514 372
768 604
815 123
914 84
453 883
992 382
101 861
363 277
665 307
306 453
129 87
611 605
51 658
998 382
920 265
732 206
403 18
64 186
271 389
920 232
790 860
462 951
140 531
395 298
615 502
398 214
365 881
398 428
393 51
734 567
219 800
612 67
85 317
821 371
319 225
154 475
16 459
75 901
575 256
769 194
440 821
897 457
467 102
644 939
765 930
400 579
778 805
866 899
4 659
23 112
330 84
185 912
337 610
112 316
512 695
354 141
411 115
400 154
204 850
805 65
347 732
548 606
746 404
5 389
822 276
389 437
14 840
902 502
374 918
133 658
447 394
281 40
165 396
20 122
345 550
630 17
353 169
358 556
845 894
509 484
980 845
858 788
906 184
36 769
366 958
263 71
410 275
245 303
656 600
684 526
935 654
488 105
617 260
710 552
166 207
145 536
845 755
74 509
555 733
818 992
537 590
262 113
252 820
746 792
421 615
402 483
311 175
947 433
197 13
652 924
252 250
805 833
560 317
657 921
629 771
99 241
882 271
482 364
615 256
374 653
312 491
526 941
20 698
71 310
553 621
164 185
82 942
155 275
58 699
849 56
509 614
860 174
876 520
475 835
640 559
501 434
332 36
779 610
579 581
543 829
765 649
323 137
418 744
935 36
375 793
913 305
863 533
600 86
842 583
779 149
582 770
79 35
944 532
947 110
49 17
39 50
741 534
342 105
466 777
1 616
263 299
994 166
259 396
790 802
71 815
712 771
733 230
18 189
506 353
885 834
369 287
284 644
192 253
488 739
902 767
268 143
776 293
877 189
21 622
636 750
332 898
550 686
59 779
705 536
405 578
244 583
311 539
714 647
495 254
734 288
915 873
422 163
690 280
51 495
242 746
249 536
126 192
778 585
247 425
365 81
14 507
161 827
505 78
972 967
961 240
859 755
354 736
650 559
931 425
354 655
607 567
87 32
668 366
285 118
951 77
768 66
843 721
995 749
611 896
903 903
6 448
888 318
329 802
196 558
530 465
605 652
343 412
940 322
610 393
443 31
417 745
979 165
44 92
511 962
47 635
250 328
278 575
940 267
495 728
810 92
220 798
630 801
390 12
26 728
141 345
909 569
433 229
399 3
575 563
174 604
173 68
478 801
614 922
778 181
926 677
345 97
820 373
861 639
223 313
525 221
7 922
259 504
478 900
919 386
951 961
367 281
936 577
308 809
279 260
138 189
821 19
57 554
590 532
669 592
2 680
724 789
604 568
293 96
618 301
797 957
261 262
23 358
579 722
863 807
873 553
640 371
240 648
927 29
870 9
539 61
289 85
776 782
638 367
980 458
370 878
820 559
517 681
40 536
555 279
268 508
608 714
360 416
724 467
673 726
979 121
669 363
196 687
45 538
48 313
64 983
848 973
679 303
40 838
860 408
893 344
568 841
47 768
571 377
453 269
471 900
842 938
566 899
22 793
877 172
294 889
503 381
400 126
268 538
867 427
980 83
417 706
822 729
631 585
708 960
514 146
231 635
755 876
176 594
235 361
681 281
457 120
433 651
766 648
209 183
122 477
899 95
526 451
253 774
102 15
816 481
4 395
472 787
437 422
420 534
280 63
579 287
29 987
638 678
14 607
756 273
204 106
718 469
187 713
619 343
249 894
122 598
203 404
672 4
175 102
64 750
209 219
575 817
73 326
213 135
182 722
708 861
101 743
218 985
86 708
373 559
506 513
302 796
784 521
341 798
982 735
273 11
140 969
835 784
319 358
917 6
256 697
8 752
967 777
140 18
89 716
824 218
697 519
752 56
294 961
296 990
152 11
243 180
157 555
497 584
792 541
54 566
903 874
379 718
805 585
209 567
142 736
466 682
785 411
773 107
977 788
907 324
486 873
724 263
230 677
522 916
338 125
180 503
38 834
770 483
157 722
183 600
258 557
203 659
91 15
812 309
499 426
637 592
882 363
411 253
135 254
771 793
519 67
520 240
3 926
422 186
54 785
132 617
687 433
170 618
662 550
252 905
570 737
68 767
717 953
789 696
519 905
427 127
538 919
279 353
671 860
532 660
779 104
375 482
725 167
27 273
104 716
848 345
682 913
890 44
528 373
147 235
864 549
736 81
141 726
325 883
963 942
360 361
837 224
211 492
235 942
501 30
305 557
344 134
374 604
32 732
752 154
323 466
906 10
973 132
954 210
493 157
235 310
18 12
325 505
995 430
954 916
991 89
776 98
543 814
858 103
7 253
359 155
431 903
519 84
752 661
641 965
648 379
128 170
539 817
446 532
442 281
990 638
992 616
541 701
818 274
741 627
721 709
445 185
68 304
438 294
786 833
670 629
867 288
38 746
641 605
681 681
786 894
653 199
480 618
93 963
960 60
938 835
795 878
742 367
843 532
896 887
35 9
199 775
691 886
334 719
309 969
996 848
507 114
346 740
929 40
321 418
181 854
799 729
241 248
834 606
19 842
484 30
597 142
946 339
164 889
253 167
662 727
311 4
520 40
805 413
825 961
447 653
86 609
567 403
143 218
538 120
625 524
532 56
858 329
55 995
719 426
640 83
548 806
22 854
385 315
459 500
552 441
71 912
517 279
753 1000
632 758
908 616
6 612
844 556
187 875
234 510
906 114
727 241
614 183
541 595
505 676
653 641
638 353
788 75
339 255
337 801
148 770
64 25
452 280
645 701
62 427
281 314
115 688
806 336
942 124
36 317
196 478
646 470
859 726
192 285
993 553
68 386
117 349
536 221
394 823
177 443
947 387
255 326
487 300
127 154
391 745
945 667
423 171
937 696
353 533
875 672
725 742
743 53
833 725
899 340
507 206
336 65
574 855
665 818
369 527
834 170
855 180
164 595
348 221
923 42
679 2
419 565
702 996
336 715
859 434
329 97
257 939
684 891
794 138
696 878
635 453
301 480
771 827
594 740
918 41
312 71
657 369
222 146
470 972
340 876
58 399
530 31
587 74
883 89
700 700
537 936
817 184
602 943
201 27
20 757
560 585
66 942
194 92
130 886
285 294
817 801
161 459
519 799
749 604
758 762
938 748
672 675
92 898
166 976
815 530
208 631
198 186
486 10
409 909
293 553
112 393
19 569
139 253
539 173
425 485
79 17
151 120
262 42
981 785
623 862
91 943
803 454
976 832
626 643
775 189
299 231
453 556
908 136
388 42
575 166
24 95
378 119
377 485
329 640
624 289
669 183
357 525
233 734
399 837
896 369
144 596
199 238
363 968
801 277
841 534
763 261
696 284
453 337
817 656
108 927
710 879
579 237
115 203
183 189
678 800
582 597
704 465
903 530
7 387
532 725
972 954
83 731
714 190
302 571
789 153
132 788
907 91
594 232
942 923
400 184
738 731
695 591
446 130
