10000 13
583 544
145 946
75 764
187 999
274 366
592 551
979 743
959 579
389 939
758 927
270 159
544 180
50 148
161 8
660 598
422 1000
326 850
546 376
537 887
513 641
149 554
663 147
564 755
968 413
986 65
239 150
332 81
863 214
220 972
485 394
164 499
621 375
281 235
899 784
267 278
386 510
58 546
447 160
496 47
657 688
362 642
239 190
809 153
20 651
724 454
739 992
21 940
284 408
208 457
413 382
306 808
224 763
72 965
567 772
860 590
718 585
364 405
605 653
695 788
857 511
311 937
558 903
802 204
745 87
901 615
418 972
219 480
489 408
746 95
548 778
442 561
743 827
760 513
211 619
954 215
296 554
102 659
262 731
989 365
690 725
94 847
146 608
380 349
767 145
686 682
628 424
960 414
246 867
523 365
389 27
936 222
596 506
193 310
846 134
951 228
68 613
480 455
983 325
189 364
427 184
487 108
673 379
293 608
543 871
553 790
5 645
997 443
463 514
328 827
939 308
439 900
958 503
407 80
450 245
784 223
359 15
584 539
280 612
644 707
144 871
895 236
275 98
912 157
680 976
92 54
6 884
349 474
876 677
475 113
409 535
606 127
176 693
733 51
582 877
884 921
295 936
586 792
435 523
993 486
203 827
240 192
241 263
267 590
392 564
576 921
453 223
351 640
564 270
279 678
494 920
555 27
735 188
811 36
953 729
125 611
668 752
833 228
281 81
113 890
939 928
154 271
531 329
977 858
690 747
404 877
692 439
338 10
204 738
129 155
101 465
326 601
710 312
210 434
270 157
815 609
711 54
762 779
405 564
308 495
498 646
189 839
969 899
406 586
976 52
872 705
113 929
129 48
93 442
740 813
468 72
63 884
777 356
444 173
25 365
1000 864
914 775
14 218
761 505
899 725
655 93
483 324
293 377
741 660
913 13
330 775
386 357
628 342
193 940
985 298
537 156
286 834
533 217
596 706
775 447
742 372
189 334
276 536
199 732
547 427
69 415
138 953
154 190
412 10
914 976
261 143
645 862
480 130
701 643
938 238
79 880
282 185
681 198
365 213
467 149
787 246
128 752
677 896
860 464
394 16
352 925
442 593
673 231
650 415
588 519
818 600
529 470
219 595
319 835
771 468
873 902
322 318
859 845
574 313
217 221
970 176
76 819
714 289
532 175
65 493
266 343
32 184
192 642
526 6
973 31
928 613
81 802
834 956
691 824
581 179
848 812
712 803
730 344
394 218
512 542
863 698
870 172
240 856
242 145
20 3
389 208
13 245
869 600
968 500
133 923
918 688
838 92
824 616
156 118
775 874
47 236
345 131
801 743
931 966
601 217
605 461
923 240
623 130
575 830
218 127
356 939
491 50
479 746
946 277
539 355
474 374
491 254
282 217
367 183
698 27
118 346
225 276
889 241
739 571
817 822
606 172
429 985
912 561
944 228
208 672
36 9
907 80
483 576
881 69
245 908
256 700
514 388
358 39
1 619
319 573
292 448
912 719
642 223
429 845
636 291
955 81
503 858
33 662
980 238
829 489
315 116
83 26
122 629
293 62
54 893
268 759
665 898
350 855
983 707
630 413
270 253
392 3
566 872
780 936
995 351
367 477
249 901
647 259
565 743
1000 451
434 295
510 957
18 432
708 56
827 404
479 617
733 718
177 684
137 557
986 634
727 163
528 712
955 843
610 474
763 477
960 984
552 934
135 772
496 19
178 793
828 587
785 210
990 241
421 655
385 640
979 766
716 896
451 246
178 178
588 643
295 833
931 109
275 238
368 766
67 628
675 124
805 158
456 647
629 360
781 986
854 989
63 695
421 704
480 253
323 558
131 925
349 570
837 295
805 1
680 415
99 937
332 135
89 565
338 227
781 73
942 864
629 278
643 979
561 86
418 462
215 536
588 694
875 775
42 113
287 60
817 760
427 810
989 794
332 959
986 942
249 167
131 235
934 984
551 549
291 305
730 709
261 321
416 327
938 653
287 560
98 863
864 856
434 531
50 269
970 291
372 107
621 671
68 670
505 716
328 266
590 519
497 986
192 233
403 268
135 405
212 330
906 79
569 918
570 791
19 637
372 691
184 705
903 196
901 180
429 29
827 482
836 542
943 978
683 937
692 834
168 619
409 858
599 967
740 731
857 690
77 795
142 128
283 159
58 865
453 972
164 859
449 168
573 872
597 921
176 364
692 622
78 416
388 710
798 902
247 922
501 763
150 726
88 324
85 212
510 286
520 652
793 95
644 788
532 959
471 434
179 558
337 67
313 773
563 973
400 65
396 704
52 712
758 723
107 779
102 136
338 129
875 319
554 858
829 550
914 82
101 513
589 419
804 827
755 308
75 900
129 618
36 959
956 469
149 800
633 972
695 65
484 958
613 660
670 603
114 507
402 587
512 747
693 697
951 240
288 452
164 529
809 620
823 462
438 735
801 215
796 779
244 924
230 193
334 135
701 336
808 480
160 469
495 471
229 766
620 720
318 755
472 230
674 723
928 706
868 350
962 995
772 469
546 397
364 970
472 950
832 219
646 584
445 672
532 577
11 603
543 627
552 991
772 123
911 631
412 184
284 408
399 367
163 116
940 340
688 969
777 153
667 496
164 271
644 851
187 969
478 110
146 833
106 26
764 691
412 398
666 204
113 279
616 267
110 903
707 45
280 791
158 634
759 542
905 159
550 57
618 387
719 414
306 277
186 598
277 38
546 111
920 800
807 597
490 727
323 284
215 420
137 796
483 160
80 422
782 272
580 976
718 944
512 812
887 736
71 452
814 128
276 758
87 16
730 288
949 408
347 732
395 442
911 871
781 13
379 996
855 804
458 248
921 981
166 417
487 778
11 588
655 384
753 897
668 916
259 362
79 133
621 948
702 458
520 570
19 718
194 621
310 743
751 974
265 846
262 647
804 800
378 950
32 420
267 266
651 994
755 849
796 671
564 814
607 856
786 321
687 664
28 657
329 87
90 31
52 472
438 748
33 318
715 166
269 623
833 300
331 787
911 652
900 478
895 783
197 543
554 472
375 898
528 669
556 342
791 979
368 14
214 874
972 104
412 497
211 566
552 613
659 252
538 517
830 50
637 961
973 920
288 339
330 849
982 562
511 721
678 76
372 207
915 96
161 124
305 176
935 838
778 666
54 564
541 87
240 12
208 749
968 109
446 739
667 612
635 683
394 874
840 695
358 870
155 668
288 852
19 490
664 273
752 838
883 332
425 841
572 966
682 337
26 174
303 927
799 657
612 554
937 488
219 249
929 202
272 370
35 1
981 175
80 371
976 995
981 861
717 943
799 517
144 363
996 933
476 401
270 461
813 165
511 660
248 209
738 543
590 632
217 131
28 362
296 688
252 730
210 942
811 890
65 690
786 520
694 938
670 327
841 746
434 272
748 796
653 819
249 875
121 170
626 878
306 637
565 95
930 426
726 162
241 682
216 66
277 926
684 976
243 549
926 969
601 887
708 613
701 988
530 844
960 738
194 929
428 834
476 99
649 892
821 271
450 539
131 7
231 523
319 14
301 126
898 982
977 276
902 621
963 781
187 249
613 350
696 745
292 596
399 292
35 245
197 88
580 942
601 124
51 899
349 25
692 927
849 445
543 920
745 910
920 248
613 59
790 271
29 585
481 857
205 269
372 343
99 639
490 466
517 985
410 668
823 930
444 512
493 928
531 643
449 514
292 497
856 873
276 316
948 389
784 439
585 182
753 83
849 898
505 829
458 412
193 151
517 382
587 931
682 810
478 110
279 340
249 381
893 909
682 927
368 134
263 444
673 451
920 963
343 60
185 934
195 672
200 958
949 699
531 737
801 199
218 833
409 526
911 74
151 758
814 792
114 325
406 283
257 937
668 697
681 913
189 771
856 724
264 403
431 507
403 512
753 255
543 936
262 197
413 168
390 325
976 888
189 393
845 132
125 471
38 740
356 666
380 896
316 595
261 637
367 701
1000 667
976 795
722 357
987 46
826 670
300 638
921 796
165 806
639 472
183 145
569 248
97 693
83 191
837 445
272 658
746 246
535 637
984 845
517 409
198 922
945 876
618 554
644 308
459 439
516 115
597 242
513 823
410 598
805 719
573 83
982 37
555 397
658 773
792 356
272 889
631 589
67 329
566 333
119 430
402 229
478 347
690 515
434 347
295 190
698 337
107 341
359 831
202 27
948 795
657 384
724 582
73 334
564 716
364 90
823 700
379 8
194 843
862 197
403 964
132 57
875 763
574 25
356 776
696 955
622 776
606 102
248 752
350 188
876 274
396 484
235 757
872 258
454 867
300 294
956 67
326 92
396 89
617 908
318 639
477 121
53 484
83 68
726 38
305 819
684 666
270 5
372 662
532 986
323 724
26 876
634 283
649 332
876 786
566 231
400 792
944 336
928 796
266 602
377 966
752 254
673 634
417 804
184 272
892 149
504 437
748 484
732 526
758 638
429 224
528 278
122 147
291 841
271 282
589 685
93 252
168 624
636 711
738 211
37 943
278 634
973 94
880 743
238 931
156 952
19 536
673 975
731 680
671 879
568 949
358 184
835 472
293 210
61 983
652 954
114 11
738 766
81 878
643 521
115 58
426 553
939 100
983 519
590 973
722 806
553 394
787 755
119 828
498 868
464 261
516 719
576 906
509 391
989 212
541 425
405 351
782 499
403 2
776 275
912 669
603 396
256 125
456 920
526 296
154 181
822 357
18 525
180 39
263 166
900 370
762 453
935 991
688 270
327 162
628 744
599 289
201 126
313 457
863 883
563 700
878 940
847 563
800 659
857 812
776 738
7 476
484 862
460 711
919 185
743 946
781 915
336 714
970 878
280 900
250 900
152 894
326 632
887 56
906 941
992 769
925 756
272 292
163 591
19 593
612 803
794 391
256 463
425 271
554 543
21 773
184 698
665 666
234 657
667 101
633 139
149 236
357 928
173 293
936 934
942 431
200 805
780 189
534 959
638 148
346 196
303 39
457 490
888 338
567 374
478 231
960 643
894 603
670 437
573 62
559 34
117 608
799 937
468 461
758 457
215 939
164 664
29 302
77 592
319 110
32 686
308 231
957 845
578 736
833 394
807 102
637 596
391 466
711 756
896 704
463 696
117 36
334 599
646 668
923 336
980 590
539 911
52 817
73 404
760 571
109 940
2 806
975 513
125 161
973 370
773 653
960 993
394 367
187 646
447 766
615 890
40 480
329 994
134 160
693 782
953 481
604 491
204 925
133 309
903 921
669 893
766 274
614 271
290 838
436 911
166 300
91 403
563 145
135 272
384 630
52 406
23 207
77 5
554 718
799 902
131 475
696 758
173 320
753 869
77 396
738 176
483 995
40 212
918 599
187 954
167 453
418 508
915 446
890 493
173 863
379 65
867 74
944 137
808 347
842 463
606 624
418 200
541 147
659 314
499 565
133 659
78 964
440 80
343 557
148 541
19 380
728 154
265 496
48 195
592 403
912 422
216 753
721 743
901 842
134 299
400 341
496 837
89 840
557 848
910 694
253 424
831 265
674 617
321 185
418 453
605 958
325 664
366 859
161 285
135 232
968 780
725 265
316 896
625 138
418 694
858 448
564 950
508 249
184 743
62 284
780 663
668 704
751 607
945 669
727 856
984 758
624 866
58 6
749 346
73 216
787 40
221 171
890 806
806 829
805 606
805 212
14 510
914 100
684 469
508 530
949 140
524 223
178 426
23 257
731 389
933 880
294 207
503 785
624 818
628 820
146 89
935 259
608 615
53 327
638 847
281 835
958 241
440 76
12 469
984 589
11 413
802 181
836 611
332 10
396 598
668 55
449 537
37 54
739 310
669 172
651 169
413 646
525 346
364 955
925 446
729 934
216 457
271 166
278 128
908 605
411 22
307 247
976 225
683 418
342 414
544 329
71 951
198 658
592 408
689 372
262 542
623 668
147 114
436 238
869 905
301 191
780 938
999 873
244 826
2 606
172 754
377 91
734 129
853 773
428 938
715 638
650 296
979 504
541 89
931 616
122 623
686 478
274 504
247 991
200 635
802 123
479 819
666 397
949 638
638 666
566 887
264 798
401 188
152 953
212 728
471 941
72 150
748 495
535 627
199 204
974 66
944 484
998 472
426 964
792 229
93 795
4 767
183 373
163 868
450 347
253 405
76 765
468 524
598 957
187 842
371 720
202 1000
880 508
83 450
713 500
279 602
983 641
673 394
283 286
306 903
70 453
576 621
672 961
797 126
498 737
893 954
776 57
372 433
885 273
621 151
692 304
749 534
660 631
784 452
328 378
382 352
491 255
854 128
897 979
175 840
846 956
346 129
289 792
9 548
702 289
161 215
101 396
655 538
894 904
322 971
611 170
87 41
252 295
353 443
146 882
98 359
722 903
496 528
738 833
523 165
288 770
79 388
227 418
340 404
274 519
755 980
362 689
986 449
697 797
943 145
739 861
709 572
121 121
803 727
377 245
380 414
466 145
885 929
783 193
121 369
71 843
484 474
510 56
661 158
323 869
468 839
655 45
653 864
435 83
441 971
339 532
997 488
59 53
888 239
13 308
358 690
403 385
14 477
502 845
347 280
264 403
877 859
504 379
144 444
369 315
184 947
431 35
771 108
861 200
529 387
387 394
288 935
705 74
137 482
410 114
279 352
336 991
1000 431
523 494
839 81
829 853
205 282
96 118
642 67
417 966
999 387
824 267
588 52
803 651
809 509
140 175
136 544
71 694
119 385
545 528
678 204
168 6
718 737
824 974
176 547
217 55
221 728
541 795
539 869
673 487
815 547
433 731
600 735
184 384
820 522
644 238
561 870
767 269
764 297
625 742
805 943
615 310
683 751
584 627
416 872
833 945
802 994
731 297
737 696
878 472
792 331
267 962
923 433
329 736
592 872
173 721
350 27
239 901
648 254
570 920
32 534
673 104
611 860
849 218
230 794
483 950
315 51
410 495
607 750
779 257
188 477
82 857
840 454
489 196
663 143
624 241
511 515
980 34
241 559
345 314
155 151
255 973
660 683
711 38
49 793
126 178
685 816
516 906
584 157
58 71
548 908
1000 565
907 200
124 139
247 536
813 954
463 225
731 359
425 344
615 225
262 504
456 31
791 798
373 15
413 682
929 570
930 8
262 60
467 333
947 829
119 60
854 515
418 723
575 175
193 973
843 777
840 716
240 638
102 940
388 881
868 24
359 127
849 138
979 72
112 723
710 784
995 847
179 30
371 706
737 759
287 524
419 244
275 29
656 891
944 906
329 51
365 313
87 350
422 373
326 279
396 493
398 387
268 125
917 696
519 218
563 738
867 479
771 12
87 837
198 247
99 595
269 562
587 109
251 252
76 709
199 865
110 553
101 520
407 5
537 316
225 139
107 742
2 780
627 430
733 505
158 546
799 574
56 821
725 63
373 707
467 326
914 611
366 766
600 620
794 430
84 74
902 37
4 423
539 735
918 456
87 255
78 844
363 306
597 128
955 126
171 148
624 448
85 841
539 852
777 120
203 313
41 171
693 154
558 753
56 350
695 354
580 854
75 486
145 763
653 310
380 822
50 594
822 285
553 256
624 807
43 595
696 385
746 481
132 479
910 354
442 593
787 132
873 540
494 323
773 778
533 824
877 402
199 584
131 827
583 227
794 391
921 369
807 587
834 476
867 695
49 717
641 636
634 620
651 726
754 71
134 156
945 196
375 995
211 496
981 707
77 816
462 95
520 328
99 962
98 615
498 409
843 702
40 906
202 836
467 849
241 258
553 48
704 65
70 359
818 759
744 927
819 312
248 409
930 694
120 882
840 73
983 844
695 499
803 360
210 519
811 931
55 735
376 796
664 240
424 548
665 546
228 286
673 388
72 516
366 208
295 52
78 754
855 473
311 778
200 682
196 122
659 214
65 566
411 8
904 867
96 226
241 192
668 308
231 536
865 252
185 992
979 73
814 922
460 501
375 602
221 767
668 475
51 613
335 855
511 689
497 945
849 574
109 443
608 177
297 858
746 59
639 839
145 251
472 365
460 726
132 309
798 758
850 786
299 912
315 555
162 696
566 711
153 984
671 985
232 992
311 374
660 302
850 850
656 765
797 156
971 449
185 907
532 305
878 204
907 356
56 410
537 32
284 750
190 734
500 819
543 214
396 285
68 823
182 56
155 693
788 578
258 316
875 469
205 793
618 407
329 248
832 292
113 322
493 385
720 897
845 369
245 171
324 460
978 353
231 360
871 607
303 667
686 965
991 929
899 933
157 661
674 914
828 523
583 630
217 903
203 283
515 834
991 365
843 734
336 623
861 869
173 362
132 907
392 930
597 628
902 938
171 972
449 76
750 145
204 909
478 941
803 871
920 803
184 176
65 273
75 946
535 910
638 628
818 437
361 126
598 328
22 622
939 984
925 869
17 658
132 178
106 680
921 731
198 201
54 406
539 881
584 297
500 879
838 422
759 867
84 693
64 56
176 906
267 810
781 594
697 663
737 605
124 444
525 375
126 986
384 882
510 6
850 927
175 374
994 959
946 599
487 922
468 363
211 97
149 790
583 186
803 985
751 594
633 138
196 4
586 623
639 681
369 782
367 505
121 371
308 535
57 541
698 315
711 536
400 725
784 108
53 631
706 448
218 723
222 950
617 108
291 153
946 891
146 961
63 418
162 291
70 846
508 846
521 328
303 957
595 71
960 152
875 558
327 365
505 531
869 417
359 433
314 216
899 871
958 41
175 306
262 783
928 56
18 681
315 469
806 89
911 523
771 447
583 339
855 768
510 764
873 193
538 263
301 232
530 217
508 51
112 84
363 343
637 221
720 785
579 493
211 503
581 860
609 461
679 688
58 8
418 749
823 71
144 338
270 139
392 446
4 126
599 904
494 31
619 99
461 416
7 338
769 255
295 116
161 91
979 585
955 132
333 619
796 969
920 327
418 11
769 978
88 992
763 110
951 317
787 796
938 139
950 414
789 956
655 272
655 547
847 109
620 723
304 631
323 172
28 15
342 936
756 93
209 769
123 460
440 675
929 102
949 494
221 268
79 115
687 867
333 931
860 20
685 784
492 684
398 547
971 149
963 937
287 53
128 711
196 955
63 346
541 445
159 287
552 766
595 859
348 231
319 60
146 257
694 679
222 433
923 244
761 381
564 162
277 444
458 547
994 589
879 834
120 790
312 359
222 999
92 274
58 156
250 506
660 359
583 695
28 723
766 251
232 213
668 541
472 67
723 469
89 196
536 278
264 622
878 783
743 258
284 547
160 853
973 257
115 386
586 623
768 818
165 693
449 938
783 435
473 39
32 107
943 408
290 568
621 158
101 461
266 466
866 176
692 622
328 948
877 986
453 463
909 193
864 92
235 453
331 800
741 258
435 971
97 64
172 818
141 281
489 38
346 4
415 760
822 675
674 562
629 128
136 424
548 101
259 646
471 460
522 183
617 805
370 427
178 365
36 426
731 32
599 763
838 615
923 515
888 237
343 261
519 902
512 300
160 357
38 938
846 18
490 889
220 438
704 805
66 137
136 811
435 168
16 518
264 355
359 526
54 655
277 422
461 828
221 902
97 304
352 519
908 248
344 124
825 776
259 853
818 990
637 514
414 902
189 989
790 610
557 461
901 297
776 45
705 414
391 76
573 516
37 640
380 418
556 715
935 278
572 776
475 519
840 755
183 423
59 645
695 253
77 416
963 18
308 135
194 294
841 556
774 163
497 964
661 996
20 490
227 617
774 12
917 769
327 717
87 139
170 559
193 92
382 204
982 311
149 959
576 604
261 46
278 607
541 493
230 327
181 178
986 298
207 625
300 423
645 938
446 371
717 855
735 917
378 843
152 792
630 448
325 266
403 676
53 814
486 716
36 389
51 983
151 16
201 473
200 903
291 551
191 528
392 517
280 759
882 84
14 171
893 668
270 87
473 140
739 446
107 882
911 422
258 675
968 315
790 935
693 611
79 310
430 512
991 402
71 822
394 127
638 867
379 503
195 144
267 634
703 387
507 216
606 78
896 597
253 793
802 711
396 200
727 161
471 656
787 498
496 713
27 599
961 962
680 337
585 789
93 342
369 269
312 647
749 151
699 888
510 515
45 689
236 707
769 600
489 126
202 734
142 56
835 402
240 360
437 172
204 495
984 393
252 294
963 773
499 843
318 490
478 947
685 219
947 499
439 236
635 95
822 985
56 751
114 418
684 984
731 633
279 153
878 299
389 592
454 495
207 37
519 668
682 457
267 7
394 311
728 724
307 129
363 570
964 997
666 554
267 444
272 430
784 767
463 513
130 913
385 850
454 127
98 616
190 599
750 26
710 644
586 582
275 992
877 724
345 833
523 589
62 825
217 552
935 271
327 667
384 931
660 104
870 346
45 906
11 876
121 569
394 142
148 920
913 133
869 434
620 742
370 798
584 787
649 424
367 635
662 173
64 994
327 987
977 498
700 669
200 280
37 190
312 391
617 514
395 318
222 753
106 29
529 771
775 850
194 209
663 602
917 286
165 831
831 449
856 960
535 358
363 121
451 172
856 709
694 346
252 924
784 939
57 410
826 481
285 829
229 289
287 117
728 239
188 242
589 209
372 48
629 431
557 716
112 796
35 240
867 560
561 836
310 106
588 105
852 410
488 513
579 170
163 666
507 452
767 853
451 817
409 305
884 835
600 962
291 209
645 195
803 468
105 657
413 893
990 277
948 68
245 405
645 920
328 983
977 697
14 455
718 58
133 490
671 545
268 667
281 496
135 893
228 180
870 382
588 331
122 366
565 856
546 98
186 204
21 840
770 338
815 82
308 50
660 877
187 110
76 618
732 17
856 173
939 995
135 144
884 315
259 226
432 190
784 117
594 906
363 799
315 592
168 982
418 789
442 88
176 246
102 166
393 19
495 925
697 315
650 60
650 58
309 407
95 657
694 72
97 596
286 183
980 515
410 985
525 31
304 76
321 640
729 471
686 667
584 181
212 897
153 31
613 948
699 709
237 267
50 287
136 995
615 267
758 994
254 54
71 227
211 92
581 327
664 276
33 102
920 869
430 190
961 749
614 860
349 79
767 749
51 242
192 761
374 356
390 163
301 703
61 639
203 570
808 712
673 437
10 308
180 560
337 185
900 400
392 46
269 23
597 120
568 378
208 977
507 911
80 955
38 676
821 931
722 192
562 485
534 183
259 881
912 991
567 169
760 109
501 139
849 883
313 480
500 408
65 699
28 429
479 829
452 695
230 376
525 209
448 211
463 938
285 273
694 812
336 222
992 323
208 840
755 29
655 365
679 242
199 678
792 62
938 543
436 977
561 423
755 789
433 225
775 607
476 134
226 3
555 448
199 867
871 936
897 348
773 849
350 409
465 770
922 461
128 543
312 569
874 92
362 175
530 186
940 225
983 191
872 418
631 269
115 395
98 274
754 561
858 837
990 765
820 251
35 453
899 933
469 154
678 923
448 229
359 326
861 451
173 977
672 36
111 351
872 245
648 917
388 400
70 928
586 399
369 875
251 255
281 838
458 409
239 639
769 904
91 66
3 209
50 107
295 611
586 403
464 912
166 433
813 822
99 180
686 542
254 348
806 594
742 217
116 132
964 511
854 46
187 371
210 73
339 552
530 215
620 572
617 239
544 232
64 100
692 389
136 142
325 980
323 665
744 689
602 438
489 266
321 390
72 749
796 846
955 781
681 176
481 542
39 688
695 817
730 736
358 840
990 140
647 784
15 348
554 35
398 761
886 566
417 429
57 240
169 521
375 477
862 995
142 527
425 136
276 84
214 388
409 542
45 274
595 937
218 708
897 711
616 30
885 897
542 555
568 254
323 817
476 765
160 256
763 249
947 712
524 524
67 324
286 25
995 342
586 880
787 869
952 743
847 619
540 155
248 244
696 372
96 277
595 365
627 51
941 504
200 927
202 537
212 751
680 564
301 291
659 126
173 106
166 102
945 10
729 356
991 237
973 277
349 635
872 273
57 117
529 260
807 671
366 39
808 967
621 140
99 789
134 147
689 834
525 232
337 870
453 769
520 842
739 347
333 379
218 375
312 36
347 820
355 260
13 897
10 906
211 585
533 940
621 571
396 131
385 146
170 446
741 109
196 672
488 387
190 161
571 694
955 600
730 221
750 352
924 515
930 953
835 324
207 558
66 605
876 233
873 990
636 846
592 613
377 751
264 111
186 581
102 199
274 515
119 870
686 119
457 224
316 72
191 947
987 719
290 423
425 301
219 568
473 622
987 648
293 799
774 682
659 396
214 208
270 335
317 971
850 513
781 892
166 188
633 480
34 360
115 79
454 980
278 709
918 139
345 424
44 474
171 436
349 914
635 299
887 323
739 685
832 122
186 305
854 202
473 980
744 449
365 644
964 816
516 509
463 843
607 332
581 780
917 509
648 429
583 101
829 266
358 776
390 681
48 315
368 490
671 794
872 657
440 724
258 898
318 277
82 640
575 861
606 154
59 803
246 471
906 831
277 589
703 751
663 142
727 497
98 257
710 679
752 368
183 589
570 817
459 786
369 550
854 859
5 745
137 816
95 740
810 2
609 647
254 410
191 826
262 700
945 351
638 76
293 352
23 524
314 161
606 142
65 85
417 470
732 200
17 524
972 305
326 768
929 265
782 346
314 866
260 649
582 478
325 7
717 715
416 487
356 408
455 771
138 28
911 496
731 894
786 700
368 895
597 756
891 647
474 146
167 757
572 891
265 876
451 792
926 419
579 963
212 264
354 638
708 882
991 562
328 596
217 629
279 107
575 377
564 727
111 538
793 428
77 542
901 799
46 204
671 132
963 924
791 820
516 196
471 226
442 595
204 845
910 841
427 313
952 123
771 530
863 562
277 320
885 766
931 697
906 37
630 67
442 246
130 165
209 643
755 191
95 118
585 983
892 53
837 423
154 620
836 979
34 314
680 10
786 706
411 34
140 953
778 769
230 483
572 134
672 66
637 872
992 239
774 419
456 275
38 250
408 84
368 654
242 595
759 800
116 564
604 803
583 141
699 564
821 852
118 195
157 523
804 342
534 663
396 396
769 80
173 205
690 519
428 386
588 452
35 172
910 56
424 469
752 943
326 452
56 764
899 547
303 569
359 450
455 243
55 140
444 642
299 228
102 493
984 66
625 389
676 236
164 983
969 236
660 290
12 796
243 310
581 992
341 905
764 509
509 644
529 821
847 280
542 770
225 199
751 620
465 413
11 440
806 427
403 705
764 110
990 739
806 856
835 282
962 346
74 699
589 903
640 684
224 446
202 482
545 572
574 212
578 934
473 865
486 135
10 231
735 42
980 731
270 838
177 256
445 441
149 885
68 241
783 513
102 463
771 913
456 590
280 640
422 88
465 49
512 841
516 704
785 512
820 457
757 754
260 890
749 42
806 712
338 795
431 871
659 723
154 343
809 507
11 387
18 679
252 435
370 435
599 272
734 331
329 540
911 911
218 508
618 278
378 170
166 672
841 342
963 468
225 251
778 166
318 433
414 485
303 909
549 888
868 661
453 365
135 973
724 360
256 2
190 518
263 313
155 13
280 440
357 362
946 527
58 308
870 891
537 189
336 451
208 369
375 638
900 492
736 799
491 63
229 933
917 63
548 21
299 324
955 361
942 539
171 386
560 804
14 321
481 831
682 488
905 247
417 20
820 545
768 90
83 168
946 908
2 915
457 527
217 415
971 574
760 245
166 271
373 688
696 328
278 23
720 849
788 967
340 902
997 66
233 352
973 791
656 188
922 783
578 386
232 377
173 30
958 698
490 801
85 734
976 622
891 530
47 1000
960 635
314 681
599 154
960 1
389 323
815 284
481 790
238 44
922 777
889 518
498 172
373 933
994 8
949 236
354 820
822 53
221 186
112 448
668 576
419 376
695 938
867 714
529 654
139 149
687 150
228 411
233 695
759 573
919 797
357 725
150 229
657 808
872 339
593 590
147 120
960 596
134 97
546 994
538 740
316 142
627 418
43 583
996 117
325 780
277 422
464 366
126 472
857 378
231 664
41 49
314 703
760 321
503 346
781 871
938 431
417 647
373 96
589 782
984 192
454 717
677 183
645 997
163 714
772 225
79 413
933 751
51 787
119 777
32 751
469 629
207 191
113 825
545 766
798 579
539 529
258 985
169 911
881 578
979 919
532 482
894 659
266 55
146 925
358 491
473 827
288 36
727 113
244 765
579 807
168 729
666 646
291 732
518 978
524 829
40 630
200 290
652 906
525 579
890 660
337 797
295 784
554 928
966 658
846 940
145 370
907 484
542 130
131 390
202 874
933 19
583 405
779 819
835 423
48 192
766 954
927 819
417 284
153 55
809 310
773 844
489 255
745 823
158 523
459 33
989 105
56 622
360 854
407 263
524 514
746 249
875 156
894 674
658 755
180 584
278 265
274 458
272 146
628 613
780 129
748 665
52 684
442 530
225 471
342 896
446 690
215 12
669 223
592 297
462 788
391 726
870 225
657 47
918 400
604 163
880 815
272 586
494 34
594 785
541 879
447 843
775 752
41 416
274 102
480 227
636 939
390 399
568 993
466 758
669 636
164 294
514 524
825 770
71 345
440 462
708 490
923 239
731 381
418 378
8 792
592 172
560 853
146 229
77 810
73 947
2 278
168 461
859 819
430 819
706 963
28 328
78 693
469 846
702 522
824 189
663 837
735 436
949 337
50 318
673 36
278 686
204 758
716 637
5 680
333 650
953 958
736 113
203 565
813 714
841 166
252 950
774 558
770 966
240 228
393 684
157 564
109 984
490 928
625 225
284 783
421 595
122 41
491 739
569 967
880 989
480 336
131 887
198 21
121 382
511 899
250 762
551 318
741 8
492 196
334 38
459 25
952 61
180 734
744 495
177 328
125 100
922 836
593 890
242 941
306 822
390 932
432 459
704 634
181 455
342 89
639 591
263 947
172 249
877 385
527 75
111 640
123 947
497 331
641 175
230 9
636 338
359 763
206 748
133 65
463 930
937 413
919 970
479 79
109 314
304 986
705 135
486 890
846 552
266 242
920 21
694 117
771 857
106 894
447 712
589 739
648 755
305 978
823 117
196 804
637 651
367 777
608 40
192 969
80 18
297 661
108 715
281 441
676 553
398 917
334 339
910 251
267 566
769 546
142 506
64 966
763 668
757 523
735 199
161 101
557 549
915 415
451 945
162 181
243 229
146 990
633 181
707 392
233 249
902 759
992 24
610 968
899 411
656 143
772 881
39 135
755 704
879 291
594 242
461 108
914 705
777 797
184 536
751 461
436 15
659 868
91 781
177 627
907 637
861 973
130 44
519 445
597 864
261 21
871 478
263 764
629 893
747 254
956 157
376 899
811 299
68 151
47 448
830 497
457 65
306 55
78 659
461 423
1000 313
979 140
115 162
987 335
752 133
603 904
199 90
130 464
671 585
636 408
645 960
120 289
561 143
371 397
860 190
57 826
595 810
627 583
799 157
164 747
710 420
299 774
623 550
59 297
871 619
716 186
402 945
245 150
556 618
872 330
219 362
993 190
470 941
891 629
25 829
614 708
88 8
852 817
458 358
277 685
918 881
426 629
474 770
880 907
81 947
87 50
520 389
92 971
745 366
614 798
462 95
183 323
129 258
799 574
270 778
787 467
734 814
487 502
932 845
848 259
917 159
616 453
710 312
34 649
492 633
195 880
86 720
97 752
739 496
71 214
981 53
623 319
854 775
795 896
460 600
901 674
113 448
416 755
910 323
907 133
127 500
227 332
1 298
163 372
107 689
320 676
224 442
728 593
525 290
10 307
743 206
931 323
580 881
988 196
847 683
577 947
103 831
182 849
250 747
754 450
464 382
44 102
919 29
786 965
367 606
62 584
707 126
781 667
438 325
540 312
842 674
539 413
495 907
970 304
703 592
488 583
522 945
962 205
700 875
120 679
813 733
286 711
972 11
337 94
39 682
658 15
608 475
729 953
761 375
160 989
813 53
172 41
118 603
981 223
417 615
163 792
550 183
268 133
956 198
854 452
441 286
139 726
867 484
417 911
592 678
215 368
617 309
449 55
79 651
9 978
839 765
945 641
168 559
633 411
43 621
111 177
108 559
480 74
576 436
742 504
514 479
518 355
948 112
567 295
33 308
642 996
105 282
847 656
717 875
546 179
837 591
628 448
711 48
224 936
855 316
195 68
826 311
629 313
329 728
831 939
471 402
603 349
519 283
947 358
980 291
825 205
443 28
171 17
128 956
721 502
338 408
132 891
146 386
825 127
288 230
101 334
832 326
645 948
725 705
90 490
742 99
244 444
655 715
296 122
993 290
791 981
490 115
357 65
906 323
838 808
517 26
639 156
679 834
671 466
382 199
666 406
451 820
181 241
868 828
699 879
48 52
916 66
940 778
833 753
79 469
638 347
869 384
164 510
46 796
787 685
530 237
567 863
291 132
364 363
442 686
452 64
721 328
422 744
273 463
190 770
651 227
113 254
781 384
889 728
382 962
447 151
709 419
572 937
892 533
100 155
205 756
406 637
208 408
841 452
102 646
55 269
302 28
962 346
250 569
382 22
233 334
576 736
128 648
95 275
367 918
125 916
497 165
581 558
213 855
185 774
208 916
91 179
998 564
579 435
972 446
553 866
174 604
258 155
897 835
914 797
847 107
1 823
195 226
847 73
1000 20
915 243
916 879
693 51
55 329
387 400
771 522
188 61
495 288
376 392
324 378
709 11
149 869
708 634
771 198
346 882
977 589
626 198
662 261
328 472
946 321
72 732
221 483
442 480
280 709
532 424
455 875
283 508
328 261
318 940
742 704
791 499
603 80
925 274
841 21
219 268
977 672
851 844
22 108
544 860
459 538
73 626
499 246
660 49
887 855
750 900
69 668
591 511
819 226
918 600
625 231
562 619
968 804
805 600
536 389
710 385
124 8
491 813
639 776
692 830
459 275
341 435
800 105
900 127
326 211
573 258
744 247
216 280
198 588
797 197
221 46
230 636
295 528
513 234
883 372
293 421
869 758
741 960
57 810
899 274
881 886
102 66
346 881
158 953
312 404
107 618
972 965
115 532
841 858
716 981
314 268
408 925
19 348
722 202
844 817
570 706
465 384
824 766
22 754
332 266
330 178
158 126
434 217
331 984
333 251
981 756
168 521
122 719
806 930
999 625
209 198
901 754
444 586
550 663
284 732
138 97
10 450
820 422
654 83
225 748
378 876
311 577
653 135
481 225
443 268
208 860
713 570
345 994
217 634
47 412
851 797
163 800
481 44
409 529
187 943
370 38
898 273
920 371
322 66
866 915
477 517
705 445
145 310
498 96
599 428
522 463
355 337
558 782
142 485
598 725
544 184
621 30
913 131
986 412
322 335
307 58
52 940
969 234
634 98
701 724
118 262
132 226
108 191
683 846
643 85
444 415
698 797
830 923
621 20
452 880
25 970
278 551
735 332
991 821
394 54
209 137
999 413
493 793
837 542
883 415
76 825
57 19
461 865
214 413
772 571
191 310
524 440
288 107
148 447
874 375
734 215
990 749
157 362
142 806
436 158
178 720
239 247
843 127
105 341
53 848
254 714
748 508
448 443
63 623
748 466
482 904
454 782
690 670
823 280
817 410
481 860
949 456
889 794
994 248
669 650
57 714
371 663
464 123
737 489
293 423
743 337
895 902
627 436
326 776
50 228
306 967
521 276
557 992
878 131
891 673
969 927
227 370
236 35
775 476
989 35
669 341
764 935
480 526
649 994
470 990
84 774
381 736
76 1
450 45
577 315
937 816
87 121
132 4
704 412
538 482
58 561
131 108
457 717
955 54
880 776
992 207
938 470
161 578
391 51
275 682
70 241
587 742
993 105
487 710
182 205
273 693
238 654
11 36
467 135
30 804
416 960
48 37
340 379
165 761
776 304
126 870
700 262
522 813
668 676
948 170
796 781
169 856
824 836
177 2
384 288
583 423
897 936
32 112
190 675
23 623
735 479
895 775
423 348
993 152
562 734
921 102
523 279
129 132
26 686
68 255
750 318
971 137
407 711
645 570
376 110
854 147
868 559
266 855
348 154
475 523
551 780
818 584
641 776
404 707
782 233
124 489
631 52
80 201
723 695
556 658
741 458
100 780
873 363
736 612
529 8
934 767
619 363
612 179
886 298
65 894
540 698
730 327
968 799
177 107
565 562
239 337
720 160
549 574
825 628
772 129
182 375
760 838
509 144
844 338
337 553
577 999
392 968
72 396
233 745
138 707
769 74
221 240
273 331
386 424
810 20
749 417
812 433
176 126
905 83
599 757
890 277
941 124
981 810
695 611
920 750
578 790
643 463
282 588
535 250
344 664
813 72
839 595
216 768
892 896
80 876
746 101
186 735
252 431
803 752
27 574
602 239
24 887
920 538
798 576
57 409
749 988
248 98
920 357
801 781
554 664
308 169
23 477
128 110
125 103
1000 413
126 893
757 654
538 548
428 454
722 137
552 641
493 613
82 169
212 900
400 375
304 693
37 462
114 289
81 682
8 907
103 551
214 886
70 676
402 912
232 998
659 610
525 333
942 687
791 208
413 937
22 390
58 363
959 435
773 409
790 914
654 692
205 567
792 921
498 504
639 695
219 342
514 730
636 468
871 314
714 669
50 768
90 679
164 853
468 830
487 848
790 47
256 997
585 945
796 721
630 641
164 622
172 353
983 673
946 927
363 506
129 477
202 95
782 122
887 121
764 692
362 436
1000 701
32 178
47 9
395 654
873 13
196 384
90 705
937 748
543 847
361 627
262 503
518 255
923 203
750 394
675 6
640 882
893 358
740 755
848 598
438 863
950 859
853 624
361 572
179 530
260 515
404 404
862 675
799 761
370 978
746 919
769 991
202 722
326 407
541 490
622 501
299 391
287 493
925 308
399 66
764 605
213 169
750 882
140 175
165 551
126 513
755 86
558 891
444 183
312 904
318 338
86 7
880 237
783 306
464 292
909 912
88 384
851 578
141 992
737 128
341 596
139 361
955 536
211 273
682 267
656 182
537 934
296 370
165 423
867 656
873 141
580 936
92 709
997 284
908 702
52 281
13 896
930 105
960 438
183 511
264 89
731 868
681 409
559 15
959 93
607 920
26 237
80 94
304 138
772 142
243 283
364 699
292 437
451 237
637 264
671 155
269 761
335 509
205 752
614 393
842 68
260 100
854 946
754 785
943 309
859 431
70 725
216 115
325 360
761 421
327 877
874 882
788 862
138 166
250 198
682 483
85 724
439 906
231 123
534 115
76 934
625 2
371 148
188 737
80 13
516 310
496 602
836 750
472 497
328 320
924 707
934 205
475 73
701 24
306 860
752 859
591 999
397 732
684 466
337 51
616 152
997 63
351 133
875 54
978 935
974 485
940 17
803 312
193 247
500 587
428 92
954 440
585 512
78 342
15 282
712 632
339 848
71 937
876 14
283 618
913 369
250 204
240 932
9 923
381 624
115 127
357 152
55 551
897 178
557 831
79 725
463 865
700 443
908 820
59 553
191 600
35 43
380 753
662 184
481 824
370 777
793 69
186 267
786 294
672 637
112 962
638 763
187 438
122 619
851 746
803 130
192 196
274 951
667 833
81 398
619 623
219 430
838 12
602 605
994 481
448 279
650 850
512 267
337 443
470 592
517 893
918 954
958 401
369 876
95 979
31 324
513 184
375 621
263 380
958 614
73 5
439 59
613 792
455 562
273 64
659 702
199 854
519 896
548 706
420 520
179 84
749 153
461 912
174 651
691 92
260 357
492 885
742 185
350 103
528 368
303 708
220 951
273 884
956 860
496 225
468 289
128 620
17 184
710 901
969 371
479 575
945 230
437 319
513 743
660 457
694 601
133 693
934 104
953 317
875 589
694 403
747 845
96 801
490 178
802 953
913 238
766 159
868 197
12 763
471 547
657 742
941 604
501 70
192 801
337 900
692 390
385 601
948 451
43 146
464 915
837 486
329 339
192 709
432 709
536 781
753 229
659 401
240 768
342 18
728 83
168 363
667 698
986 938
356 514
201 390
147 595
290 770
883 594
299 501
730 63
446 970
151 651
786 85
749 125
723 747
430 98
919 372
868 27
112 624
563 202
623 469
975 37
67 956
312 771
420 337
562 181
384 829
559 422
913 645
742 794
859 202
696 876
19 623
549 450
66 307
481 769
342 281
762 413
491 908
701 728
816 769
512 840
944 906
775 137
164 552
498 739
482 680
406 841
348 997
541 853
675 726
886 624
14 643
964 322
160 36
422 307
510 902
536 811
36 961
42 488
492 298
786 485
622 588
517 53
804 781
913 757
80 515
964 42
114 594
276 928
540 869
243 560
710 940
326 338
797 681
973 681
203 345
688 772
368 806
623 629
998 15
509 534
569 546
641 213
802 709
125 756
938 121
170 774
980 933
25 886
196 244
476 396
428 957
859 316
813 64
993 218
879 544
807 506
240 90
336 203
815 505
354 618
705 395
524 462
497 201
215 241
825 195
947 486
253 252
83 504
977 144
822 992
88 743
460 781
875 266
865 624
51 831
186 949
284 513
125 599
117 891
154 76
226 501
505 137
590 685
617 368
640 687
933 102
468 813
173 14
890 613
926 654
843 956
351 50
960 300
273 904
248 675
989 413
724 71
837 453
358 479
516 478
780 600
493 618
491 56
696 14
137 415
946 68
62 865
878 132
955 175
822 712
374 241
877 534
19 528
965 543
215 832
670 313
61 380
411 95
66 37
439 197
11 887
924 691
9 25
355 616
743 956
866 564
521 250
611 888
61 200
335 982
269 900
647 979
95 934
31 843
57 673
519 444
989 405
328 630
198 989
184 689
941 743
608 168
853 280
588 708
530 150
311 770
300 389
486 462
121 71
663 702
109 652
75 545
801 465
994 639
354 772
357 598
125 81
839 436
937 275
654 842
593 42
348 740
170 3
747 171
70 139
603 588
172 147
841 925
759 523
928 221
14 869
12 94
306 246
103 460
367 794
817 646
810 937
195 933
945 495
287 422
529 717
947 36
539 274
457 391
421 810
306 633
999 368
196 762
26 547
502 401
204 916
851 557
524 290
623 690
267 952
750 469
764 323
560 22
617 189
764 628
317 18
982 775
328 670
515 460
448 525
966 793
710 625
455 951
654 19
85 158
820 28
765 159
852 848
218 648
703 436
295 265
267 319
98 805
221 200
951 578
847 793
888 177
564 294
368 584
341 628
650 457
323 129
277 830
450 112
575 288
808 526
634 468
939 846
20 576
366 773
698 58
300 628
956 311
553 195
362 923
75 440
229 408
393 727
615 733
731 449
132 71
748 434
616 56
215 427
491 745
759 91
39 761
894 905
888 193
146 54
489 774
326 461
811 536
637 200
121 12
403 246
84 496
371 368
222 13
147 318
777 813
196 395
242 279
920 104
401 748
379 842
75 810
634 824
754 308
855 417
779 330
808 399
358 494
640 936
91 384
911 643
725 169
502 982
724 311
469 844
102 519
783 321
707 626
389 881
856 140
695 608
91 990
269 988
980 60
161 557
711 621
517 905
185 828
732 373
199 993
612 990
966 400
700 12
285 471
786 837
9 694
686 514
73 557
188 553
485 794
945 575
431 867
186 824
223 537
263 630
609 472
696 492
947 298
287 786
166 495
524 842
995 60
724 377
92 525
605 173
390 879
866 172
939 459
714 840
719 487
862 907
190 321
539 460
931 777
933 368
442 984
690 803
730 356
507 550
806 343
889 369
483 938
902 947
848 734
299 2
418 271
562 851
615 884
202 195
606 504
15 996
248 296
890 624
439 972
275 322
39 347
998 948
159 773
267 320
442 129
255 776
876 844
697 431
236 877
291 668
356 76
300 84
125 347
405 522
418 305
997 313
495 728
246 839
407 140
904 828
60 52
106 778
740 869
475 333
846 692
719 594
930 662
1 782
978 138
60 42
380 82
844 426
214 602
905 783
509 481
971 858
239 275
451 59
327 935
122 525
686 579
201 275
180 96
332 307
735 528
487 580
842 197
41 503
972 532
15 564
157 911
162 48
491 382
658 214
705 210
865 725
941 289
688 487
384 260
11 496
573 749
636 667
766 57
37 984
578 584
934 83
845 412
863 131
886 622
775 282
404 104
468 607
824 732
562 401
928 101
79 613
777 34
287 338
325 538
305 796
660 180
749 804
193 343
746 33
331 308
1000 531
892 20
847 632
123 291
595 592
456 539
506 395
531 448
999 750
849 488
204 586
572 765
714 281
242 815
194 953
657 668
659 185
636 568
657 935
600 502
638 820
324 109
419 174
30 895
286 607
294 34
347 492
297 62
235 348
580 908
323 769
671 31
171 51
492 769
356 280
568 368
562 739
699 912
56 753
267 992
602 461
632 693
302 142
195 448
37 79
30 280
309 676
441 943
606 360
704 400
26 621
847 320
454 193
352 231
626 845
494 802
334 33
854 163
312 783
978 32
984 188
98 839
386 855
985 133
753 883
641 812
27 362
504 454
278 205
303 368
209 187
15 383
910 223
778 748
912 587
298 473
535 346
13 549
664 174
409 95
614 675
205 81
98 43
756 424
949 863
80 891
964 557
761 600
969 283
818 679
700 339
433 202
536 425
264 106
893 785
519 32
341 568
809 969
65 27
909 671
512 71
40 545
923 501
972 190
99 515
419 947
449 943
865 92
443 690
145 362
171 951
508 387
713 850
53 618
477 603
584 927
339 468
434 307
729 771
325 556
454 299
530 94
315 649
150 329
897 435
526 419
121 158
735 229
795 331
842 555
303 63
897 609
632 400
974 504
457 286
887 996
386 514
996 160
84 473
15 774
988 190
784 810
224 838
580 172
354 122
25 827
582 836
709 735
91 522
887 628
78 22
600 252
830 33
126 740
335 444
111 89
214 686
59 504
847 172
338 469
392 749
826 980
149 198
163 665
857 647
233 161
822 881
156 144
150 264
778 304
465 533
335 266
497 174
692 227
719 317
818 158
720 720
972 283
718 218
633 787
719 863
432 75
779 987
513 527
526 234
81 431
642 444
116 56
12 16
987 735
945 345
256 500
561 684
367 489
96 639
830 311
766 738
287 351
531 536
421 989
767 366
413 165
886 802
402 844
237 581
901 707
777 531
423 55
213 656
96 761
575 390
862 39
61 214
568 437
476 750
198 804
811 21
797 595
321 466
742 423
559 299
532 959
422 838
705 114
366 598
963 153
105 349
33 350
294 543
367 20
76 192
29 864
399 851
513 78
933 458
991 699
193 448
846 149
160 455
288 141
645 447
233 335
544 199
830 846
536 887
245 876
960 687
175 306
466 241
271 219
690 849
661 350
914 177
75 315
122 436
236 446
292 494
781 209
154 759
986 124
26 260
912 552
108 753
650 305
534 139
702 761
693 535
985 930
683 151
837 126
991 634
428 221
452 247
825 581
105 391
356 750
819 876
68 807
778 73
769 809
574 860
573 472
782 252
759 404
669 972
362 167
148 300
110 867
772 808
263 842
229 860
140 53
917 279
348 932
555 802
787 815
49 1000
910 746
676 530
100 670
845 393
817 883
792 638
495 424
751 664
660 43
170 641
330 277
743 436
692 780
793 728
81 446
595 31
852 310
921 814
67 648
305 840
870 861
802 973
431 152
347 602
900 479
979 345
750 96
940 458
623 703
816 621
138 475
659 696
405 607
532 917
314 43
172 250
132 29
201 576
255 831
510 292
205 298
830 485
446 929
790 723
967 240
204 974
109 930
980 720
912 386
915 770
906 677
158 236
218 965
890 233
740 136
540 472
920 410
119 923
729 921
41 746
736 247
255 983
29 302
583 45
410 662
662 368
289 696
259 964
8 693
907 479
834 649
482 132
299 52
110 655
287 723
526 207
327 820
657 156
235 209
741 355
434 642
988 487
560 264
44 717
563 901
940 197
855 391
473 73
728 620
935 744
226 670
140 197
117 880
931 955
32 717
329 570
563 736
684 769
518 935
699 714
13 183
751 322
363 691
160 671
833 459
487 911
808 509
130 679
314 857
553 957
939 414
974 948
543 936
283 415
788 338
474 610
659 482
115 323
80 491
508 87
972 523
475 928
292 672
710 349
914 118
515 856
528 634
532 732
896 566
399 546
992 938
415 275
511 303
162 338
474 432
206 311
426 278
579 964
958 109
720 546
522 812
508 105
404 14
671 599
525 455
135 426
576 660
638 532
65 42
673 185
667 350
597 793
278 503
209 807
297 175
639 473
353 887
419 547
360 439
880 137
704 311
654 889
718 289
696 804
175 299
603 246
689 884
180 218
629 362
337 747
795 495
753 208
639 674
987 908
903 723
922 553
65 640
579 678
223 802
394 551
17 946
612 562
122 24
631 115
695 479
255 436
751 955
967 155
20 33
618 337
913 344
587 441
595 878
995 523
413 160
293 14
488 697
220 271
733 784
83 131
794 341
163 95
565 597
704 952
487 222
345 611
898 580
783 227
810 236
758 319
692 244
489 606
784 306
923 116
258 304
996 733
261 904
671 324
426 263
739 631
142 487
37 622
816 586
989 658
938 973
106 193
914 305
977 325
301 182
561 857
359 711
983 524
736 740
111 753
949 364
104 312
201 287
653 511
925 11
378 929
194 318
416 907
748 191
30 335
232 759
778 476
5 532
253 885
666 509
126 568
413 829
217 461
161 780
448 363
250 597
694 224
159 394
60 508
650 887
919 124
294 926
898 511
832 607
526 425
195 219
977 574
864 560
329 7
632 185
398 414
756 54
131 166
153 711
874 154
128 217
567 28
489 967
380 608
205 980
568 36
664 652
670 951
231 862
175 711
200 362
26 716
653 14
883 636
457 893
423 805
925 419
764 819
87 193
197 316
923 317
505 13
596 925
849 530
193 670
756 545
904 425
892 262
851 520
642 647
304 255
753 856
958 550
355 847
33 808
952 933
713 11
813 763
285 161
445 908
326 509
850 450
159 440
109 288
193 735
443 943
186 996
84 42
854 734
368 788
815 1
982 647
301 615
596 673
771 529
80 176
245 110
698 343
612 341
404 152
348 176
13 125
321 534
185 938
116 525
589 846
959 23
811 673
868 640
942 582
140 554
72 909
190 37
142 394
418 396
822 449
326 952
553 891
214 836
789 710
81 858
332 264
94 783
543 106
775 581
236 727
172 386
103 716
365 191
665 630
382 426
648 167
791 847
505 460
180 230
305 906
168 662
716 132
760 904
256 893
120 477
886 231
833 611
986 645
912 504
683 516
731 868
81 481
239 588
185 108
553 887
663 936
556 137
730 984
21 508
480 431
46 970
939 319
10 682
360 267
889 206
52 60
178 519
228 198
691 773
623 618
35 988
283 827
416 550
808 525
634 135
192 360
215 41
811 357
690 583
434 883
872 14
43 88
897 779
482 515
639 634
528 364
784 502
190 632
829 919
450 333
681 540
924 51
160 343
283 973
61 400
16 790
337 229
100 454
550 229
584 826
469 65
400 122
985 995
850 106
829 149
412 438
851 509
941 424
95 851
386 935
610 675
860 25
135 903
278 214
115 449
541 471
707 292
364 464
582 273
79 345
883 248
736 284
809 365
262 162
385 900
785 654
891 351
860 397
273 229
824 207
549 502
776 978
624 642
882 116
298 192
357 491
839 24
330 688
350 247
45 649
509 639
1 21
59 295
846 990
512 339
471 532
199 838
112 566
942 947
378 982
755 993
765 10
563 289
894 598
637 557
521 5
114 9
98 916
907 456
982 395
432 588
852 48
782 350
350 740
287 731
964 299
312 872
820 651
7 431
469 114
507 140
910 790
580 743
551 668
178 97
733 650
821 219
805 72
918 959
527 879
269 832
743 849
603 452
127 274
951 861
710 745
968 717
627 876
128 562
94 890
458 631
320 384
646 73
874 897
980 964
862 451
840 789
553 330
555 811
292 75
46 12
674 677
206 263
206 193
482 915
48 282
395 255
103 201
368 364
908 162
823 850
400 956
609 150
382 334
204 652
711 944
438 347
695 403
899 119
711 153
407 432
241 375
33 427
312 217
615 617
134 288
259 204
364 413
714 324
923 145
843 942
946 893
126 97
10 789
829 109
865 674
585 609
404 488
867 487
299 808
363 731
490 210
118 771
443 952
416 642
697 89
558 690
756 747
378 447
19 449
317 138
665 730
640 627
391 886
339 578
388 891
344 657
517 790
707 604
361 983
918 275
213 231
964 968
955 543
338 206
23 492
399 749
958 422
376 499
610 518
303 835
662 38
672 595
802 48
588 994
368 707
924 210
609 501
749 818
75 806
934 758
159 982
951 962
376 150
217 89
491 391
667 742
490 360
718 923
405 152
898 661
961 187
674 511
101 18
762 709
842 832
148 839
190 682
314 538
901 759
416 804
48 630
240 905
244 175
532 959
460 419
664 917
118 504
622 946
629 266
352 89
615 492
123 210
319 936
181 667
633 4
986 767
603 404
541 813
224 151
756 95
130 418
878 437
944 281
579 465
509 686
441 406
844 681
516 406
347 267
182 283
813 128
854 275
126 616
155 34
852 174
736 175
498 679
884 142
270 645
127 385
791 881
675 633
625 403
362 304
135 741
325 412
755 198
409 209
127 830
617 721
722 516
475 419
149 642
646 824
206 72
615 707
454 620
442 327
463 197
675 562
427 406
324 391
473 608
527 488
370 986
487 923
29 981
781 329
731 234
48 913
22 693
554 847
472 804
793 84
814 488
405 703
428 300
386 978
222 707
713 914
494 865
385 431
661 766
843 723
999 670
104 220
672 256
556 285
179 81
592 308
661 478
912 364
502 270
820 146
639 468
76 823
130 460
992 905
874 635
618 895
474 175
40 438
968 451
540 947
748 314
546 70
131 886
401 48
130 323
664 114
810 890
617 519
287 201
147 61
765 896
921 428
805 189
94 785
681 819
596 781
520 654
807 264
469 310
918 314
993 131
499 568
501 262
231 859
325 346
660 640
614 685
794 7
382 316
174 413
393 456
226 350
866 360
675 753
10 177
861 395
226 983
20 832
545 103
114 487
985 619
530 357
113 813
147 63
863 566
900 740
987 538
810 608
162 156
244 797
888 416
573 301
256 393
993 242
536 393
513 74
331 788
518 254
43 790
630 833
912 413
734 223
892 938
370 879
260 149
985 571
471 727
946 630
557 448
45 61
894 878
271 604
334 652
738 67
32 897
89 154
841 582
28 108
705 925
141 969
122 912
726 800
604 168
753 201
582 144
825 181
375 719
189 716
572 473
731 240
770 823
775 827
1000 793
86 838
388 535
481 659
63 367
242 183
225 26
977 720
195 790
194 79
654 925
222 430
140 12
121 935
917 694
575 556
592 437
557 954
271 78
146 86
618 73
39 664
896 595
314 272
42 530
219 416
197 465
302 419
704 61
162 100
175 111
576 405
82 457
825 209
393 947
748 394
886 959
176 279
311 755
646 890
412 262
296 948
273 856
14 619
642 549
757 400
64 245
985 534
505 317
75 77
542 205
33 424
706 603
773 143
637 491
983 704
575 521
811 698
166 757
520 587
996 204
70 833
978 115
556 385
317 125
590 852
706 891
359 159
865 115
324 333
326 607
583 70
830 735
448 852
79 136
926 83
83 130
548 567
825 925
1000 363
219 654
752 375
294 227
234 658
244 400
818 348
907 379
781 383
268 68
576 267
429 536
890 675
680 126
693 463
802 420
275 131
945 197
400 119
821 659
870 945
226 752
390 961
279 183
946 881
49 612
96 266
396 186
474 797
192 591
275 818
488 796
381 516
976 144
667 683
471 732
492 276
564 997
833 737
668 498
149 511
847 737
640 458
430 911
278 872
804 53
909 180
483 706
318 698
294 610
922 841
250 579
522 553
907 462
90 892
441 238
525 902
531 285
307 828
571 12
5 467
223 81
838 620
642 831
674 59
625 502
241 508
998 150
676 942
737 939
875 132
594 307
586 87
282 443
175 830
622 558
493 742
157 213
167 60
41 275
643 429
177 493
971 50
888 302
478 739
762 660
818 729
935 794
409 624
893 572
671 961
26 614
261 897
263 213
309 485
939 358
156 607
304 895
922 790
930 23
428 7
248 753
443 881
631 876
560 237
20 441
477 201
435 971
95 157
431 633
982 397
193 962
758 15
718 953
594 152
241 684
45 913
554 422
236 790
683 282
383 782
457 953
862 260
199 301
78 962
620 542
29 321
687 688
234 335
833 7
6 276
692 91
924 226
139 431
72 670
532 324
889 361
378 926
48 903
169 831
866 244
268 344
944 872
95 189
769 391
557 274
813 5
693 374
434 57
198 447
430 886
584 4
542 220
932 904
680 273
274 942
304 474
728 794
807 32
854 988
290 683
376 536
87 733
804 332
3 286
71 297
984 692
644 368
18 25
612 28
478 573
345 852
250 721
17 488
655 174
435 434
55 771
570 286
870 67
526 72
263 707
703 397
847 889
5 703
608 29
39 47
691 334
540 148
507 848
318 920
704 772
510 82
59 364
919 524
973 521
862 759
531 615
328 233
295 859
15 328
827 960
852 241
801 613
787 189
855 953
829 289
708 117
514 318
29 862
875 462
789 846
60 390
724 619
994 416
847 605
651 359
378 944
133 911
846 372
539 595
94 897
819 650
901 315
575 86
866 218
753 638
348 704
588 358
558 372
168 619
606 190
582 373
878 480
388 659
610 354
307 371
858 791
3 454
527 887
396 911
742 969
517 238
286 636
946 465
766 296
913 716
449 687
615 866
364 61
464 563
53 311
143 936
844 754
985 499
499 332
397 949
869 110
880 327
511 78
344 585
63 960
149 91
6 815
423 295
922 505
913 954
578 467
12 642
716 32
983 91
317 673
550 74
706 793
567 411
323 574
337 272
501 493
444 786
785 921
363 13
818 383
354 939
583 438
299 199
116 382
865 210
801 234
698 866
386 758
69 187
636 413
894 118
923 882
656 139
126 268
349 219
897 89
321 165
608 743
977 905
601 802
306 198
415 68
296 366
765 248
664 523
315 298
440 687
26 343
391 265
74 51
1 986
439 349
673 921
37 476
978 129
598 78
798 708
235 814
21 172
283 665
400 159
486 480
983 621
536 661
369 945
280 73
362 111
554 969
610 921
460 712
937 977
245 822
461 483
375 129
379 546
622 213
164 818
360 830
854 704
850 730
619 471
299 119
727 840
899 414
978 243
923 819
169 476
596 286
321 530
495 542
917 708
647 736
979 278
211 475
712 9
705 30
984 46
820 251
949 683
914 733
955 876
955 717
116 910
46 254
689 301
393 322
960 742
254 662
510 38
253 599
411 482
627 132
26 614
623 684
946 80
887 283
361 358
171 619
560 158
484 659
520 574
955 271
235 629
121 128
687 662
477 784
761 268
27 395
703 973
207 505
918 934
285 891
557 599
155 455
219 631
932 236
240 155
449 264
899 849
772 61
896 577
411 913
251 309
415 1
603 127
969 612
428 250
125 866
122 196
881 474
407 301
703 693
933 460
836 526
759 503
790 516
675 472
545 338
988 261
988 300
846 126
960 193
919 525
40 797
562 629
485 277
378 460
957 840
495 944
154 926
680 187
361 134
713 328
871 49
686 913
723 463
971 744
40 503
637 898
676 669
671 433
220 569
916 709
894 515
834 795
46 818
317 632
616 545
747 288
206 130
963 909
352 784
117 234
973 136
84 270
845 128
591 110
90 80
551 913
66 455
526 238
594 795
110 990
413 252
934 494
417 559
743 454
179 132
223 179
726 703
717 699
737 77
906 491
300 410
781 310
836 697
611 92
328 624
623 809
342 956
125 805
732 177
803 935
731 776
445 641
523 573
470 348
571 579
70 794
419 839
883 426
13 676
677 622
917 324
253 577
503 790
188 674
914 116
713 701
591 489
608 585
412 682
421 329
442 266
604 547
586 668
608 296
758 594
692 730
809 791
526 177
88 747
621 475
115 506
341 282
42 570
372 185
82 636
823 477
429 388
804 886
53 102
204 934
744 495
6 20
446 139
792 227
982 192
788 163
616 216
397 503
97 426
659 185
819 698
983 909
561 538
502 211
37 694
541 601
343 147
658 353
441 139
176 598
484 185
200 485
488 170
471 948
397 478
665 890
681 692
419 599
393 673
41 552
572 925
323 32
687 315
22 306
669 275
631 332
898 197
246 529
176 714
12 92
227 404
241 743
494 371
651 628
544 398
184 980
126 291
723 489
358 613
104 506
612 536
738 564
46 125
906 100
515 914
557 318
639 751
884 432
311 2
831 845
160 747
416 583
342 251
998 522
900 513
689 512
647 736
183 634
463 263
287 586
476 525
948 636
853 936
56 455
405 601
514 923
142 938
822 218
868 671
227 633
789 849
454 70
122 373
273 957
931 429
607 947
432 542
877 174
196 617
552 895
393 324
102 121
730 56
115 71
217 812
8 957
174 148
836 941
656 49
184 182
367 961
35 560
422 348
384 383
2 342
919 321
928 269
401 198
462 776
760 689
427 264
199 607
312 818
510 803
804 234
91 612
728 915
89 974
107 306
482 677
683 665
920 281
635 233
855 166
307 221
186 879
438 919
550 291
97 654
753 755
442 750
533 262
538 470
976 132
119 634
33 166
8 379
749 707
753 150
757 934
305 637
55 719
884 59
542 279
459 593
329 776
374 933
610 5
301 925
189 998
764 50
761 599
774 424
769 626
6 720
673 579
982 732
162 423
490 944
390 918
694 503
610 152
19 915
518 794
148 127
30 925
721 855
826 548
105 443
119 217
667 583
859 788
551 850
824 856
202 1
707 670
62 812
16 39
508 257
516 119
540 700
810 427
738 17
332 498
884 195
214 504
119 592
804 586
536 200
723 804
792 434
519 85
616 699
839 933
772 260
587 393
871 265
322 574
64 85
603 468
497 599
87 666
756 871
883 876
130 973
177 146
666 113
510 185
240 387
196 830
787 114
505 69
974 848
721 331
161 762
846 950
866 875
636 303
822 572
968 819
261 469
132 753
728 997
949 364
179 12
721 741
464 404
610 334
938 56
958 763
229 530
753 677
680 948
551 612
355 271
547 755
460 407
649 934
300 226
923 967
782 964
551 834
520 434
974 826
505 782
64 223
293 483
322 847
255 691
896 400
45 487
671 3
659 476
620 880
580 20
848 642
339 590
915 687
983 937
593 165
927 339
274 341
721 90
210 263
219 20
558 940
972 20
131 180
988 98
570 707
706 320
704 962
100 372
944 123
322 22
670 367
426 470
284 611
768 579
683 264
28 52
294 347
338 111
639 726
501 259
289 675
537 672
202 581
892 365
556 471
661 152
170 614
139 267
257 654
70 532
996 908
243 299
895 969
452 241
856 715
297 872
419 363
541 218
765 258
799 999
189 952
553 689
131 771
677 526
414 837
429 756
810 530
686 90
820 85
188 4
846 607
604 136
706 51
334 720
633 436
569 941
513 688
331 199
927 600
507 221
638 538
699 652
383 320
14 389
678 784
866 250
788 676
873 894
908 293
919 901
605 872
976 560
127 884
290 490
218 920
645 594
580 44
608 950
879 14
106 218
306 504
8 480
488 271
518 458
52 492
660 921
849 547
544 922
936 865
310 502
585 452
67 482
727 366
498 853
606 738
827 817
859 349
608 933
359 513
247 539
227 365
637 345
366 321
706 442
553 988
590 792
865 733
215 42
626 871
695 202
695 133
976 998
984 974
355 545
93 373
582 16
563 602
656 144
217 665
671 213
997 34
180 430
914 353
86 419
242 370
841 956
553 317
709 774
448 277
716 939
763 623
73 832
436 758
539 668
570 387
140 161
353 831
571 722
996 18
751 534
866 849
992 743
410 22
761 457
757 665
725 719
488 130
946 494
787 13
974 862
485 682
588 92
345 920
106 446
839 546
302 361
994 95
29 950
672 775
979 613
152 710
86 634
502 436
78 401
104 582
121 95
397 6
208 786
87 254
566 603
113 872
261 283
272 943
841 315
571 898
867 9
1 400
40 69
473 503
795 898
469 157
934 898
644 656
129 996
554 232
155 309
806 685
930 309
298 735
823 442
371 955
94 352
899 349
623 766
955 141
155 233
348 149
438 277
6 965
20 336
413 612
615 194
976 78
911 209
369 220
115 459
871 581
155 229
404 116
722 175
541 72
392 72
413 585
500 494
284 545
758 6
875 571
136 656
136 522
143 430
908 97
650 122
116 193
134 209
29 102
378 545
788 706
113 531
535 190
585 375
270 605
526 606
184 39
721 50
888 978
664 658
842 640
826 825
934 284
876 546
701 189
500 488
343 665
66 607
983 605
595 543
57 367
25 144
507 15
885 747
808 811
791 581
755 852
493 481
690 684
194 76
667 96
574 661
853 281
890 139
49 928
491 293
331 664
981 466
611 943
906 872
779 761
990 954
184 780
426 796
681 649
483 311
712 209
731 233
820 359
249 426
301 524
782 987
228 389
349 913
807 276
242 408
237 313
509 580
160 110
488 653
728 973
636 519
924 863
714 375
678 347
862 654
57 463
735 207
392 608
558 218
346 133
635 849
388 89
182 811
693 843
126 573
765 254
289 321
364 309
106 963
35 521
480 875
687 675
991 84
220 662
171 28
691 635
656 683
303 929
957 743
651 664
589 991
699 92
32 121
365 592
571 376
999 664
713 710
725 187
705 926
274 680
238 836
525 478
168 932
510 645
436 30
805 313
605 100
552 158
802 171
731 666
953 726
798 472
707 839
598 249
733 57
228 19
356 410
471 443
181 966
883 559
199 714
725 63
118 257
807 327
133 711
400 738
469 585
401 956
257 220
417 859
132 7
272 981
753 87
98 21
235 715
91 651
516 60
100 720
709 921
774 955
739 278
514 479
931 977
721 961
753 63
112 474
704 93
457 322
930 80
402 55
223 620
248 388
204 463
603 561
902 621
914 860
561 286
835 605
226 562
867 902
75 297
948 994
529 636
559 89
633 791
661 563
850 288
119 415
311 32
691 890
88 899
378 190
86 487
824 271
54 926
471 138
937 97
508 311
854 694
657 797
255 104
871 602
631 106
272 831
84 674
879 885
522 248
45 205
702 2
308 534
868 684
689 655
506 193
29 578
636 769
801 402
720 165
349 391
751 216
296 437
214 589
952 974
885 692
634 835
533 396
13 282
924 110
748 933
758 657
67 535
493 555
975 556
330 674
135 579
539 268
744 314
377 184
660 853
390 167
35 915
752 189
540 659
674 57
442 604
749 440
258 712
615 225
216 973
810 605
667 547
728 993
212 388
167 262
682 200
878 455
931 181
90 204
926 704
270 552
345 731
406 866
16 451
434 44
88 150
56 779
481 325
91 132
946 215
345 529
404 189
755 740
819 677
699 555
987 965
644 323
776 983
657 689
79 693
774 94
875 647
221 764
775 250
55 622
37 851
677 592
184 980
479 691
493 196
946 275
64 225
776 473
510 325
42 771
11 610
513 291
333 156
179 984
348 381
791 241
92 53
429 854
80 634
689 172
99 685
66 837
749 802
179 911
595 816
119 77
973 690
212 255
835 107
628 909
364 631
231 333
624 244
933 544
246 435
465 33
720 904
785 882
729 912
759 100
937 769
849 273
968 32
226 283
330 628
753 653
682 425
420 467
214 243
750 66
683 510
330 645
603 163
537 4
294 944
692 701
516 720
241 135
794 22
446 727
30 941
291 254
175 2
768 26
269 115
793 876
699 169
335 778
505 255
932 907
627 803
813 329
330 563
38 828
459 523
862 705
115 846
149 172
697 674
952 280
264 904
770 465
742 589
830 696
566 611
940 48
103 93
138 905
394 632
361 436
549 101
65 490
166 643
924 183
838 612
636 461
571 71
84 388
278 419
114 21
780 945
697 670
607 321
341 109
813 374
25 243
827 331
311 218
349 311
875 458
108 266
681 283
527 910
597 329
563 269
144 598
702 888
921 836
563 523
307 777
596 383
86 44
344 638
251 133
994 642
446 930
247 552
860 199
7 209
285 536
614 8
364 730
777 41
338 608
86 85
727 491
932 698
335 953
805 183
453 89
319 109
76 643
467 705
356 598
545 642
911 452
169 477
36 266
555 849
408 54
532 704
340 945
975 820
568 73
506 209
853 399
340 211
163 542
214 560
148 501
537 286
814 623
88 229
483 345
575 833
838 371
840 853
670 593
143 354
903 994
508 506
535 794
628 155
333 318
318 37
783 15
131 677
514 326
691 838
42 586
514 156
610 936
466 418
944 553
422 715
690 928
330 674
829 119
901 815
166 550
333 688
312 180
804 794
466 210
410 818
897 653
198 146
588 849
436 402
58 491
147 292
308 137
879 382
184 767
684 673
379 216
420 739
847 205
544 709
13 163
796 16
778 209
1 507
548 363
410 710
367 582
519 635
642 819
715 947
189 795
811 827
399 574
525 26
161 343
250 264
579 520
718 264
440 743
811 66
491 577
422 485
408 743
140 955
406 805
731 677
622 969
308 93
372 119
571 963
620 731
112 999
711 979
638 531
177 693
839 780
421 180
469 736
266 868
547 250
268 423
880 402
51 976
486 13
408 851
635 94
784 968
39 451
381 815
893 687
845 356
381 983
994 447
823 719
129 56
799 552
630 115
946 196
457 923
900 299
652 998
801 742
204 133
873 254
579 4
192 721
392 504
624 572
943 255
755 31
573 917
210 720
76 772
457 316
10 239
862 729
449 547
899 765
506 268
733 580
938 407
782 862
687 659
510 970
752 924
450 53
265 700
289 255
416 830
252 656
535 391
774 235
439 131
822 679
926 464
245 310
932 349
616 348
739 608
511 284
304 501
305 68
488 315
419 852
143 712
642 765
281 691
634 849
214 917
217 944
948 459
281 148
190 402
426 162
465 899
34 723
805 513
887 658
474 133
88 205
951 669
17 474
362 263
397 593
198 352
816 571
818 860
895 563
194 70
409 104
897 535
54 876
440 265
400 146
928 920
137 443
421 907
855 90
891 229
950 184
498 238
23 452
891 209
156 881
896 113
148 990
513 292
386 63
764 247
637 71
348 770
656 522
857 577
784 136
141 944
673 458
381 505
332 83
569 848
784 534
460 602
727 482
887 34
939 591
180 477
476 779
964 149
168 212
229 806
339 553
219 629
217 303
492 488
171 321
906 377
146 604
28 606
364 761
460 850
707 306
596 814
661 929
16 627
944 668
510 465
473 457
817 443
632 67
921 370
540 96
603 356
790 657
881 608
47 631
20 116
761 427
893 148
304 472
935 745
404 596
1000 160
258 187
556 55
96 600
889 391
175 215
171 211
328 475
607 53
421 258
512 114
394 37
769 237
372 673
276 188
897 598
127 281
435 968
803 882
734 596
527 105
48 901
604 688
903 872
902 894
619 403
743 216
87 962
487 314
675 421
785 201
167 176
961 80
584 361
931 178
918 621
893 101
954 649
774 400
639 545
411 26
892 54
278 982
679 991
549 424
101 11
156 685
9 96
303 386
740 410
426 705
233 601
388 46
805 976
760 886
503 713
282 367
975 629
358 523
447 665
457 79
825 939
683 808
996 102
8 592
895 202
263 297
409 8
756 460
987 589
62 272
628 679
635 766
205 405
633 673
3 566
996 379
426 927
632 848
392 477
727 342
617 117
359 210
554 21
77 843
186 425
646 80
151 973
572 954
83 552
424 113
682 458
831 825
169 479
640 395
834 978
152 254
15 517
809 163
417 911
644 630
119 583
132 951
481 753
754 784
802 831
946 921
656 693
670 262
495 793
669 118
213 267
317 759
116 167
323 529
49 772
733 229
725 658
106 423
725 641
562 12
963 547
192 772
235 327
26 707
140 250
402 333
481 300
837 714
145 647
242 786
345 383
347 749
192 674
650 191
653 999
910 182
253 151
696 929
654 590
618 95
994 271
461 601
606 961
696 476
961 291
728 234
154 512
911 511
597 202
59 261
508 870
543 66
151 192
690 16
319 694
419 179
110 422
851 591
594 996
234 563
274 494
312 34
60 904
431 379
618 7
167 617
718 810
792 26
180 584
84 814
278 103
638 147
921 88
339 252
817 834
874 49
408 525
102 133
597 519
183 651
668 834
44 42
142 257
66 354
299 662
530 252
187 833
661 56
331 112
72 693
790 546
435 543
176 65
55 702
415 858
830 219
977 363
827 872
108 796
200 125
201 985
492 86
363 884
28 818
172 915
856 540
387 939
247 698
722 30
149 624
425 831
278 568
265 457
229 521
125 105
199 124
335 305
145 371
363 240
220 302
461 915
540 872
216 609
102 755
71 863
689 579
441 170
13 160
716 209
151 226
662 738
686 541
647 51
674 226
417 301
903 952
490 134
502 285
356 650
529 982
530 77
61 596
771 596
612 336
478 722
817 115
530 199
380 835
424 193
994 663
645 934
678 913
687 895
363 135
123 382
954 22
994 493
33 674
380 945
147 166
646 803
680 454
284 782
8 964
859 161
604 882
912 659
483 232
650 218
601 688
772 285
728 163
575 897
264 661
896 686
1 51
924 171
51 31
578 237
978 282
697 632
448 201
587 534
24 384
913 569
287 339
611 288
39 85
764 916
807 356
983 264
353 77
699 26
133 533
918 10
992 260
385 695
879 36
582 442
495 437
608 967
278 370
261 454
723 14
659 1
723 635
758 764
552 586
832 864
952 938
270 677
989 369
99 474
255 578
196 424
784 798
238 133
852 803
545 194
86 653
92 854
573 93
543 619
893 625
97 128
817 211
435 985
207 417
748 206
216 399
444 177
19 65
819 758
782 345
401 472
190 290
781 49
744 207
461 1
554 3
653 159
490 822
529 164
884 36
12 445
235 84
631 429
40 159
239 710
407 190
869 809
650 291
707 423
408 53
706 729
229 639
415 731
657 838
360 866
379 321
534 110
528 726
810 78
701 860
882 59
843 916
648 531
588 708
921 112
117 827
21 900
190 69
433 666
195 12
605 653
624 732
258 570
424 997
911 897
286 70
590 528
489 653
718 703
242 702
493 906
537 674
741 756
61 694
616 842
655 253
483 979
827 79
184 570
41 58
885 830
476 69
351 315
840 497
398 580
230 670
606 80
91 995
953 870
846 130
894 751
930 963
403 277
42 155
954 949
548 905
505 111
503 268
596 79
568 801
804 866
488 998
939 788
118 672
724 260
768 290
636 822
215 835
355 382
986 430
110 172
8 336
571 583
788 768
944 371
274 380
750 883
844 217
734 223
660 331
947 124
706 389
690 745
897 762
648 316
85 856
693 699
54 7
440 520
65 341
10 243
461 410
208 310
574 711
539 537
463 768
292 715
922 850
107 531
507 122
616 159
176 216
196 275
584 440
545 616
978 213
907 987
240 295
588 608
234 789
189 154
70 603
253 180
963 26
137 23
418 531
182 996
910 145
987 98
502 359
409 321
487 455
473 311
52 464
367 223
442 763
243 405
659 456
630 548
724 788
736 361
162 523
288 188
532 599
786 74
702 890
452 314
351 377
343 582
572 82
140 887
975 23
228 185
155 92
986 809
270 927
588 657
951 209
999 667
820 741
853 149
91 687
567 770
510 997
133 198
974 821
81 739
223 258
458 455
141 321
538 267
707 853
378 502
183 260
870 876
565 85
364 586
790 309
827 972
398 476
408 697
868 776
765 682
85 487
576 385
781 27
97 37
659 605
205 102
983 496
651 622
941 109
917 940
60 291
532 232
137 398
477 373
476 850
318 729
972 313
652 566
623 782
832 866
718 534
794 620
740 655
733 568
22 699
776 74
955 741
449 884
505 832
387 887
821 791
352 181
807 730
236 658
42 667
348 538
908 349
257 840
937 932
828 673
988 31
962 209
642 741
474 659
663 313
731 921
778 482
627 538
181 586
861 468
126 753
879 962
204 996
94 669
506 266
537 624
642 208
214 769
982 312
350 713
289 454
59 61
811 328
574 734
162 897
660 778
96 875
353 54
270 991
780 117
645 245
123 286
247 930
212 309
576 714
91 69
683 206
405 859
451 261
445 267
953 209
22 560
759 382
377 908
40 767
621 921
953 932
846 665
178 242
291 76
923 930
365 526
896 58
575 587
22 412
561 767
649 967
574 883
773 789
432 577
360 84
746 726
427 25
180 798
999 574
275 84
882 929
546 421
119 535
622 985
624 400
428 985
636 834
812 780
818 653
500 91
570 190
73 784
368 200
649 567
895 119
222 964
854 203
595 491
437 294
233 799
350 893
435 32
946 569
586 103
544 329
31 447
287 148
419 857
574 263
877 842
933 730
223 939
85 11
876 301
645 390
688 12
62 949
150 207
792 383
118 240
806 1
795 767
928 609
895 335
389 141
615 424
170 700
74 288
924 374
806 536
598 717
472 121
883 357
361 507
939 816
225 867
580 151
69 179
429 803
542 792
108 5
161 256
632 299
560 983
997 573
972 838
537 465
485 959
337 877
162 438
60 726
373 847
405 843
772 664
199 463
116 275
655 511
983 206
754 46
873 966
227 431
52 862
568 430
877 245
463 155
165 130
153 336
781 917
100 937
96 466
164 506
842 52
766 95
367 874
136 425
611 741
928 644
87 5
121 806
441 451
191 908
781 230
528 328
245 707
691 205
516 679
33 349
51 895
688 483
830 144
473 557
273 666
72 951
590 32
902 228
235 610
649 966
279 866
842 838
676 403
766 558
286 27
859 134
287 199
410 810
809 297
777 34
347 204
669 605
229 320
24 89
913 263
741 907
64 464
649 761
298 217
774 414
117 354
992 835
129 388
615 444
475 633
758 900
98 692
412 993
355 112
469 336
572 139
600 675
947 662
133 537
405 97
891 565
288 351
926 228
855 156
857 576
609 477
775 405
295 318
851 102
197 319
536 227
411 593
352 330
159 798
831 556
305 554
499 79
902 858
358 407
203 896
645 657
586 7
436 840
674 73
142 619
389 740
660 243
295 232
363 227
878 25
867 339
812 638
204 620
54 428
673 872
369 665
616 340
364 194
979 88
736 383
524 205
926 879
211 655
671 621
597 706
804 504
129 25
177 46
664 723
195 220
413 815
131 667
840 450
448 727
632 344
423 202
664 191
527 919
972 417
379 724
498 558
917 139
935 357
724 176
247 202
695 12
83 458
794 236
470 312
598 913
563 549
988 7
448 405
622 313
495 354
720 255
433 172
992 715
198 335
287 554
912 187
144 580
48 567
819 337
816 53
608 235
721 228
863 255
787 538
225 414
543 844
538 61
838 851
910 781
256 47
934 517
7 968
641 688
964 987
49 136
975 998
540 57
92 368
371 223
769 626
619 324
466 406
17 98
744 919
595 425
227 34
811 594
326 652
541 754
907 163
552 672
448 531
227 137
936 461
428 887
385 420
232 857
21 298
763 691
150 991
824 191
106 432
870 962
806 767
259 55
240 783
136 59
230 499
149 598
28 89
843 749
978 348
378 177
950 88
808 463
42 424
316 518
626 467
107 434
734 175
429 192
699 739
309 97
761 758
20 524
674 758
205 784
533 958
364 421
975 98
757 92
235 773
836 168
115 492
521 57
703 664
814 11
760 936
193 476
273 922
593 783
603 63
453 971
747 733
419 863
345 79
267 288
373 966
325 79
196 928
470 897
164 800
848 51
526 749
924 680
398 185
724 741
741 520
48 586
427 61
713 178
608 778
149 132
216 638
68 14
470 87
896 455
721 77
372 649
213 980
911 603
688 617
401 796
161 195
47 997
140 278
573 677
666 127
227 662
471 603
842 760
233 638
289 886
496 993
816 477
668 390
520 604
124 650
383 992
288 15
110 114
106 659
962 635
623 415
998 828
269 84
942 637
674 697
873 238
426 980
258 266
30 625
113 17
582 20
128 29
373 824
88 49
236 529
339 266
635 693
331 926
386 979
754 138
804 780
268 150
503 228
900 599
596 129
683 789
335 895
654 979
594 701
387 401
583 649
718 854
646 828
230 465
993 909
44 692
565 792
865 15
772 533
600 983
170 223
856 230
812 690
691 246
499 392
501 18
847 647
798 94
972 631
486 55
647 425
261 467
382 374
660 18
423 867
835 64
358 99
753 244
471 693
527 102
984 363
365 556
647 22
838 739
915 277
110 712
662 994
773 393
606 709
760 472
223 136
605 210
973 164
106 210
699 356
157 631
36 287
796 65
860 362
24 818
656 980
134 739
14 345
27 203
3 42
743 761
901 734
950 611
957 189
61 755
828 960
216 778
76 938
708 763
227 209
976 621
174 410
882 23
818 931
334 676
697 512
162 746
538 617
614 881
83 53
829 959
707 925
360 183
386 635
649 50
508 541
408 472
93 211
986 44
503 551
468 179
317 962
288 815
245 162
645 676
636 599
552 62
713 98
953 773
162 825
400 479
9 607
349 627
791 211
602 222
10 192
631 348
694 562
668 518
224 222
397 890
745 434
862 506
639 883
85 164
139 774
343 390
310 404
352 450
562 72
46 207
824 7
489 845
249 25
919 402
958 840
387 338
126 867
504 572
579 589
366 182
909 242
136 880
312 500
273 898
594 589
359 679
926 635
55 232
733 184
396 630
168 777
586 728
482 738
684 622
837 627
151 191
996 599
370 259
297 556
168 73
31 96
544 363
428 625
388 409
788 461
113 534
888 732
408 357
959 116
2 61
454 329
422 65
749 310
136 655
267 241
448 545
406 55
42 834
862 775
329 318
103 982
55 428
533 137
115 106
262 576
243 838
263 910
725 728
747 87
43 415
771 723
339 595
318 473
361 758
124 990
935 662
209 708
343 983
680 339
31 431
194 249
745 166
921 203
884 668
74 886
342 324
468 658
111 567
527 631
734 192
700 169
119 155
429 771
767 776
305 584
796 807
289 521
208 896
948 849
910 653
165 670
234 521
983 205
60 174
1 648
641 957
678 77
720 301
897 712
608 363
197 113
696 790
382 688
977 134
828 415
320 294
43 706
939 414
290 141
983 628
628 4
48 357
870 324
785 614
14 42
763 665
372 743
287 861
97 241
541 600
156 181
268 87
564 182
290 667
629 296
640 68
457 330
268 10
497 423
180 873
158 494
891 911
384 490
326 36
438 279
579 441
804 591
1000 476
488 322
123 445
286 503
290 653
25 991
59 34
396 98
900 493
403 243
111 943
50 641
119 209
730 705
510 239
800 177
949 327
801 94
147 92
278 140
892 895
676 412
416 493
524 596
236 442
507 613
367 504
711 568
781 855
418 913
331 106
725 790
222 289
516 469
537 563
322 359
291 217
819 485
102 205
232 119
776 506
741 520
459 382
566 259
9 22
142 959
351 58
393 906
306 265
188 62
1000 886
336 847
914 345
809 747
44 123
347 704
550 531
243 462
253 541
530 204
862 332
844 62
354 401
721 716
641 97
648 410
511 674
969 894
111 373
450 848
469 144
35 511
399 391
369 999
663 580
635 497
663 97
988 801
132 827
715 810
127 605
515 514
116 201
314 143
514 79
685 211
890 76
565 753
228 619
506 23
474 278
739 44
48 718
557 86
383 100
978 485
80 658
285 421
175 277
616 150
413 393
575 472
58 653
828 894
674 838
596 211
356 29
822 955
365 469
107 547
596 441
859 472
393 158
565 510
755 803
638 298
453 975
461 492
12 565
22 630
396 302
747 8
357 380
109 576
880 245
138 467
885 800
100 93
78 439
552 445
260 814
297 733
839 64
390 73
643 847
782 969
538 23
219 349
442 526
756 366
766 56
623 130
831 862
582 636
147 127
913 75
71 734
837 929
473 902
139 616
585 571
150 323
27 798
181 542
359 610
399 655
533 287
605 751
544 905
41 811
637 980
538 246
590 565
91 187
96 787
716 77
246 813
639 535
298 380
395 371
510 71
266 144
742 916
91 81
714 167
495 183
739 642
510 351
679 288
515 230
554 136
438 504
447 354
423 204
907 823
900 935
722 498
192 560
532 35
242 202
523 570
847 697
604 745
118 342
719 800
265 836
778 166
104 228
839 358
365 625
605 969
96 711
473 922
76 701
164 750
198 891
235 474
584 33
193 651
47 337
691 139
16 907
921 966
206 229
989 642
166 732
644 839
553 945
915 638
342 437
48 229
222 445
791 951
761 400
476 120
933 28
34 262
830 502
414 729
108 61
204 214
874 738
82 404
502 631
876 606
16 56
342 729
492 631
531 68
854 446
223 374
912 548
135 767
412 435
894 897
305 389
63 101
285 579
863 311
972 607
642 560
703 278
944 827
383 671
802 390
310 947
98 73
544 600
204 6
674 744
659 92
648 137
662 908
903 700
142 713
440 15
787 999
961 858
243 661
930 721
806 393
151 254
540 450
719 432
616 416
931 192
914 844
855 110
798 986
834 509
101 339
872 799
451 348
104 644
51 7
726 607
127 850
259 678
701 772
344 394
167 44
21 486
47 65
907 260
567 884
491 828
596 94
741 954
260 379
77 195
343 829
989 528
215 332
729 799
794 154
384 928
603 275
608 439
36 466
262 17
318 816
4 86
885 453
831 806
451 106
355 31
55 937
803 756
774 227
200 808
874 191
301 778
377 582
682 206
538 666
442 325
527 962
759 626
229 820
178 593
982 715
133 46
697 60
800 973
924 953
614 873
468 546
668 77
456 919
814 210
478 338
938 337
95 393
422 204
502 692
312 754
330 144
50 161
415 313
77 286
294 64
861 362
999 796
728 635
774 787
715 847
153 335
510 278
523 130
849 180
218 288
335 458
240 214
196 457
193 874
205 948
529 506
304 795
433 770
224 254
415 395
575 599
564 45
553 15
597 773
776 490
405 768
329 914
407 763
945 749
573 884
560 669
304 283
684 248
261 875
231 288
735 173
866 413
351 633
244 765
747 905
787 286
441 323
939 578
657 930
286 787
604 418
698 292
277 718
436 917
382 793
996 674
143 907
690 220
706 773
877 266
69 304
150 774
859 859
220 827
792 956
265 652
506 53
346 939
600 921
507 898
921 157
416 364
55 915
615 41
366 641
431 526
653 725
524 653
274 400
211 483
846 298
755 108
447 110
242 381
437 254
385 329
37 635
766 521
438 411
434 797
284 821
318 74
621 546
165 299
76 779
498 456
734 693
597 381
821 234
677 662
185 417
12 430
165 41
311 582
837 30
207 656
375 833
34 474
996 976
27 30
262 467
950 402
881 704
788 526
494 259
880 216
701 899
475 100
873 901
959 707
173 894
650 791
997 665
42 969
548 114
868 219
614 768
241 22
641 687
210 808
559 221
23 722
437 927
554 979
879 690
650 264
814 156
518 148
29 2
895 42
217 858
355 317
351 544
674 690
935 150
236 434
333 978
591 487
764 901
106 834
119 457
530 539
827 978
204 581
432 103
636 177
742 958
979 475
504 260
812 168
185 898
290 546
487 219
57 442
866 616
9 724
977 223
668 922
373 327
983 148
190 703
64 120
985 63
628 540
586 732
440 743
924 977
807 31
447 952
406 248
587 663
419 15
90 280
337 743
267 699
612 158
609 166
899 641
136 835
503 644
935 774
962 250
815 818
68 316
378 296
176 609
824 254
853 190
153 182
759 343
687 306
665 307
190 449
192 362
755 433
383 312
558 170
308 147
33 927
553 932
261 52
185 449
515 390
634 665
321 33
634 735
224 232
703 364
871 13
36 63
984 315
262 852
766 89
763 529
347 570
80 940
454 309
814 478
528 194
418 331
265 836
223 933
107 871
592 462
461 156
666 738
932 69
780 820
399 187
663 27
600 161
119 341
973 298
975 918
864 268
988 383
26 935
153 304
288 35
912 444
999 472
49 905
213 518
747 718
738 957
124 858
860 484
38 609
593 678
152 922
35 840
272 608
188 163
378 504
278 361
960 642
793 778
94 271
597 887
406 631
988 797
438 597
217 806
930 983
181 220
375 133
801 713
578 849
445 674
79 380
696 72
236 189
396 890
377 835
220 922
64 441
751 776
747 591
298 792
766 625
621 817
914 368
369 190
111 618
449 631
729 414
366 590
733 751
120 990
982 697
537 564
867 473
364 440
654 144
598 513
715 479
460 789
225 152
678 198
301 700
336 970
872 56
862 717
296 990
217 726
58 804
271 903
849 698
256 335
527 706
427 266
861 333
634 534
52 160
140 440
669 574
960 570
71 626
390 846
918 719
224 304
586 14
630 540
599 106
394 89
161 879
140 222
907 242
636 171
808 225
175 779
832 719
396 68
102 449
475 291
506 148
463 914
116 110
234 346
313 591
244 240
223 868
673 936
677 271
851 64
174 948
492 217
351 230
240 654
964 717
999 19
36 930
567 141
974 219
874 865
205 32
68 998
690 269
450 538
841 237
203 863
594 84
483 504
991 970
557 131
383 193
494 682
430 671
648 599
1000 313
186 707
557 818
66 28
95 827
521 578
490 913
840 566
234 967
102 241
368 320
691 255
907 761
25 646
289 542
718 229
348 82
511 353
678 446
621 187
130 606
972 242
247 261
471 917
902 367
820 477
496 760
947 284
170 583
117 459
470 388
89 349
869 844
724 784
222 515
910 333
637 9
54 877
309 681
740 327
684 815
277 800
100 287
271 605
902 875
765 662
856 31
368 975
693 86
960 290
714 140
968 202
29 702
618 68
366 530
681 650
729 144
744 474
25 932
537 611
787 680
706 955
397 752
847 641
188 659
315 468
570 447
533 493
827 918
31 209
522 690
613 620
323 438
313 494
831 704
409 233
636 558
756 998
100 597
436 99
766 583
92 189
175 404
792 409
246 195
108 897
431 690
345 802
365 158
69 522
501 351
899 519
723 282
992 739
868 835
566 934
14 438
611 288
941 354
597 821
390 679
435 251
217 700
793 126
820 61
588 254
949 700
983 889
67 355
477 767
868 250
431 401
743 714
530 365
324 137
618 518
572 435
766 429
190 827
691 578
679 401
404 494
171 417
678 379
916 718
7 900
835 382
930 151
694 907
367 664
757 184
612 16
71 501
458 152
424 508
68 697
313 109
369 774
51 165
931 513
907 883
241 386
652 742
289 50
737 601
547 594
271 148
947 735
125 382
438 265
671 448
809 15
469 428
343 645
932 93
817 163
433 598
403 772
231 446
43 914
998 735
471 538
771 736
464 834
382 873
579 363
767 116
944 43
63 953
315 229
101 40
654 821
696 787
501 19
393 498
915 648
199 727
826 109
223 244
759 86
353 727
4 233
679 80
9 461
662 132
889 867
577 889
