10000
198 258
166 397
228 825
5 785
548 942
644 414
652 517
141 182
691 174
506 698
955 875
299 288
788 967
257 923
149 899
445 307
836 205
471 240
198 39
957 884
82 244
259 920
434 943
198 392
999 437
212 118
256 682
157 798
965 403
247 302
265 645
52 321
67 163
731 732
876 895
563 291
293 142
599 958
438 557
386 596
449 216
891 185
256 508
884 506
127 640
260 122
285 254
563 598
773 285
396 362
418 782
116 608
25 711
716 615
495 445
945 372
39 810
981 977
864 509
773 471
427 428
771 254
559 541
840 596
469 134
838 465
105 213
864 373
629 283
728 421
636 228
888 496
488 764
343 721
474 908
443 906
186 840
577 436
203 946
807 673
349 473
96 33
639 444
980 836
391 87
153 577
179 346
128 241
42 989
866 882
91 800
27 904
316 258
601 667
594 579
202 743
560 421
93 160
294 285
776 183
909 38
388 683
424 152
408 915
715 357
905 401
949 519
956 163
114 652
945 22
610 989
944 872
282 547
19 312
717 143
56 443
805 509
944 238
363 918
747 439
342 780
101 956
923 986
304 702
832 671
530 93
354 209
148 513
953 406
233 816
683 43
681 289
615 305
726 642
601 812
467 522
25 538
272 713
589 609
735 286
455 585
191 155
462 649
946 288
759 876
349 346
626 623
867 24
256 939
710 578
595 699
468 143
442 634
963 424
921 385
403 914
459 134
944 696
788 34
393 655
33 263
20 250
199 379
840 501
514 190
266 794
792 298
130 265
107 609
253 726
999 941
554 524
540 59
636 305
933 733
751 11
876 274
731 67
734 436
825 194
599 716
818 505
830 927
133 884
225 397
137 391
304 333
741 869
361 871
264 97
403 244
476 505
41 549
438 937
519 173
760 913
689 773
951 306
923 110
309 837
196 438
218 549
432 676
451 275
501 344
230 550
724 645
362 683
280 175
890 664
108 509
736 54
386 338
635 702
383 714
178 215
927 213
130 212
538 702
704 407
746 9
385 945
593 604
1 275
56 109
669 400
944 152
888 746
192 932
721 610
696 16
647 144
945 71
324 414
755 993
541 766
449 625
698 838
469 942
118 26
664 397
528 686
924 125
478 905
825 84
491 893
523 489
672 928
847 267
860 67
815 146
153 449
170 383
107 860
345 691
683 618
85 852
609 16
843 512
40 606
926 135
507 59
194 786
431 746
952 282
527 95
462 916
714 757
370 768
293 563
417 445
666 494
669 133
860 827
210 949
896 659
291 690
207 959
136 476
370 228
752 713
406 14
47 807
402 784
242 130
81 605
73 455
883 81
144 864
737 709
380 346
564 325
523 112
28 458
346 170
800 965
754 446
574 269
407 82
203 244
697 577
725 38
979 918
414 305
107 979
943 625
529 350
800 708
681 501
338 571
20 980
607 381
888 204
750 533
713 608
591 126
274 814
730 577
419 619
59 254
917 296
784 67
550 759
632 369
976 957
728 52
111 8
724 740
344 427
705 455
893 494
44 4
957 129
821 452
701 996
319 42
659 455
973 389
464 175
655 601
391 901
379 524
155 172
857 737
373 886
249 858
750 752
420 362
203 203
16 86
268 691
447 669
527 844
652 611
643 89
164 48
992 80
993 832
153 968
904 945
180 744
920 503
416 405
62 726
870 174
22 90
951 67
582 827
931 92
705 763
582 783
277 351
899 578
463 57
671 336
868 661
353 984
853 807
560 277
308 572
123 748
693 754
281 132
624 492
3 649
880 78
315 77
369 453
195 47
10 445
900 653
300 60
187 484
406 768
441 255
305 459
570 559
634 134
221 665
117 278
699 989
322 751
462 370
202 335
480 11
622 674
249 798
92 39
613 628
122 356
468 23
225 308
386 838
993 197
991 251
860 894
546 574
212 108
81 11
667 864
602 830
545 349
533 949
709 887
616 743
516 898
324 749
879 780
407 189
278 3
510 112
772 177
952 13
27 549
4 145
691 655
986 203
213 774
668 389
454 531
795 783
458 354
243 380
701 897
592 254
569 575
18 144
192 903
709 432
581 872
640 90
655 362
190 814
326 521
220 688
802 419
729 571
711 418
609 736
175 659
457 792
776 126
242 88
272 733
771 207
963 821
409 684
643 316
181 414
571 666
902 291
605 956
184 856
87 923
574 223
74 999
87 793
149 243
25 392
870 3
564 770
817 43
486 724
793 432
869 380
504 479
191 365
705 412
691 575
109 685
467 607
78 864
202 811
622 27
759 581
214 112
108 862
225 624
142 925
64 629
491 196
588 568
754 904
515 754
190 371
447 589
394 219
221 771
157 669
2 562
472 797
801 750
166 915
134 151
452 505
808 716
191 942
561 883
717 316
999 750
763 862
7 758
293 496
133 368
337 86
675 400
926 125
877 845
965 196
148 10
528 42
708 963
71 172
844 629
690 579
593 525
931 585
619 52
535 138
602 621
186 337
441 965
533 221
223 478
517 384
759 79
547 441
54 537
691 106
364 479
195 65
629 361
570 106
709 226
47 60
973 952
966 793
306 500
519 890
61 399
977 680
908 36
846 328
479 85
627 515
952 154
569 596
974 529
169 609
670 397
358 2
879 72
962 419
5 871
488 19
559 374
846 168
429 102
569 313
427 707
151 740
634 55
222 215
541 953
108 617
976 300
514 927
117 182
480 499
556 522
937 796
614 866
791 167
976 750
584 326
563 694
156 244
322 372
555 985
533 66
812 456
495 316
521 247
127 586
301 422
308 945
37 892
482 895
519 890
454 265
503 49
908 700
181 273
108 728
243 105
913 839
25 497
641 670
421 725
551 199
152 549
318 304
720 120
295 833
157 968
420 601
118 372
764 61
871 313
72 773
98 689
725 743
797 17
336 874
683 310
256 235
529 730
643 362
565 680
811 375
438 889
492 372
736 578
602 516
818 688
887 576
486 273
593 646
644 800
400 730
648 288
777 862
337 904
104 756
474 937
800 801
93 565
790 800
244 395
660 667
151 762
631 260
837 806
934 72
718 40
616 511
18 387
888 870
482 460
657 108
107 543
19 749
937 69
718 549
936 255
452 566
932 720
468 793
782 238
490 470
944 247
189 377
242 568
317 700
792 267
514 463
715 128
626 878
309 467
244 74
266 19
945 527
345 313
188 351
912 116
930 82
511 134
133 622
2 636
519 994
223 545
93 249
894 658
771 92
376 864
564 734
527 538
470 444
474 314
994 38
239 550
606 113
27 88
589 56
318 735
426 510
468 37
577 658
508 763
265 869
597 921
944 471
613 942
718 541
643 907
389 76
824 171
464 855
582 438
29 2
988 694
628 61
720 479
380 92
843 933
422 737
967 551
875 823
633 933
516 636
66 334
557 464
9 951
305 527
191 126
189 936
259 144
998 510
100 241
634 834
209 822
693 702
19 109
873 771
723 312
121 993
267 121
246 447
340 453
724 663
221 68
734 698
129 10
85 316
468 748
798 926
398 110
458 132
298 796
162 899
204 826
264 862
607 567
680 379
849 585
49 19
843 146
798 160
920 398
733 910
870 219
711 40
919 133
65 283
813 540
450 516
763 683
362 229
193 893
489 174
310 711
900 93
771 622
968 598
379 595
989 291
925 326
140 29
563 460
471 820
176 232
942 456
493 827
555 529
409 40
571 645
573 346
138 825
42 262
187 801
72 577
663 88
347 365
652 48
597 433
799 439
132 931
483 397
656 482
577 871
527 39
911 739
181 835
411 19
280 509
626 808
606 286
225 523
919 367
600 257
646 501
229 318
943 265
183 929
938 141
566 789
531 884
374 930
685 307
279 595
229 504
514 94
603 179
866 267
849 356
351 47
712 965
675 295
779 349
651 538
927 262
455 470
689 230
351 615
841 796
804 347
143 737
378 493
746 403
79 356
251 861
323 112
827 371
544 70
416 984
946 896
991 887
947 690
944 768
501 319
760 653
707 605
380 662
638 899
725 536
477 580
865 548
997 234
478 300
486 351
108 766
917 492
990 197
207 435
617 3
161 418
260 471
283 408
418 420
132 229
192 1000
133 730
602 824
853 436
173 201
877 928
366 428
984 262
654 425
956 356
294 553
297 527
347 703
199 267
59 377
128 846
570 906
797 552
762 855
42 135
472 88
804 745
12 661
967 753
339 815
86 347
917 351
373 4
486 226
119 307
381 302
967 633
539 640
426 466
375 147
714 868
502 246
953 696
386 707
535 901
51 983
108 907
551 460
963 844
297 94
609 523
551 995
859 13
826 927
650 115
406 807
804 927
405 727
334 771
172 587
580 70
352 112
771 866
14 932
582 721
716 36
170 896
963 28
57 522
200 663
570 855
143 324
158 73
180 508
912 530
639 378
553 604
533 77
141 686
358 958
399 533
588 694
818 815
870 919
311 941
823 670
283 87
184 721
651 453
526 908
840 785
496 301
886 245
707 62
106 598
497 192
660 145
326 39
495 26
578 930
212 565
820 909
714 660
490 38
849 31
677 338
669 519
109 2
827 511
556 635
986 613
777 223
646 915
728 415
273 754
245 352
110 578
605 595
27 584
498 958
448 274
847 798
133 820
811 188
142 801
374 124
977 758
394 418
710 419
874 666
95 323
164 124
109 15
960 936
142 930
428 501
302 977
204 637
31 133
977 916
171 290
934 781
48 71
81 9
276 246
422 748
984 937
542 883
676 323
908 131
11 837
563 843
178 896
668 970
231 594
281 584
816 964
290 458
622 774
461 556
344 275
140 995
135 553
577 524
855 662
396 898
882 878
918 38
893 799
901 819
9 90
549 632
239 126
722 38
138 289
478 43
797 497
628 806
649 882
815 339
431 573
642 334
636 864
517 248
465 289
239 347
616 799
851 613
778 226
825 6
296 878
791 761
724 550
852 272
55 322
326 902
717 391
347 314
298 153
687 721
744 787
794 101
914 776
250 930
890 886
591 832
986 192
17 110
444 760
88 509
249 118
698 714
123 760
330 380
519 93
708 234
178 550
312 941
494 437
604 653
877 221
398 234
506 191
806 297
585 607
92 861
602 886
813 346
759 422
450 52
23 119
409 437
168 322
779 851
679 546
190 55
952 660
361 673
967 502
115 746
394 526
242 690
46 562
916 885
946 188
370 15
664 548
514 41
1 885
406 743
381 559
88 68
513 972
35 815
153 457
913 318
144 885
160 859
280 759
267 145
738 821
516 839
296 327
860 624
713 134
368 257
975 940
668 662
126 292
74 852
633 123
513 918
25 799
668 734
61 973
862 817
140 767
68 573
486 766
668 966
709 755
825 908
966 895
16 48
895 536
81 390
392 552
590 661
187 794
851 51
964 537
7 102
514 694
53 835
559 243
398 129
232 57
984 133
919 314
233 646
652 573
652 872
53 693
758 492
139 768
249 563
119 685
803 1000
75 927
381 685
73 352
819 534
552 136
278 445
782 671
967 568
475 701
69 889
769 336
441 893
750 602
517 442
690 503
778 511
745 412
505 530
617 670
613 832
190 121
756 654
578 347
466 280
565 656
567 135
590 565
389 188
755 662
300 394
109 763
674 955
842 864
937 663
950 673
340 422
920 275
820 209
279 47
822 715
171 61
33 985
999 321
895 912
898 814
223 976
53 227
241 743
135 40
626 37
284 738
773 453
371 49
986 180
836 349
345 902
393 244
95 63
593 291
706 357
723 514
210 994
958 865
122 957
336 851
450 573
69 538
247 792
880 94
352 445
429 65
628 539
403 714
281 17
425 139
475 637
40 829
828 690
592 929
369 246
636 344
517 13
189 209
41 853
508 224
765 747
265 715
848 681
750 269
797 653
888 624
472 808
584 748
205 250
455 145
103 738
691 949
873 538
150 218
852 142
969 392
312 881
944 381
649 996
625 949
135 588
578 643
623 903
954 386
578 189
9 965
747 149
777 914
400 495
680 435
643 263
888 370
805 536
8 642
967 47
91 18
80 655
530 2
512 288
101 912
621 368
764 740
409 838
514 416
69 760
86 212
353 927
298 106
921 394
132 779
832 794
628 737
154 274
486 83
745 648
199 976
572 516
978 640
108 158
670 457
804 593
375 956
422 889
841 678
688 588
473 421
737 577
381 566
637 934
753 335
297 275
278 878
898 524
361 519
132 968
134 605
389 603
233 8
316 282
57 411
553 167
918 848
303 161
655 579
183 362
858 387
308 624
319 754
493 637
52 76
740 4
273 422
636 980
113 404
145 801
953 455
357 883
808 452
436 852
873 160
326 381
762 507
8 576
404 946
727 410
811 418
915 402
131 656
368 241
499 188
254 651
162 221
681 10
29 511
462 406
706 531
899 716
326 908
996 237
261 522
541 765
777 710
869 133
910 712
701 791
482 915
266 82
535 103
134 62
930 594
750 1000
422 841
409 48
666 785
310 160
251 360
667 968
728 374
791 560
993 4
573 315
825 608
96 378
43 631
526 155
940 670
760 772
543 88
170 262
442 670
734 829
731 279
157 676
327 225
515 457
393 258
718 798
84 991
725 961
129 54
55 858
188 550
633 101
567 452
866 89
190 438
335 305
421 656
734 348
928 85
529 242
5 165
874 237
559 566
967 733
539 91
694 121
915 359
372 848
167 84
285 959
931 485
735 19
444 461
264 614
700 206
542 744
459 865
106 377
353 860
932 888
176 440
937 536
312 962
495 192
789 96
868 161
731 352
122 337
25 328
122 357
413 36
276 264
486 638
214 515
697 636
737 368
902 387
155 426
181 880
238 913
33 976
462 531
750 582
116 408
375 68
503 976
422 293
653 329
96 104
221 990
409 42
69 763
376 2
900 496
121 581
342 662
216 734
788 42
766 585
191 936
295 952
654 936
218 880
182 10
586 639
619 739
614 768
823 743
312 686
744 455
957 651
775 553
348 441
985 674
709 356
819 957
277 93
386 131
954 170
814 242
898 285
461 69
712 866
243 96
591 442
463 516
926 214
553 120
40 864
747 956
31 663
795 157
313 31
232 222
610 33
669 979
25 639
700 441
39 296
376 961
650 675
861 870
219 778
120 235
638 853
883 358
120 767
625 158
886 762
583 687
376 524
411 873
324 414
298 227
118 239
35 643
917 217
241 733
897 470
609 912
590 430
660 303
226 632
809 787
257 429
574 84
771 292
471 800
245 513
682 757
778 427
223 121
618 262
739 153
539 629
956 67
607 59
818 130
806 971
685 652
762 653
1000 762
514 679
150 900
470 192
435 137
603 12
975 461
909 489
985 499
730 142
57 804
717 671
934 395
695 686
507 852
766 333
39 767
744 579
684 752
945 278
187 511
506 363
57 208
971 202
276 975
54 623
704 871
91 811
718 903
451 217
151 717
664 904
983 890
863 40
139 519
582 303
15 291
851 614
937 332
940 134
251 104
489 215
588 26
137 905
246 898
92 404
207 472
969 508
167 565
592 614
656 738
103 440
475 169
528 365
18 898
371 389
393 415
225 419
862 546
654 514
657 963
637 557
445 735
565 393
504 853
652 466
704 869
728 894
678 184
386 104
714 663
232 214
901 243
495 409
310 411
645 240
786 481
456 476
65 676
761 418
578 173
127 136
974 707
128 616
129 906
828 927
524 511
963 229
420 535
387 435
844 42
767 998
528 219
636 536
196 59
153 495
484 579
463 101
493 791
207 170
688 475
645 365
568 586
941 68
760 725
590 391
778 668
169 775
156 617
833 897
315 549
138 411
799 37
994 281
382 90
489 291
488 779
304 844
524 514
314 798
707 47
694 317
78 609
8 334
18 421
719 767
204 363
945 44
666 165
954 829
798 903
972 750
162 907
494 75
238 250
739 594
841 233
303 825
503 239
234 362
847 504
607 898
708 725
370 868
791 604
243 700
325 840
592 531
738 197
489 601
935 408
30 950
587 133
936 567
784 351
476 468
884 632
982 510
107 635
885 816
555 304
813 259
76 89
229 428
215 469
29 589
697 978
231 955
611 678
704 993
765 899
299 673
852 90
351 515
957 136
624 153
502 259
703 312
641 207
201 701
922 70
71 550
665 865
871 633
235 573
698 485
306 247
843 562
554 646
904 661
356 674
489 420
379 939
758 453
979 360
461 783
370 681
622 406
209 974
263 487
148 52
787 70
360 261
274 645
199 458
406 639
241 856
617 648
752 251
777 244
261 641
478 15
996 729
216 335
78 749
396 986
277 619
817 910
536 176
85 675
805 553
261 73
56 746
780 469
369 632
221 371
222 334
717 788
183 775
764 819
117 501
211 39
402 271
590 21
991 637
255 774
405 523
883 677
764 281
324 655
279 737
502 95
757 137
996 679
842 239
88 282
161 285
508 457
220 583
350 459
161 98
481 576
368 345
760 588
309 40
839 952
286 28
838 276
99 328
64 450
147 942
967 594
344 673
910 51
462 663
466 663
147 666
94 410
483 459
135 146
105 415
184 221
739 473
62 583
585 190
958 799
30 125
443 498
664 237
766 624
547 962
194 489
728 728
576 294
504 672
248 427
700 838
976 566
837 760
1000 438
609 659
829 116
87 16
36 531
811 230
733 61
708 625
718 272
635 291
920 533
789 946
698 67
435 633
791 452
74 990
9 945
866 159
824 864
644 416
894 373
98 466
366 451
781 944
925 698
962 685
613 813
284 360
877 539
928 189
119 917
785 807
542 723
5 744
585 605
833 373
665 280
840 529
572 351
470 580
850 575
1 551
865 465
832 143
899 655
675 170
551 540
416 331
962 197
133 307
947 757
223 882
551 952
375 926
476 652
200 664
189 175
643 344
800 994
348 373
14 495
826 764
491 777
636 9
747 840
253 950
562 788
355 952
82 720
612 760
925 483
489 76
701 992
722 44
940 159
209 981
667 458
705 67
96 779
700 394
977 74
542 61
175 967
655 419
538 137
79 275
469 142
205 749
207 950
351 941
112 840
816 402
469 870
751 631
770 892
473 448
969 968
366 668
149 632
504 251
661 573
467 935
550 796
511 938
456 543
241 779
586 270
969 625
887 479
190 437
66 811
961 7
356 401
615 298
684 178
617 530
208 810
276 161
410 101
919 220
809 534
758 421
202 597
919 657
778 274
648 242
824 497
122 169
874 106
735 884
632 85
227 329
951 476
293 189
91 205
122 583
682 324
872 192
513 707
755 466
294 971
573 911
586 181
456 801
464 849
193 877
764 763
935 931
706 241
279 815
232 12
333 542
243 391
197 3
570 113
251 321
406 323
687 419
259 92
900 149
832 185
296 426
72 529
526 244
29 304
141 122
618 101
319 589
123 57
181 565
604 287
718 702
891 622
327 503
420 699
68 239
631 998
424 670
117 303
917 817
443 848
206 124
832 897
435 361
832 758
532 608
56 861
354 675
71 487
378 399
346 400
787 281
535 648
342 761
420 601
521 278
326 851
299 601
26 272
313 401
879 315
234 184
566 626
327 223
210 418
532 459
216 110
878 435
307 154
157 242
551 660
982 716
9 398
910 426
747 715
572 536
699 779
278 425
388 119
681 811
106 266
201 995
968 894
268 562
654 681
138 979
561 388
937 394
229 254
736 598
426 284
159 765
448 167
432 160
509 412
154 416
949 884
782 522
645 254
639 105
990 394
981 376
407 187
383 281
297 180
597 878
699 426
957 765
905 27
994 970
558 852
89 316
731 584
998 541
776 839
811 49
424 487
207 934
743 360
970 75
385 395
969 623
925 90
636 459
436 316
388 809
886 456
312 49
140 481
600 62
595 837
644 624
373 605
988 844
947 522
188 844
257 507
408 993
750 445
415 656
761 289
174 410
865 745
832 561
921 664
728 838
812 121
994 205
332 911
167 384
121 601
25 46
393 867
362 204
507 921
555 63
618 505
631 760
848 186
298 374
309 411
318 493
471 637
718 455
8 983
221 292
944 894
381 67
161 729
598 978
94 169
388 210
671 884
683 569
744 216
963 375
615 568
74 294
154 43
278 494
189 897
144 701
526 170
545 544
774 662
160 238
117 640
798 575
272 711
63 554
566 207
133 563
859 821
638 516
349 721
260 664
195 289
188 504
509 92
984 432
122 602
294 993
915 470
726 868
27 733
898 493
596 217
337 438
570 653
409 86
340 123
768 220
583 212
169 467
328 992
420 333
327 63
919 144
456 505
885 110
500 479
553 307
978 448
321 491
155 202
225 223
710 34
975 769
3 499
955 655
971 567
616 870
234 763
447 183
720 682
727 28
934 971
62 499
341 133
656 366
364 272
277 763
537 513
438 814
663 816
555 82
244 122
178 423
609 384
573 970
55 515
200 556
171 167
206 961
242 274
41 373
160 165
339 957
700 629
214 110
669 489
310 594
76 922
736 984
810 496
619 803
447 653
672 168
366 739
196 104
423 256
945 778
769 717
60 704
581 723
765 804
4 324
648 582
678 857
37 912
119 554
446 559
882 410
420 759
678 969
319 145
945 455
951 390
591 413
553 155
618 639
655 220
97 744
924 503
604 47
122 237
149 947
469 120
457 200
42 309
546 96
50 252
370 858
331 588
724 78
670 327
250 226
426 302
875 607
961 244
120 416
718 496
234 33
668 290
109 698
160 84
924 739
878 654
314 581
983 518
151 609
252 27
165 35
866 639
558 244
963 571
182 686
388 471
305 246
606 917
83 746
927 793
390 34
565 524
351 735
92 401
808 76
285 445
615 113
259 490
320 185
989 894
763 572
956 442
761 354
1000 532
419 353
156 602
965 308
953 869
70 164
254 493
375 891
570 766
398 694
150 355
773 143
475 757
259 590
195 84
574 721
402 545
249 619
635 74
384 66
356 780
969 717
373 103
878 390
292 424
202 659
540 845
373 682
721 819
753 66
485 683
894 427
403 361
771 747
480 400
568 609
526 305
711 270
459 859
792 687
303 371
651 5
439 453
50 903
543 479
322 14
925 272
185 763
595 739
291 852
40 734
669 788
86 607
87 128
1 802
990 940
643 242
637 374
647 121
461 729
537 367
918 85
500 739
130 786
58 155
832 449
823 154
385 486
245 677
299 365
343 524
288 576
608 966
3 688
335 135
662 592
49 248
316 916
615 683
876 160
803 430
426 251
729 372
8 658
928 543
829 774
105 939
144 521
818 34
869 858
665 825
646 837
623 891
813 208
315 365
93 999
278 275
343 862
217 441
524 259
59 303
577 141
843 605
742 882
226 67
302 715
887 451
345 541
186 124
898 824
498 774
666 92
225 829
19 57
328 985
138 723
926 184
580 71
791 569
274 210
962 862
263 772
773 486
956 881
36 481
957 415
703 912
425 651
14 530
205 5
835 83
160 184
257 522
435 709
253 594
621 700
108 479
262 542
912 840
106 342
961 408
461 586
787 210
406 701
379 256
377 602
544 105
548 211
852 998
562 928
208 97
333 996
354 650
579 979
933 30
490 951
469 448
54 31
17 727
862 991
516 921
73 746
71 36
461 369
96 35
950 371
203 466
599 56
574 66
439 696
15 47
423 960
685 879
5 993
450 601
267 714
339 578
67 618
493 366
430 287
584 799
866 286
267 741
911 889
6 467
56 966
452 135
482 858
732 358
42 417
957 811
133 429
204 629
835 283
500 870
542 35
703 798
295 306
596 694
234 162
421 344
81 511
88 182
939 245
996 64
854 634
469 972
762 121
265 299
472 763
731 362
313 884
551 741
764 523
265 247
62 195
413 127
350 888
754 774
791 694
900 738
482 509
849 995
615 687
216 500
213 542
42 594
279 244
324 409
647 660
253 73
180 254
275 178
330 840
669 431
667 135
767 512
530 819
946 580
549 938
435 330
188 147
121 666
744 412
584 231
513 722
412 582
285 539
615 389
155 391
179 523
278 444
499 43
433 772
190 64
248 115
813 40
972 805
186 945
83 696
449 290
348 178
457 443
503 167
168 115
10 627
732 442
376 719
437 686
908 433
189 805
551 260
144 985
646 361
122 991
308 636
24 37
512 468
696 991
223 425
933 205
458 5
691 471
596 893
10 255
969 932
807 416
723 887
307 430
325 948
671 181
351 986
197 802
547 632
989 455
217 628
550 969
959 657
943 417
137 208
990 125
856 379
337 251
712 684
319 398
499 129
502 351
719 585
613 572
207 887
264 367
1 181
803 239
756 352
83 435
550 547
511 760
845 505
523 664
721 129
575 765
832 893
638 858
592 68
595 530
815 837
117 694
727 815
38 583
529 756
258 393
304 729
533 579
194 394
84 606
662 204
947 378
915 329
966 701
446 488
667 50
36 436
914 963
757 836
889 907
607 544
4 424
472 582
612 728
425 35
301 440
205 861
147 384
700 186
462 355
887 601
573 97
179 287
540 849
572 699
785 991
649 162
402 650
658 212
32 48
47 736
322 608
587 276
566 681
440 522
284 296
147 443
426 848
843 452
713 283
236 872
176 104
875 366
826 819
255 947
861 77
678 959
950 117
440 966
315 34
167 98
972 812
904 833
379 992
835 589
477 989
184 614
274 220
529 176
691 299
960 292
293 23
746 202
869 899
719 855
369 558
112 194
726 397
821 354
749 832
317 923
717 812
490 257
557 246
765 551
704 221
946 328
851 803
822 299
34 889
444 853
670 262
448 960
114 229
590 502
665 863
36 246
254 336
97 87
979 359
929 342
390 901
672 5
988 239
504 320
516 141
428 191
996 681
913 836
622 980
156 584
788 920
129 143
864 272
532 86
74 773
948 974
282 794
446 547
183 123
353 648
588 223
123 102
235 432
541 242
14 203
186 898
312 108
94 735
910 585
72 891
745 521
991 307
966 719
11 319
581 683
698 615
87 631
551 288
837 541
770 772
173 644
670 198
342 22
828 736
762 127
791 241
672 652
221 637
593 234
311 80
712 495
452 882
705 255
360 691
658 154
635 498
582 948
262 829
691 19
777 329
873 69
974 236
860 191
912 867
48 73
829 255
199 781
792 466
370 50
68 931
880 974
86 147
624 755
449 582
997 466
990 709
682 375
382 972
275 518
614 764
44 416
878 926
279 450
543 707
664 672
980 743
603 305
142 21
625 678
648 7
969 658
639 311
869 426
666 938
253 874
741 556
448 459
343 957
412 564
600 516
15 430
732 808
110 52
371 264
985 294
891 672
879 855
362 867
828 318
52 66
45 802
462 153
824 951
534 576
407 330
246 42
328 763
101 895
338 166
377 540
422 428
755 810
494 819
967 417
241 522
218 266
630 535
975 474
902 646
241 470
364 419
808 314
373 800
821 634
33 86
685 102
962 367
264 226
758 322
346 262
553 441
418 92
191 575
2 641
307 887
787 583
424 991
616 198
560 715
77 821
826 163
997 587
641 465
152 941
429 41
478 404
886 17
706 850
237 302
306 571
592 996
211 721
944 281
19 397
329 111
6 128
606 570
735 831
448 743
202 349
790 91
201 733
721 676
144 917
737 235
809 935
962 417
995 940
878 540
590 903
258 321
382 429
448 437
951 419
644 822
838 71
616 357
437 409
956 207
690 319
417 636
716 522
396 996
955 905
9 333
375 360
934 72
671 332
610 902
481 707
42 668
61 101
906 313
92 831
327 952
743 622
659 679
838 905
709 9
685 654
918 526
590 815
989 965
53 809
978 624
271 492
583 875
822 639
188 524
844 369
214 666
71 603
166 578
748 582
214 620
954 33
411 336
45 385
912 753
945 607
823 579
65 85
550 697
159 937
308 914
419 70
951 101
377 254
434 634
912 235
335 917
732 704
54 803
857 878
978 968
660 525
228 699
148 806
534 287
787 329
226 444
624 269
270 724
840 441
400 392
881 550
277 558
942 79
422 609
378 412
872 636
636 492
108 22
754 177
378 773
245 377
864 482
386 16
717 656
198 812
602 68
116 80
910 667
269 720
798 618
952 550
557 919
294 885
787 299
892 251
923 393
620 332
935 342
796 895
748 614
227 253
72 247
565 232
589 39
122 310
673 465
7 850
181 552
56 580
701 38
538 572
790 922
837 841
520 324
390 207
533 47
452 14
887 670
820 877
888 697
363 673
45 169
383 769
215 123
889 579
900 564
599 388
245 652
127 453
677 90
776 438
386 901
492 115
632 12
884 195
774 292
676 839
786 495
542 359
72 543
161 261
183 545
679 637
643 370
772 419
582 436
51 857
333 826
591 460
774 992
238 979
315 120
357 354
552 493
881 772
507 846
227 406
199 647
482 901
637 279
805 180
712 111
971 553
617 356
29 117
878 152
157 350
253 82
311 903
67 431
824 728
989 773
705 940
932 25
520 312
987 720
777 230
225 688
191 792
558 933
857 530
926 40
251 408
917 896
53 299
663 117
5 850
579 441
912 890
42 581
965 777
218 928
748 471
842 565
688 581
834 258
612 453
64 11
686 296
514 84
759 540
882 298
467 819
200 603
435 133
815 9
514 222
97 236
402 245
614 335
905 152
761 182
575 924
707 816
276 974
663 466
662 277
655 772
410 944
143 692
360 813
574 419
977 691
544 520
719 426
923 138
370 971
864 969
777 432
749 809
529 845
530 832
424 19
391 96
849 658
850 733
682 922
947 988
684 29
288 786
556 200
885 380
493 489
505 636
823 346
172 217
622 468
163 178
423 763
672 939
828 474
814 189
406 923
415 536
160 620
908 817
382 377
557 690
526 823
765 9
337 225
369 886
509 686
782 201
736 632
819 991
469 844
661 739
396 599
251 325
362 520
176 185
748 764
540 91
298 606
119 543
107 50
900 637
779 514
955 2
334 104
90 294
939 912
7 104
480 619
954 473
197 527
974 407
487 924
500 958
351 80
213 860
374 485
216 199
77 645
511 527
306 910
402 8
752 429
360 422
218 212
753 555
761 340
721 585
310 813
858 973
116 639
220 355
514 937
384 921
136 406
733 400
550 919
159 342
220 50
340 688
909 884
314 838
206 870
663 314
799 235
806 325
111 139
987 906
822 812
787 889
455 409
938 776
12 78
484 893
256 379
958 254
760 300
575 743
183 83
341 177
138 849
588 701
372 541
784 971
128 447
495 911
496 706
403 733
82 791
336 32
17 148
609 657
260 3
192 525
150 79
909 304
523 574
335 811
560 506
107 912
199 812
208 591
401 558
254 781
489 131
601 595
408 295
697 539
700 529
104 737
48 193
324 903
674 744
917 312
605 379
550 815
113 567
37 928
886 854
470 233
753 568
319 835
153 974
480 240
682 100
94 580
83 920
99 503
4 999
250 328
561 629
777 162
208 255
514 399
398 743
724 616
787 927
595 123
808 343
397 260
732 454
380 413
534 52
795 33
410 518
148 29
231 39
256 290
870 302
354 625
481 280
297 245
966 68
218 506
569 210
621 234
158 70
463 576
818 812
287 720
27 264
784 42
630 649
47 1000
174 370
634 16
353 261
94 631
701 703
323 688
373 925
915 529
188 750
54 422
608 695
743 991
474 141
740 744
645 7
271 946
778 593
898 512
532 526
185 474
254 525
492 281
962 273
703 341
495 614
728 393
789 623
408 819
696 181
551 475
340 440
3 228
635 185
453 440
385 705
628 15
13 284
165 730
68 455
11 70
702 214
982 285
506 416
960 400
481 317
689 732
84 55
443 592
444 12
583 61
692 234
680 823
16 876
511 231
685 445
739 937
338 795
793 110
745 937
52 170
459 922
403 566
853 60
372 248
553 187
423 163
830 255
434 483
313 414
690 845
829 956
547 611
242 191
817 92
696 856
246 797
660 412
938 812
733 25
767 40
836 528
792 766
787 634
463 595
945 209
301 21
252 80
682 586
909 561
882 959
603 683
261 601
284 433
214 347
986 520
469 137
730 291
531 667
7 381
360 329
647 480
187 8
854 138
666 408
648 923
520 83
168 125
100 380
873 2
619 487
932 267
127 202
142 102
585 591
925 169
394 162
892 849
355 463
981 63
497 833
323 624
1000 923
539 631
528 118
680 545
796 128
137 213
14 577
353 396
624 519
27 612
591 502
88 675
979 491
173 33
427 815
651 853
88 872
728 384
784 367
804 723
952 380
193 55
757 685
27 151
847 813
489 893
42 1
774 469
788 409
449 397
392 502
906 78
941 542
165 302
106 837
498 237
525 598
80 829
285 946
997 140
643 121
111 722
209 356
943 623
329 851
528 14
871 569
243 794
417 970
459 55
61 415
683 540
834 53
247 557
76 923
984 649
621 329
308 421
188 854
147 929
689 545
498 593
147 681
573 284
111 841
642 634
157 979
835 846
855 215
635 655
429 153
838 473
13 710
282 856
18 115
179 348
809 233
597 210
313 213
660 986
7 599
899 560
555 396
331 61
545 824
474 311
270 414
302 296
264 632
799 885
246 358
944 622
477 775
967 613
294 520
134 173
721 549
230 363
546 652
217 397
707 867
717 112
804 718
38 292
584 319
995 939
420 205
530 104
863 146
668 691
611 85
406 78
117 229
132 648
711 350
99 818
689 384
604 538
792 780
229 459
167 912
174 288
946 891
312 18
653 82
422 385
759 929
827 624
621 914
335 974
674 106
715 140
595 999
950 557
484 758
862 133
177 111
203 277
452 582
376 94
842 925
98 595
919 208
862 91
738 697
714 765
592 769
988 226
475 686
250 237
176 817
710 203
813 790
619 751
535 780
561 691
283 188
844 603
114 817
265 354
304 803
30 46
963 393
9 391
504 929
133 511
566 552
417 988
558 419
382 736
613 995
610 433
208 972
325 937
719 135
697 945
976 872
812 208
300 843
753 264
130 523
398 489
836 530
785 112
632 775
535 17
360 662
877 550
242 69
160 273
933 60
981 918
149 331
729 297
738 603
870 509
646 293
205 747
300 66
167 176
390 366
129 933
665 118
478 636
942 756
251 138
893 60
327 15
116 901
639 638
257 705
939 594
755 311
198 854
587 480
179 436
697 882
578 23
111 454
975 115
42 568
959 623
287 999
777 54
334 619
124 876
294 625
211 980
473 620
962 890
905 798
609 290
763 638
765 207
103 397
423 107
523 292
885 175
735 732
324 909
196 27
383 190
149 725
366 537
291 466
795 54
279 530
655 392
608 186
114 721
773 293
156 227
632 630
527 582
981 352
495 473
341 491
39 221
757 982
496 483
748 259
158 150
759 445
439 440
921 726
42 501
102 978
844 324
657 446
983 365
387 305
715 701
943 749
351 285
367 708
577 639
225 896
607 290
121 104
384 129
719 170
548 539
581 794
124 922
832 978
214 76
462 493
229 183
495 607
861 224
895 839
164 874
201 552
850 839
216 5
471 880
857 288
933 45
708 825
765 93
344 162
493 633
125 915
948 827
447 839
647 716
777 857
420 40
851 493
64 988
408 309
456 801
392 239
179 287
341 125
305 823
740 627
479 226
20 737
306 541
742 939
14 383
518 993
673 775
9 79
569 205
614 910
730 322
558 926
600 54
348 529
931 47
252 618
602 515
559 791
740 874
374 498
698 11
633 672
269 345
937 744
312 281
67 642
137 413
340 827
307 314
698 339
828 425
256 453
339 415
424 946
9 368
308 562
581 453
296 415
283 316
172 615
692 62
763 422
650 458
456 984
243 263
227 921
731 430
940 934
452 384
176 619
823 987
102 505
190 492
611 580
289 907
587 979
716 828
870 210
396 171
599 266
709 38
301 398
491 754
56 669
399 35
927 431
252 861
32 578
75 507
935 237
152 733
673 597
13 371
676 367
682 731
684 562
931 456
942 896
891 864
43 560
434 749
756 81
528 842
864 727
557 706
62 990
497 952
558 831
797 422
443 138
297 429
650 509
244 846
665 651
317 729
910 654
363 607
932 74
899 74
530 95
600 33
919 285
476 648
68 82
317 934
699 648
163 859
642 289
149 831
403 382
194 783
205 279
736 15
656 495
857 87
896 433
657 422
682 293
7 979
203 995
74 359
609 523
72 841
225 18
314 440
257 223
516 62
850 946
784 170
407 252
229 703
349 804
397 800
330 730
517 410
708 678
729 940
811 841
56 810
48 555
471 144
552 194
933 359
142 309
283 590
114 776
56 27
333 127
791 263
745 43
369 796
192 360
973 124
170 693
318 554
288 454
991 382
386 684
916 746
536 289
943 170
407 205
45 977
292 387
684 906
91 139
598 578
27 954
46 589
867 24
131 105
409 86
44 398
977 946
973 439
321 292
265 639
351 154
134 546
46 603
450 283
583 401
100 881
936 53
307 405
717 28
295 567
114 636
708 141
596 587
414 961
755 920
529 406
363 38
618 625
148 914
361 256
514 522
382 146
786 889
270 904
971 654
655 20
110 34
853 431
81 803
225 98
967 470
413 907
525 901
248 216
372 547
125 206
871 407
895 572
922 879
685 660
536 196
135 451
681 101
67 185
270 342
450 507
329 842
674 122
705 797
462 944
645 634
504 173
183 549
250 709
805 207
79 440
460 697
614 715
225 629
700 633
887 954
575 470
538 769
22 31
204 202
698 103
645 232
995 256
870 742
619 699
946 295
631 555
685 172
47 326
308 98
53 274
712 218
187 122
978 733
388 222
491 996
382 711
849 487
994 790
142 686
981 69
544 607
22 155
725 612
364 891
816 259
17 950
539 916
640 863
150 602
45 227
550 45
626 645
695 83
831 436
337 85
366 375
762 22
442 175
23 657
411 747
180 51
9 225
221 938
828 694
697 723
540 102
724 233
803 956
642 84
110 145
65 731
518 642
785 15
433 608
594 568
240 254
986 998
273 787
720 91
86 467
333 778
256 895
178 477
382 316
596 460
891 228
372 588
944 302
118 149
184 357
915 705
883 456
145 473
550 62
862 13
613 192
780 216
418 952
541 453
984 827
138 861
415 550
263 233
488 69
293 616
56 886
774 492
598 1
127 778
743 30
762 775
102 484
284 372
55 689
19 704
870 443
724 881
321 31
432 608
771 594
784 200
512 65
873 706
237 372
471 461
759 154
461 13
618 39
869 290
762 675
822 697
498 819
907 247
828 171
198 219
227 884
20 637
871 776
845 375
200 164
925 30
920 209
49 946
45 213
961 924
482 862
324 619
200 167
450 990
983 192
218 996
469 267
122 596
284 888
205 866
232 731
22 17
566 97
316 510
69 16
553 894
953 129
593 715
877 304
858 225
440 390
509 573
758 870
521 614
961 687
789 233
30 987
448 474
303 92
240 709
458 973
174 69
618 518
725 165
230 632
759 319
519 161
572 153
110 582
545 96
17 762
455 298
342 868
253 25
205 29
950 542
308 416
66 138
797 62
794 765
935 611
759 757
760 381
488 877
972 799
540 593
860 615
709 812
260 233
856 802
130 602
434 740
985 701
570 931
4 841
70 169
524 95
936 31
26 252
876 607
557 589
749 1
929 812
92 332
911 814
462 943
147 792
548 608
17 203
60 495
724 363
476 448
499 75
944 798
902 357
594 874
480 478
649 552
477 141
334 368
714 973
275 955
959 851
650 931
909 851
779 297
586 908
394 258
255 969
242 928
648 569
224 353
87 355
450 850
975 95
807 586
514 152
992 360
276 409
446 439
320 435
415 47
911 898
811 410
167 434
704 31
197 460
911 157
133 507
302 23
42 899
230 216
256 280
606 12
629 860
144 445
347 817
740 158
518 776
305 941
384 790
741 905
219 480
996 796
277 131
78 815
826 487
751 382
547 466
703 894
21 598
944 566
471 482
51 494
284 102
405 436
625 466
20 248
260 345
972 494
572 85
336 876
893 516
960 193
836 487
409 366
540 602
597 209
532 356
49 187
600 77
962 633
949 502
324 358
7 16
707 610
456 466
185 173
207 474
801 79
75 858
1 985
900 506
214 98
511 88
256 530
596 64
411 231
900 821
448 72
666 859
847 616
623 356
808 132
420 260
664 147
235 972
850 810
495 324
385 83
149 940
104 425
540 52
582 296
315 81
972 111
800 14
950 483
177 604
890 302
129 663
662 890
976 15
576 219
80 409
307 179
959 421
83 795
540 684
387 659
435 344
311 252
644 606
717 27
676 409
244 450
375 991
563 893
372 334
143 778
297 520
979 832
948 437
208 737
441 349
861 943
133 908
199 863
705 458
467 599
933 399
815 350
70 690
21 355
60 206
133 600
792 294
198 467
54 365
735 364
894 586
11 530
765 288
45 736
979 318
678 358
5 517
418 700
140 443
887 901
670 505
900 888
834 34
844 259
992 945
864 764
965 926
320 691
63 984
992 711
796 929
451 325
870 926
274 853
849 216
102 942
192 257
241 732
696 168
867 169
440 45
940 178
266 297
846 65
675 396
553 496
745 452
186 761
672 723
127 820
564 504
69 552
548 659
167 965
246 558
939 164
624 47
801 822
136 885
982 840
244 306
818 665
529 985
231 155
37 162
264 515
665 50
935 922
520 51
92 221
815 622
657 605
952 604
516 904
336 892
422 8
625 690
337 299
576 771
791 606
96 12
570 185
185 491
867 713
192 631
503 332
405 649
330 687
804 987
783 392
760 14
302 976
734 578
656 395
551 970
121 769
688 40
59 338
582 2
843 724
994 316
708 421
563 823
596 232
93 818
352 246
61 808
905 864
169 942
832 267
299 835
323 73
799 72
281 894
798 593
380 119
998 40
758 540
896 206
729 437
226 478
810 1000
682 741
341 945
735 709
253 976
107 875
51 277
294 169
456 536
955 507
14 510
227 114
683 952
544 191
178 791
405 156
868 231
249 586
31 237
554 984
727 349
98 963
822 863
293 319
904 481
598 613
813 98
822 162
289 305
951 285
428 388
139 89
33 307
655 775
723 649
970 353
611 895
752 608
707 337
443 951
349 429
575 313
383 594
860 205
140 805
182 836
742 400
777 377
333 500
682 879
404 962
432 8
100 735
291 112
608 840
851 828
770 714
640 278
21 237
535 603
460 479
659 852
921 541
855 578
129 142
235 219
204 98
726 420
563 747
602 810
156 698
35 929
387 360
543 231
881 222
962 692
11 492
232 635
646 687
816 604
396 249
134 869
649 162
551 439
618 511
117 165
870 379
664 972
979 779
400 43
879 96
104 674
37 917
161 684
951 468
41 284
489 60
753 25
681 72
230 573
107 768
329 708
526 502
929 330
832 112
157 24
814 810
894 291
191 345
345 903
705 235
619 528
181 611
252 282
455 529
837 207
697 874
984 947
507 282
353 311
7 537
726 686
358 120
899 237
954 698
216 44
6 175
391 942
380 119
720 368
474 698
874 510
230 280
894 790
242 919
668 772
625 893
842 177
994 419
550 745
684 21
294 672
548 572
256 532
645 720
470 122
88 576
13 904
652 829
827 680
783 289
142 783
960 460
674 787
516 101
801 708
916 200
802 610
20 194
139 659
670 724
219 562
707 711
353 673
927 400
700 875
521 284
572 26
92 334
391 902
956 241
111 689
889 911
861 224
742 470
478 240
931 814
779 742
453 180
409 914
208 548
972 154
939 696
211 858
784 746
750 558
18 419
826 559
506 246
492 454
608 499
223 177
339 331
644 683
768 846
397 140
343 894
224 175
757 746
519 53
16 421
823 858
365 652
12 53
513 923
145 626
599 806
758 562
384 340
465 269
83 825
247 911
923 356
27 305
108 902
572 229
398 727
300 680
38 928
610 923
351 369
237 859
679 499
849 48
767 837
850 926
521 336
744 128
134 133
492 959
678 572
921 427
167 579
768 197
675 504
191 257
148 842
724 621
51 142
844 145
529 150
323 832
401 784
778 807
888 324
202 307
791 844
759 686
539 551
721 582
636 635
358 990
336 601
142 588
465 601
278 49
124 396
600 3
772 872
671 772
114 868
607 709
775 493
862 674
467 678
600 800
297 969
625 294
897 710
149 271
163 651
726 196
667 909
522 276
534 890
289 889
483 617
916 336
538 734
33 666
373 902
514 560
590 216
854 764
245 198
669 148
754 966
71 426
265 180
161 741
942 224
347 949
624 703
220 311
93 780
209 293
1 688
307 994
364 552
419 158
728 867
708 773
143 572
559 968
613 676
576 162
689 531
235 282
407 905
128 534
69 140
73 451
784 338
681 286
793 11
802 486
143 326
791 285
921 267
728 425
373 807
59 37
824 832
519 138
932 179
451 826
634 876
982 587
227 139
854 775
559 951
64 899
999 178
375 263
744 633
171 993
587 979
799 852
536 61
827 65
428 286
170 254
44 973
571 86
726 4
834 923
584 844
591 978
732 734
319 230
803 259
193 397
802 445
79 780
915 567
606 42
35 774
935 51
329 4
182 979
333 630
364 529
102 604
626 887
676 269
356 594
12 177
713 973
547 217
846 426
771 687
379 568
495 390
74 596
282 692
694 552
793 778
830 699
296 292
53 581
739 324
221 817
467 73
267 326
982 298
248 797
108 670
725 462
80 469
235 437
372 392
741 865
486 352
462 562
993 716
209 898
401 812
359 47
258 441
421 784
160 392
707 369
622 20
70 427
81 290
35 45
543 314
788 223
90 675
711 539
113 999
426 956
69 749
609 146
584 834
827 698
328 24
613 537
198 694
568 906
543 464
718 126
704 905
305 752
11 34
20 850
379 750
338 380
293 8
175 715
164 801
90 152
194 581
5 172
597 536
977 932
626 493
933 217
470 639
595 999
443 129
475 823
986 300
581 444
698 347
513 884
74 589
600 978
658 545
122 711
676 255
985 603
14 226
549 56
593 900
595 595
917 270
361 181
669 12
603 735
437 180
184 960
931 922
937 94
704 856
316 450
116 943
812 529
335 881
10 588
235 991
905 244
677 949
234 950
52 398
154 834
622 951
348 122
958 718
688 967
372 616
935 557
599 662
209 611
749 302
45 783
303 307
668 264
194 426
819 920
358 191
148 743
111 221
575 417
695 95
631 556
739 65
389 192
835 617
749 293
119 441
1000 875
647 36
318 607
21 832
32 783
55 508
476 197
505 674
315 552
320 592
333 486
56 112
186 906
173 434
604 653
210 206
234 48
989 397
744 15
422 158
517 782
986 374
861 839
492 803
628 164
261 708
780 712
280 494
424 461
25 220
832 660
634 618
859 551
211 860
716 298
612 958
325 554
238 130
634 174
374 281
288 878
761 118
447 272
207 271
165 794
454 269
335 880
678 995
432 267
131 94
682 105
632 843
46 750
925 623
118 504
935 314
17 775
966 848
594 382
119 609
393 365
64 901
874 573
111 380
283 477
210 913
511 858
577 121
124 333
485 835
872 997
18 1000
540 719
168 995
699 816
165 14
816 939
863 215
97 231
938 387
334 608
432 572
910 250
304 312
17 283
475 886
190 349
216 512
583 48
703 213
656 967
923 779
221 109
412 531
380 578
902 620
749 112
646 712
641 475
786 611
17 620
92 119
237 982
908 310
478 978
980 915
481 612
172 426
981 783
848 769
230 200
204 496
195 422
138 948
893 393
786 123
119 818
197 666
23 548
349 184
803 980
118 136
28 511
211 549
914 124
130 79
45 926
707 260
299 545
43 924
421 463
886 832
283 433
390 660
635 195
932 933
899 23
459 29
69 366
676 794
864 867
692 436
525 34
912 63
412 446
107 532
961 607
966 854
238 203
368 467
155 624
164 679
860 360
113 57
322 685
106 58
416 184
106 500
840 832
834 758
292 967
496 610
804 833
335 432
928 531
638 674
2 413
389 176
319 304
488 820
165 737
960 624
640 604
456 231
225 24
37 358
90 323
861 991
472 281
65 768
332 588
939 530
936 302
297 156
533 221
391 225
88 282
736 413
847 203
335 699
557 633
213 734
603 657
499 555
329 385
851 141
528 387
19 232
946 893
678 691
825 733
31 65
335 582
69 736
541 16
68 862
45 761
40 262
360 786
865 928
656 261
647 967
786 102
180 910
69 452
710 422
21 246
439 542
298 279
196 317
911 283
64 25
183 9
815 232
984 368
441 732
228 706
50 251
18 181
867 842
263 982
926 262
767 866
630 626
939 802
976 90
261 822
21 777
556 194
292 265
261 63
787 775
61 819
495 75
418 653
75 627
881 528
354 513
530 217
702 498
595 477
732 482
46 174
473 381
56 642
243 633
198 387
664 308
942 937
741 571
428 271
215 341
701 938
369 648
929 199
995 215
695 459
825 374
544 357
384 77
585 196
441 925
423 94
981 646
946 200
208 404
828 707
983 627
309 500
192 778
879 868
710 217
297 525
207 694
35 495
988 696
130 729
182 123
41 528
915 650
492 155
638 558
75 381
755 317
470 338
336 674
524 281
250 1
281 838
564 618
490 650
755 407
229 244
882 503
472 585
934 538
393 323
416 326
892 416
400 206
702 289
133 324
210 251
137 613
647 120
823 826
468 84
635 643
543 268
48 229
516 274
587 88
183 821
58 989
699 671
221 87
249 241
699 728
397 105
433 926
206 119
875 211
263 240
572 996
113 335
903 395
264 975
235 78
348 250
504 174
886 624
804 670
245 171
245 161
146 522
456 874
738 851
624 614
948 322
271 419
804 911
755 961
37 793
803 744
693 885
300 992
349 432
943 235
554 87
520 483
743 571
99 586
986 98
387 54
90 386
835 28
949 958
37 232
398 532
772 467
845 440
773 545
931 495
238 524
337 858
744 479
863 484
751 395
589 395
74 542
850 599
188 576
851 322
471 113
814 80
616 602
392 905
925 208
558 62
346 167
415 614
210 537
315 885
656 569
725 343
514 447
161 491
757 419
941 638
104 722
916 162
48 921
592 832
777 153
613 173
156 541
638 76
530 951
599 511
429 593
386 961
494 719
297 517
811 259
552 815
110 487
178 27
979 776
660 741
30 383
452 265
819 368
76 107
660 825
603 530
734 473
982 462
570 719
345 571
829 280
286 782
886 440
9 489
592 713
596 715
770 325
195 752
760 69
931 440
190 14
841 24
104 832
904 439
88 984
867 416
360 531
344 856
751 557
491 477
151 182
107 523
982 28
703 542
918 747
557 512
334 35
419 924
4 249
64 86
882 568
354 827
565 322
407 909
870 340
54 144
370 198
366 778
440 112
821 624
947 453
570 249
459 567
164 404
953 955
337 104
186 518
997 225
474 105
157 576
943 593
223 439
563 349
17 868
324 157
782 403
226 67
32 933
754 85
749 856
355 373
22 948
880 54
152 408
698 225
5 86
42 415
742 766
88 243
191 795
556 323
808 598
598 386
271 200
515 562
433 865
711 884
909 588
443 633
27 172
402 746
832 800
539 249
249 968
123 676
765 501
86 480
932 619
628 443
145 812
730 631
158 7
169 526
26 122
328 447
732 177
250 768
994 184
866 180
533 646
911 425
214 876
476 887
564 784
33 936
510 772
504 186
768 996
17 947
425 458
789 277
694 301
932 725
613 528
539 601
563 236
976 294
206 81
34 273
723 664
700 695
490 523
532 86
751 675
786 389
130 249
117 765
361 464
634 820
442 87
326 825
179 21
573 492
615 928
335 852
708 199
552 285
341 523
15 751
917 558
674 60
363 661
951 831
43 180
540 15
403 47
582 164
284 426
310 810
661 326
324 276
417 729
979 611
63 751
307 704
5 9
562 51
946 244
967 444
956 801
791 1000
194 350
1 544
788 618
911 494
743 68
533 846
619 55
914 948
683 153
985 715
129 660
962 508
763 297
183 25
48 354
888 834
534 260
79 154
890 474
538 782
617 590
745 118
285 609
75 830
823 528
860 331
793 786
179 81
7 793
612 995
149 261
150 218
421 953
21 433
491 875
188 7
394 508
346 813
701 28
46 280
602 378
434 374
211 630
842 923
185 354
564 268
763 320
323 570
91 760
375 711
278 563
18 660
469 2
893 352
975 1
63 30
117 242
765 206
578 629
935 687
702 531
347 358
381 3
845 492
226 23
861 930
591 883
695 223
794 417
17 609
723 359
601 37
199 518
386 331
780 589
210 818
220 156
359 914
994 918
970 585
852 55
845 826
757 131
794 813
762 821
167 229
597 590
967 293
617 765
475 652
634 276
878 280
152 358
383 697
430 151
181 444
410 376
67 127
123 467
154 200
362 722
768 571
904 648
364 573
572 578
545 117
777 287
367 337
629 341
348 586
196 52
287 786
558 991
642 333
549 400
942 779
906 463
395 231
831 208
336 884
661 730
402 365
67 986
972 371
887 205
399 123
396 197
380 553
23 500
299 526
375 336
434 349
215 786
38 8
704 924
304 869
502 553
446 391
241 624
20 520
153 61
170 275
495 976
793 203
350 889
496 651
814 550
618 468
401 664
407 159
402 376
940 222
763 799
146 956
481 853
919 668
899 52
334 319
620 977
503 43
70 568
286 892
72 452
769 779
242 931
306 313
393 505
495 982
50 784
245 674
8 529
854 53
385 962
643 648
261 310
365 240
906 892
656 85
844 573
695 137
887 230
610 683
60 280
226 993
664 952
720 10
600 811
727 108
948 580
195 448
143 984
519 28
43 733
628 328
415 84
782 202
363 1000
549 213
180 375
759 608
484 856
147 682
819 530
67 140
479 812
467 55
23 512
257 413
594 407
853 266
373 703
747 124
781 39
842 797
439 679
530 648
833 52
676 421
686 141
675 87
311 947
112 868
318 705
252 327
614 86
803 395
640 803
383 186
474 633
875 9
500 20
661 661
26 857
557 472
673 366
211 250
70 306
667 944
17 1000
734 837
556 138
769 859
991 552
863 154
229 385
787 626
193 297
919 50
6 625
987 974
312 983
996 570
771 169
444 850
248 268
477 923
708 375
12 726
728 431
144 112
265 924
602 129
676 549
344 312
759 274
26 859
425 149
599 151
403 913
822 846
356 269
229 47
62 999
908 741
752 624
935 27
444 515
926 540
946 248
251 999
783 571
322 183
993 258
805 106
894 251
685 761
432 474
860 413
499 169
465 891
131 563
628 379
545 249
39 441
228 528
544 174
815 208
293 890
442 563
146 953
298 402
729 486
772 790
566 747
683 541
877 528
320 230
687 454
974 187
195 992
402 774
216 112
119 490
12 907
938 728
659 765
169 625
508 79
497 39
589 848
758 22
543 613
844 707
259 382
630 728
120 595
897 373
517 726
299 278
303 617
719 443
489 765
265 854
343 789
391 92
328 527
875 222
487 83
809 766
864 400
989 795
694 749
782 590
815 841
874 353
736 30
588 132
868 61
986 965
612 462
354 860
680 449
364 262
886 30
26 661
842 670
137 725
292 482
306 346
48 635
356 519
768 728
589 329
443 376
758 871
132 264
412 545
635 910
607 358
868 62
20 392
968 736
909 150
38 865
12 707
186 534
8 257
682 186
525 839
803 118
438 630
228 121
147 564
823 620
980 189
848 635
790 101
816 183
453 477
956 909
645 836
888 350
533 884
759 214
121 134
23 706
87 661
334 260
16 583
709 73
999 869
635 317
697 907
24 728
650 465
950 632
677 920
864 954
215 620
639 435
70 129
821 138
589 866
888 266
453 961
781 597
70 881
618 712
193 16
740 766
580 536
713 400
604 447
789 588
150 827
695 45
641 972
144 489
261 232
777 219
300 825
579 44
786 635
534 387
35 160
244 351
610 276
188 577
173 897
866 432
705 106
209 939
668 771
400 667
191 541
27 33
94 309
181 391
220 962
532 173
868 198
683 828
15 788
22 33
241 981
415 174
792 716
895 373
820 699
253 79
154 191
167 418
277 364
690 368
746 888
820 895
413 454
661 109
967 403
858 861
607 843
220 568
502 943
138 163
298 456
437 321
9 544
654 538
573 736
941 112
537 410
137 785
969 438
131 186
264 563
721 844
105 378
746 32
128 943
505 870
459 228
829 128
258 789
591 49
868 474
560 789
943 938
319 433
667 103
984 410
323 119
865 655
563 427
105 287
177 526
680 104
213 470
318 969
972 876
258 793
553 518
268 925
137 287
817 312
818 488
759 712
901 97
816 373
251 440
463 856
283 747
131 462
752 869
324 259
60 477
791 602
633 591
40 406
689 570
905 207
333 927
232 995
194 976
825 924
545 171
191 538
319 69
669 198
586 527
538 226
38 999
871 730
254 621
564 310
716 931
207 412
14 739
469 381
165 238
285 357
541 778
302 65
393 285
820 165
189 162
175 735
816 802
412 995
831 79
641 46
554 540
701 77
92 895
262 131
131 75
888 466
486 663
261 390
238 30
110 20
564 875
183 295
372 310
356 244
252 346
482 419
181 967
513 269
459 103
64 917
309 688
594 102
702 452
290 460
249 503
184 526
636 761
127 209
154 420
724 531
867 506
207 156
624 355
106 510
644 737
72 544
18 13
987 97
321 799
479 56
510 608
296 515
734 395
777 52
570 219
594 788
873 541
471 717
338 556
37 449
938 757
937 757
484 153
858 194
102 989
951 912
482 249
446 404
467 872
569 508
972 564
443 655
318 972
988 475
881 422
982 194
103 533
666 507
86 249
13 597
448 509
374 937
869 753
517 407
446 356
853 223
680 974
58 734
708 362
907 49
31 378
721 420
461 296
796 941
55 689
857 59
16 763
245 722
10 15
552 73
391 63
261 933
407 192
254 813
471 246
526 159
268 234
704 753
329 775
580 343
215 566
745 290
334 644
875 108
771 697
203 531
373 434
177 913
840 857
375 206
309 719
142 818
196 398
146 666
592 789
795 342
44 126
314 604
995 503
972 372
712 537
192 715
429 16
792 340
670 751
715 593
550 731
944 522
790 613
371 891
230 485
980 295
430 845
685 477
345 287
858 305
307 752
633 786
490 358
458 523
477 943
314 65
180 345
504 333
984 322
377 225
775 699
190 861
78 883
46 522
317 37
225 421
684 95
743 856
117 67
964 25
974 112
105 200
488 883
165 155
445 615
820 793
9 92
94 50
153 349
44 434
262 671
141 123
637 437
943 158
582 668
992 6
841 857
601 20
541 874
883 15
7 144
219 191
81 289
221 919
278 65
567 248
581 284
805 498
784 448
19 141
904 156
547 223
220 306
510 293
423 88
28 759
136 430
531 731
255 40
220 449
12 474
781 705
136 978
341 62
381 113
191 956
122 462
631 298
300 936
236 44
175 310
438 827
519 133
812 628
793 749
669 514
75 306
111 695
779 846
7 102
335 956
954 557
77 869
949 188
506 612
480 809
507 50
330 394
462 780
999 628
156 393
181 999
590 378
882 97
866 413
102 277
892 966
998 841
263 416
547 87
13 450
250 224
628 586
206 888
445 158
367 219
248 684
439 101
261 446
57 583
403 698
460 948
603 324
501 556
577 886
976 265
864 849
532 512
131 628
401 718
721 787
4 96
493 757
483 887
977 794
434 643
494 242
372 681
702 729
977 816
640 32
75 962
250 772
91 752
708 56
763 629
107 176
778 428
732 736
332 171
46 190
689 318
984 33
76 998
268 415
524 52
577 217
812 660
354 842
774 251
351 807
392 653
146 907
231 726
645 150
567 464
874 415
677 90
594 437
964 934
500 303
81 394
630 587
946 374
50 988
244 989
974 754
151 775
347 74
846 61
442 634
714 357
897 254
965 59
908 489
898 560
82 378
79 973
419 820
507 750
548 806
886 963
122 257
550 689
851 597
219 912
819 886
429 110
102 120
338 655
342 88
785 784
649 996
225 475
477 355
318 939
999 650
141 763
134 341
550 539
165 268
222 422
982 328
581 893
959 280
419 571
528 194
55 23
582 871
693 564
484 906
345 65
206 831
823 766
86 219
436 826
222 424
265 201
895 313
992 961
817 645
619 649
877 513
441 647
126 273
58 407
893 171
184 250
971 427
189 206
235 559
172 667
363 952
403 373
46 513
490 600
750 29
626 574
424 166
750 196
928 754
941 829
440 437
938 273
893 413
284 491
968 955
11 885
32 702
370 919
820 911
841 913
388 899
601 405
675 147
821 127
239 134
407 285
302 818
26 161
128 642
425 187
15 65
857 206
514 279
948 212
697 327
979 742
235 679
349 115
343 584
881 217
122 28
32 156
595 574
842 282
713 467
290 768
913 309
274 230
519 330
223 773
821 417
234 578
287 752
673 888
124 541
764 116
945 999
419 364
595 582
855 557
554 666
367 34
399 561
379 240
867 164
630 933
416 147
586 393
244 223
356 802
485 110
790 455
872 845
135 132
366 820
805 324
986 874
931 463
112 321
975 419
212 36
165 851
624 43
710 812
814 209
808 497
835 493
223 347
698 225
179 435
406 817
655 794
271 531
254 233
54 429
533 380
832 619
763 589
428 982
713 529
111 94
991 285
316 375
123 961
130 112
225 776
478 429
925 299
860 71
825 268
399 987
528 824
691 548
577 729
565 448
61 641
749 441
283 190
325 923
875 711
206 137
827 198
45 650
298 175
529 315
750 694
592 378
548 640
568 514
757 774
764 951
972 751
104 288
159 728
228 125
683 866
883 532
767 839
562 231
535 245
316 372
763 281
902 342
866 945
975 801
628 495
411 176
263 816
360 94
76 634
411 978
230 869
435 257
238 933
95 784
484 968
625 39
277 338
415 556
494 773
772 282
718 639
848 322
4 93
274 628
816 91
931 582
85 5
401 426
260 760
605 875
390 823
405 293
174 529
622 972
715 457
854 253
141 401
857 750
594 871
555 820
996 926
680 770
647 424
606 757
173 143
287 261
67 166
43 699
737 10
517 371
47 46
740 23
156 187
474 469
740 204
628 691
284 541
605 574
566 497
975 505
432 687
775 519
197 129
485 122
522 694
304 416
168 249
685 94
447 63
390 646
669 551
375 61
809 936
160 588
435 45
630 686
499 734
675 954
971 634
771 847
11 835
103 22
445 753
778 703
515 826
242 288
903 110
97 274
671 321
54 558
300 490
620 253
529 979
171 508
629 653
92 497
902 786
525 282
822 303
15 730
810 936
154 451
576 380
477 30
465 490
971 694
752 854
654 810
503 174
52 945
315 640
806 16
268 731
354 700
198 362
350 352
714 43
694 583
56 473
908 355
932 69
613 885
499 117
942 661
73 796
582 638
780 529
858 880
830 684
384 707
530 622
690 972
716 612
538 590
708 652
556 13
141 402
283 762
159 189
879 22
693 922
553 18
404 148
603 59
999 544
452 418
208 491
707 570
889 797
938 472
101 35
846 929
651 147
423 158
953 650
138 128
118 812
980 513
745 337
822 543
395 990
99 877
516 222
263 68
446 623
165 840
225 935
110 787
212 270
808 369
624 634
395 304
782 827
137 800
318 277
258 391
436 809
312 454
90 383
300 468
348 808
581 120
262 816
253 319
103 992
595 268
322 352
936 119
861 572
424 804
428 200
922 915
29 479
337 490
835 500
297 126
845 74
689 932
676 784
611 441
329 74
941 760
60 7
50 958
315 300
80 61
208 192
941 830
176 770
936 268
356 374
323 160
115 490
870 913
58 721
723 675
640 838
566 313
733 229
741 572
727 707
521 953
738 136
528 112
842 985
636 22
994 974
609 834
477 692
472 297
898 104
823 289
314 930
905 356
973 181
888 816
549 344
678 414
722 26
272 13
484 65
906 390
433 289
620 791
536 44
989 648
284 502
606 295
549 577
199 376
924 930
756 944
99 260
326 527
606 64
364 241
639 103
625 317
655 254
441 675
769 856
401 737
25 58
306 520
896 973
322 264
194 306
470 100
530 660
828 247
985 499
823 384
59 803
258 921
990 59
131 328
12 878
22 716
872 784
869 797
527 616
830 81
603 977
6 649
626 393
437 952
649 544
620 409
104 538
3 87
800 819
579 489
85 353
596 486
751 737
193 598
402 269
898 141
643 453
308 261
632 708
821 283
311 889
435 809
359 133
368 13
155 990
795 327
6 365
566 328
221 525
554 940
622 392
987 978
110 426
205 656
994 733
999 987
931 233
610 270
615 716
885 75
765 573
919 659
174 619
480 282
761 965
572 396
127 976
317 209
876 137
103 747
429 980
121 624
482 496
478 863
682 348
253 12
53 695
296 58
217 105
962 823
470 771
613 122
755 188
517 132
363 755
278 800
170 234
88 817
667 433
704 101
264 243
370 168
685 959
584 143
958 568
372 231
549 594
675 289
265 728
44 441
631 182
769 684
611 222
170 363
397 474
251 134
969 950
260 480
555 113
145 939
439 668
689 643
144 462
432 801
337 607
112 287
450 253
737 773
270 811
218 21
905 890
268 837
275 964
815 46
974 651
170 798
833 22
772 56
292 613
934 91
734 646
830 815
406 928
290 160
60 725
34 126
225 218
303 170
465 688
485 862
85 943
172 177
160 89
848 971
564 993
606 844
979 179
538 230
868 622
912 400
27 359
685 714
396 175
688 78
231 423
464 236
763 511
284 472
659 983
17 108
411 482
53 101
292 659
955 270
483 812
726 772
798 846
885 240
465 637
484 628
491 18
457 281
755 16
457 768
590 259
459 611
860 811
89 372
759 165
121 106
626 150
709 459
342 473
836 699
155 289
175 798
56 279
911 329
20 985
273 846
961 847
128 822
751 658
696 565
42 639
510 201
126 271
818 317
521 98
326 577
826 247
682 521
949 643
502 265
969 538
623 509
654 437
656 722
664 185
909 794
39 635
789 836
755 311
457 17
404 29
425 313
165 104
408 970
294 922
188 54
688 604
126 624
239 277
712 841
165 771
279 203
702 586
282 196
244 698
39 950
587 137
967 544
841 577
978 385
144 179
398 859
382 27
58 925
806 108
860 621
938 874
583 168
289 471
908 612
239 519
132 932
412 858
397 625
460 916
215 92
954 964
364 477
682 901
640 95
413 57
316 178
540 676
703 828
440 476
160 411
699 742
939 701
356 153
558 409
369 994
571 125
271 804
651 719
568 264
895 234
402 159
489 653
469 38
681 664
518 980
855 523
209 297
807 345
395 682
364 388
391 72
914 75
920 797
465 73
860 553
988 477
889 273
486 109
223 717
534 66
434 756
360 105
234 743
401 673
290 794
713 138
752 61
748 441
792 9
505 282
571 240
279 621
553 112
829 703
502 595
868 938
784 888
253 246
493 350
216 737
397 702
677 190
589 128
388 500
738 20
763 1000
941 329
303 330
219 812
97 984
816 553
713 736
432 778
152 968
569 681
420 25
181 253
730 276
221 656
870 859
308 529
523 258
629 702
650 578
66 940
681 649
316 193
124 302
581 434
695 14
679 643
890 153
690 160
381 574
219 674
57 4
567 987
557 922
751 469
305 580
392 296
302 986
481 446
856 164
924 525
26 694
673 267
17 607
42 140
989 712
906 142
170 969
846 23
314 79
609 729
716 138
226 503
929 844
159 165
816 338
963 960
784 158
893 144
146 181
493 776
140 421
714 999
230 173
77 805
941 203
308 144
26 313
821 538
404 759
132 927
505 602
71 911
285 896
457 933
278 644
46 913
187 494
263 791
140 570
958 958
890 865
886 790
889 285
372 230
938 653
512 1000
481 971
800 933
901 40
368 454
233 737
1 661
944 808
901 960
873 240
824 412
531 201
343 916
22 674
238 62
804 32
962 675
252 352
950 146
697 940
278 397
803 199
624 399
431 347
8 917
217 191
682 404
865 61
253 99
21 336
579 111
686 485
85 67
651 225
760 729
300 643
812 480
77 901
891 2
557 751
439 870
925 34
66 474
550 632
254 906
327 609
915 183
809 360
127 597
259 611
337 661
808 621
215 905
715 110
930 512
441 173
811 944
649 657
580 709
890 529
500 796
259 438
328 13
475 911
383 662
485 254
512 235
765 606
855 696
735 556
447 676
736 757
79 685
774 483
374 101
923 847
696 905
799 441
27 429
226 499
560 224
676 129
364 880
439 613
942 295
190 244
125 681
548 539
393 134
764 592
969 607
733 528
941 6
650 749
19 900
590 576
138 903
811 935
139 51
469 819
950 57
155 573
750 51
794 849
786 375
226 756
218 234
281 673
863 686
369 682
544 811
340 577
64 696
902 247
675 230
402 344
151 425
879 385
238 185
315 363
771 358
755 780
216 773
97 154
492 473
197 333
872 115
103 682
689 688
317 226
160 746
644 818
85 950
346 858
374 528
496 368
515 548
905 904
45 96
793 314
273 435
852 500
141 339
23 189
777 309
719 273
754 528
275 550
538 267
229 706
193 768
307 825
854 47
599 894
120 275
463 26
954 833
394 461
42 759
203 829
134 979
254 271
703 706
118 59
111 606
288 743
868 867
433 781
72 752
447 629
877 865
271 921
367 372
555 208
305 530
397 1000
56 624
12 579
184 708
851 136
617 60
907 621
568 320
921 812
844 935
892 509
584 597
264 335
989 284
814 4
479 342
916 200
859 418
289 486
22 123
399 416
958 753
947 756
436 783
866 390
886 194
103 960
335 243
774 688
469 434
485 221
455 666
870 863
264 133
166 326
677 717
400 159
375 793
238 602
547 558
570 905
534 947
950 493
443 367
696 456
64 19
100 109
150 334
976 866
683 280
928 699
356 559
593 314
293 532
893 587
83 28
487 961
229 586
63 3
452 958
972 865
935 315
560 130
410 886
517 873
841 35
432 500
958 477
147 696
910 28
971 552
322 514
923 56
681 435
169 198
998 318
283 729
560 68
697 731
195 571
319 582
469 688
990 142
502 472
89 709
803 734
537 293
525 297
987 382
566 305
264 344
897 705
259 766
739 148
139 531
863 410
369 6
852 229
278 775
467 604
854 546
853 621
919 646
679 203
418 384
99 881
267 192
77 881
719 204
494 641
536 839
103 871
677 518
965 362
752 100
957 802
10 719
705 419
283 574
143 295
436 773
914 615
182 197
307 127
959 695
391 264
838 303
673 74
657 54
923 657
939 569
893 153
745 391
833 189
176 453
197 755
390 746
434 59
805 460
358 908
189 572
552 840
848 106
273 810
18 623
759 908
75 764
391 996
793 859
612 769
467 928
606 388
379 363
101 727
757 677
57 502
551 647
526 330
487 64
386 133
100 964
158 13
345 125
775 996
170 78
39 361
703 232
319 72
142 372
272 886
12 430
553 661
149 367
634 420
189 653
734 419
65 615
28 54
950 965
379 386
293 988
152 616
306 981
590 109
674 612
885 629
391 823
33 649
533 635
26 152
882 668
16 509
319 312
324 827
907 604
832 266
10 911
910 366
720 613
445 197
599 417
882 340
262 783
415 927
619 324
158 267
299 830
411 762
284 463
875 851
75 878
554 14
906 175
931 217
341 153
778 584
221 402
847 515
461 799
665 94
389 428
485 930
794 983
621 483
999 146
439 328
418 255
932 581
630 52
457 353
589 193
381 358
935 484
429 557
109 496
923 815
139 998
193 842
992 518
495 349
931 696
252 80
212 794
815 312
507 133
419 843
334 376
35 739
905 362
631 192
261 121
493 919
801 405
963 950
938 582
329 323
510 115
796 219
168 237
767 407
121 146
222 790
610 477
966 532
404 297
553 817
348 513
766 106
608 566
18 674
170 488
317 172
364 430
229 812
144 861
706 669
323 34
872 179
985 142
326 744
630 818
117 153
709 672
833 697
121 633
232 243
65 240
862 222
749 137
144 913
16 59
94 112
920 509
689 816
252 360
177 860
336 35
78 346
478 856
255 388
145 704
53 266
599 337
20 762
672 302
779 445
396 704
235 724
534 545
964 93
588 349
253 428
511 688
24 201
360 509
541 206
534 222
887 768
366 855
691 938
524 904
848 969
594 21
897 819
44 611
775 32
89 206
30 982
59 347
830 429
873 459
568 639
334 636
152 295
606 246
970 974
658 537
594 482
28 903
864 771
63 884
236 194
967 505
522 549
344 368
757 429
864 611
982 46
150 936
516 573
941 175
26 135
95 897
540 847
785 731
831 482
423 390
429 860
944 931
936 42
292 323
665 174
63 419
249 733
554 915
766 863
94 684
619 524
386 776
99 549
441 570
482 985
534 336
836 465
425 719
47 543
977 517
314 849
93 50
270 53
976 665
314 845
42 725
63 525
612 984
587 494
984 458
849 633
65 851
753 875
942 472
279 616
474 190
772 385
825 607
417 856
732 727
850 346
97 311
325 759
611 287
673 761
928 218
813 429
261 457
987 907
858 325
357 192
122 182
272 651
41 81
773 521
216 66
258 142
569 944
381 942
558 660
361 77
164 290
786 146
577 856
846 567
721 567
818 812
469 949
561 482
38 763
31 649
513 254
587 449
512 690
946 798
498 978
513 4
908 395
808 72
465 806
797 969
638 385
590 825
691 844
707 307
41 818
177 304
544 850
611 502
847 21
407 677
454 369
373 69
589 115
962 104
760 60
25 663
954 670
925 617
910 247
216 16
595 450
696 364
353 696
47 818
616 354
346 549
950 965
386 700
206 5
978 804
258 823
129 586
265 538
815 512
135 370
320 379
454 744
700 812
273 756
596 295
575 949
928 143
152 905
98 752
361 70
450 191
924 921
299 799
220 535
683 662
568 82
846 846
70 778
156 332
347 660
291 668
341 702
285 183
443 214
922 220
607 902
890 590
605 449
9 893
988 803
998 755
125 206
75 585
487 202
776 545
70 435
838 397
410 256
13 554
572 639
727 574
16 55
975 495
862 233
542 53
599 67
615 622
854 899
413 986
528 447
567 437
731 88
642 693
389 591
730 620
207 801
907 1
376 448
525 444
517 192
166 736
310 634
285 97
540 470
220 225
212 205
376 343
898 76
33 282
988 724
199 411
376 438
465 320
715 374
417 706
892 735
786 268
231 595
451 844
726 877
480 243
742 990
962 96
924 258
63 623
325 52
256 914
974 996
192 954
557 742
887 799
860 420
773 510
937 979
586 248
27 283
501 397
705 184
570 334
894 589
658 410
722 496
954 285
987 435
736 448
857 884
897 745
212 499
38 115
732 785
617 780
9 996
3 502
382 54
59 161
328 621
594 50
641 863
301 977
555 632
254 683
811 994
41 192
126 436
316 644
752 52
68 525
887 365
434 89
952 64
98 734
856 253
952 143
406 144
104 646
582 706
918 580
857 299
615 1000
300 31
759 833
771 78
996 11
158 74
753 279
381 429
164 987
173 891
786 718
413 333
817 425
984 891
470 946
491 537
651 799
716 313
572 846
427 27
608 759
57 466
871 226
163 768
288 175
762 240
323 598
839 24
656 713
459 240
378 732
453 718
732 372
14 838
556 821
591 178
842 819
815 356
31 9
300 268
385 729
151 228
812 538
336 46
888 656
86 606
3 62
784 379
315 110
994 833
911 105
933 373
323 210
773 514
790 378
631 703
254 913
670 418
18 139
36 623
711 830
604 796
817 971
676 872
456 463
536 7
946 444
206 862
954 197
274 149
742 839
727 472
50 612
10 374
135 894
173 120
876 181
265 656
276 556
253 140
414 757
572 234
129 909
145 383
358 851
604 763
317 682
946 532
595 648
783 751
158 367
744 796
571 427
193 735
216 967
118 959
290 825
146 504
676 504
678 374
387 938
131 362
169 793
294 81
908 577
131 63
273 733
307 818
390 873
130 12
496 615
563 360
635 117
454 77
279 911
379 477
882 822
681 386
243 934
189 747
748 277
192 512
521 983
602 253
521 547
506 479
267 564
696 263
125 708
323 11
695 49
410 759
703 219
181 498
438 549
289 366
202 816
857 361
502 227
519 80
862 862
419 92
679 457
792 357
910 671
796 147
138 498
829 717
922 908
778 646
55 596
748 324
985 470
918 277
752 615
505 132
756 884
405 642
680 416
884 627
713 473
13 321
69 272
462 946
355 407
124 825
289 629
286 332
247 418
727 975
425 160
494 916
216 754
894 349
514 612
526 573
44 310
163 504
112 114
238 20
568 259
729 511
175 385
819 306
531 542
118 725
447 794
32 409
357 23
181 521
460 527
517 983
189 782
459 792
521 668
989 493
723 65
953 873
617 579
190 201
824 582
320 301
678 379
794 802
823 592
243 932
140 988
31 184
412 983
918 719
616 998
54 138
72 804
318 283
399 201
373 729
45 153
652 788
358 680
470 722
679 509
946 231
13 888
641 78
142 468
837 766
346 972
290 134
787 156
772 378
566 589
204 113
296 515
289 709
844 968
766 848
477 290
685 491
850 210
854 826
893 93
33 190
493 667
929 289
597 235
424 788
236 341
368 699
415 963
905 330
822 622
465 299
795 796
367 310
316 767
94 326
930 658
652 923
309 473
832 19
322 463
846 443
799 689
834 871
830 88
524 574
84 569
135 371
500 922
860 528
934 393
923 9
956 308
89 978
90 857
976 347
903 795
72 680
564 515
495 830
495 752
994 582
971 137
722 159
765 685
257 351
875 115
693 873
35 815
751 108
604 941
896 517
216 550
280 66
490 193
113 652
207 766
998 29
510 525
969 767
550 437
830 414
39 669
140 458
405 240
305 270
199 602
713 931
170 852
402 388
525 662
91 465
760 808
905 455
862 690
899 957
39 186
391 731
764 553
609 234
87 461
27 694
679 980
301 159
331 521
603 713
208 604
43 231
501 657
467 88
998 292
483 269
768 22
550 762
311 24
80 626
365 287
833 795
728 666
692 447
492 159
838 444
927 457
269 416
468 604
277 230
776 241
843 234
55 905
854 244
585 686
300 455
540 820
621 57
789 141
93 992
565 58
492 226
741 729
577 471
449 377
120 742
809 691
954 18
202 614
839 315
532 661
748 813
621 309
791 526
232 487
460 830
562 123
493 423
866 840
782 220
966 975
375 430
666 236
527 884
986 774
356 107
219 351
892 372
210 586
202 761
898 193
28 855
428 67
158 953
345 795
863 211
424 372
425 248
3 644
199 897
829 970
865 76
478 901
384 450
943 252
353 689
984 575
218 895
878 728
978 392
736 460
284 983
728 289
640 54
325 683
173 529
343 141
776 29
79 553
605 113
505 806
130 848
419 134
839 84
214 601
10 721
763 301
379 416
544 93
902 41
582 861
542 374
272 963
653 997
691 956
440 987
69 943
124 821
109 165
746 992
287 631
108 552
466 984
612 325
58 94
420 675
86 561
107 878
960 498
800 698
859 990
671 26
725 589
903 490
352 801
904 94
659 911
249 213
491 132
53 229
638 852
198 219
778 670
370 469
942 201
856 626
968 158
528 247
909 583
413 74
192 948
403 996
731 87
353 701
936 28
502 796
321 672
9 218
239 347
223 302
236 131
150 20
346 237
32 412
151 780
334 200
955 526
481 772
499 79
84 195
63 658
241 161
921 176
885 323
653 851
366 842
139 330
407 405
46 14
116 100
618 988
240 999
1 507
170 143
815 582
410 851
990 884
205 41
278 510
193 353
730 284
71 712
379 395
27 164
649 412
397 152
817 953
486 931
568 913
811 677
553 521
797 870
951 324
674 710
686 959
949 170
189 878
121 81
222 999
184 617
230 587
853 303
47 839
417 173
726 881
927 74
187 410
87 440
47 674
707 944
193 685
626 338
365 462
694 236
360 863
543 961
334 546
64 655
466 300
56 204
116 816
574 967
290 220
171 153
702 167
394 334
768 738
108 55
938 432
445 980
867 409
335 632
726 644
143 32
366 28
961 394
230 166
31 53
332 140
687 743
929 639
553 142
682 321
619 587
266 864
668 827
511 763
618 30
745 358
399 661
85 62
902 452
753 223
475 667
582 699
21 796
199 285
812 808
287 64
409 767
707 165
130 217
241 260
270 58
851 925
665 369
515 374
883 846
21 899
947 707
770 531
439 112
872 552
129 200
22 407
595 501
684 291
296 849
101 115
796 150
338 199
569 709
845 831
59 848
629 672
782 186
427 602
298 234
938 326
122 980
446 634
856 242
792 865
808 523
101 355
695 189
806 701
337 613
1000 280
314 240
81 550
674 744
154 846
317 790
73 341
248 317
84 79
249 330
632 353
5 613
351 898
796 468
960 558
432 319
146 689
903 220
451 146
493 648
405 813
60 707
636 675
56 430
386 245
57 705
643 553
326 824
773 18
371 705
782 274
782 598
951 840
50 648
50 218
732 618
191 27
63 954
776 76
671 422
294 357
879 645
768 656
997 65
287 266
425 967
664 603
727 403
334 550
301 211
266 989
689 896
490 889
334 573
633 483
454 124
229 833
979 676
880 617
115 623
577 975
581 907
682 345
698 397
711 504
614 608
953 649
761 204
878 658
557 882
200 676
938 153
737 276
43 547
289 80
641 689
293 944
96 15
763 229
283 673
807 881
285 131
94 251
62 121
543 739
520 834
67 146
511 879
523 623
245 643
108 344
325 495
977 652
272 180
156 431
310 791
762 493
878 50
153 487
593 673
86 927
324 483
980 59
591 982
245 425
222 261
527 282
952 950
66 250
231 541
101 583
798 180
899 808
734 935
884 963
66 261
965 564
684 81
224 352
979 66
667 609
406 478
338 517
466 783
578 742
681 414
986 407
488 872
260 708
110 516
325 539
737 90
238 633
125 579
973 520
248 781
176 390
644 565
489 406
286 760
790 885
401 87
438 597
146 483
822 870
631 229
530 927
207 528
751 112
360 689
432 402
576 195
334 247
373 166
960 708
681 773
850 337
107 615
191 224
647 985
434 589
517 951
739 279
328 242
728 804
479 48
482 513
306 772
687 565
373 717
114 453
689 70
716 973
86 956
112 428
950 401
558 632
389 323
471 937
535 42
897 306
884 428
267 277
504 208
37 785
986 660
955 727
198 356
518 106
144 310
208 392
218 906
758 97
86 513
449 610
243 562
851 507
739 464
604 651
610 409
156 29
299 64
720 67
428 9
264 562
462 592
751 658
976 194
873 636
105 818
557 537
145 679
130 669
317 863
521 968
392 968
943 783
672 285
701 832
952 794
340 618
864 554
300 977
348 110
945 458
979 703
257 22
463 727
838 995
468 12
200 358
972 972
225 480
102 6
454 344
668 111
976 801
452 950
137 90
827 24
224 541
44 976
135 622
843 443
879 631
587 514
436 695
166 530
850 348
991 94
233 911
720 752
885 879
744 868
643 113
324 834
321 897
154 166
639 864
347 779
892 36
189 878
364 43
227 700
959 339
190 170
852 119
656 361
360 7
227 822
493 103
657 89
41 112
383 92
474 114
563 74
731 762
660 455
982 953
727 478
477 13
818 679
757 827
902 166
72 447
604 557
23 597
871 287
305 789
22 727
122 491
1 132
1 525
632 652
154 578
713 214
879 978
76 207
521 519
290 55
611 506
926 592
277 274
964 825
290 572
616 408
326 564
155 912
532 613
66 399
608 407
229 586
124 730
649 876
805 123
739 921
415 213
315 693
397 368
322 137
873 338
475 528
602 768
187 151
18 32
87 392
562 460
797 517
134 612
257 685
722 999
205 681
651 813
130 935
293 82
273 221
221 964
941 143
544 136
616 290
360 136
988 931
222 872
337 988
563 393
20 743
76 487
737 860
401 865
792 618
726 386
123 436
111 724
188 8
446 249
48 41
816 769
956 764
257 594
205 61
821 829
173 388
279 38
438 618
599 600
844 456
541 460
298 479
680 942
231 263
453 598
614 843
123 900
754 994
923 178
465 212
637 43
929 501
784 429
460 6
867 899
907 480
511 378
338 346
366 120
627 379
87 755
439 380
590 981
932 645
963 720
414 266
814 541
851 555
208 994
709 312
75 829
724 494
225 904
191 544
117 775
69 802
926 623
729 579
431 76
634 902
170 302
307 508
943 195
858 630
746 488
856 874
669 776
891 315
368 212
419 818
437 533
396 156
770 433
566 790
209 105
447 715
748 157
892 859
292 966
621 341
163 447
507 904
509 435
831 187
427 881
909 221
962 989
423 526
698 98
206 584
461 450
499 837
712 195
217 682
642 744
509 849
439 91
327 737
166 723
944 803
383 400
816 397
720 984
499 702
360 613
846 55
404 883
30 716
389 139
792 976
617 717
55 104
464 333
278 821
556 193
527 114
631 474
463 198
268 757
588 273
133 309
909 738
962 371
250 466
260 663
595 541
49 877
38 438
202 894
965 377
185 175
295 2
387 968
341 399
318 343
898 318
147 902
669 246
45 268
398 462
762 744
125 456
945 806
456 175
783 288
693 771
285 662
925 711
550 533
455 300
656 545
656 611
97 64
876 58
397 731
801 903
349 394
267 484
600 751
83 568
141 794
119 622
115 868
733 802
934 894
81 721
41 69
268 121
646 746
620 488
906 855
745 912
968 346
465 425
106 968
357 169
746 489
528 619
995 66
21 478
195 242
770 632
172 452
224 545
972 775
880 4
37 606
289 474
395 301
899 744
427 269
408 669
301 559
440 680
134 98
334 377
495 311
875 601
725 613
815 541
293 142
657 25
447 932
13 355
876 792
754 109
811 753
873 860
207 381
666 290
422 26
905 667
923 143
802 895
386 17
435 318
729 573
145 529
618 940
872 5
607 200
608 477
429 105
931 58
632 99
510 788
710 725
950 327
145 608
90 743
487 430
630 828
941 58
699 118
294 175
126 878
336 20
913 512
518 693
51 840
451 641
964 290
584 783
787 178
92 985
641 795
684 773
594 623
900 332
143 997
756 824
480 832
518 101
17 928
719 237
513 678
265 519
396 919
76 700
304 385
318 750
659 144
468 134
140 927
517 402
733 523
62 770
516 79
286 697
90 457
248 553
700 985
889 629
924 543
291 837
448 39
112 178
598 746
480 501
623 582
683 262
866 414
244 755
470 57
735 528
839 570
635 496
1000 157
856 340
645 189
920 750
377 676
153 492
339 877
510 385
93 612
735 287
876 822
265 885
986 480
692 734
600 784
739 3
973 6
828 646
883 583
160 7
160 162
956 666
889 541
595 563
726 159
445 211
756 594
488 73
980 289
945 184
996 928
516 7
544 11
152 278
727 3
638 531
828 72
173 774
658 650
86 73
297 879
783 99
638 846
681 716
108 210
648 326
392 866
841 764
753 902
428 315
99 891
551 214
232 559
960 64
212 555
192 381
86 885
872 96
231 481
210 809
425 683
541 399
745 890
977 447
10 579
580 221
853 978
883 604
732 126
659 457
935 706
125 547
500 564
229 610
711 350
253 684
919 283
639 997
475 254
646 289
508 180
116 791
653 445
266 71
76 853
60 754
886 192
696 426
245 543
302 812
959 88
117 61
91 764
589 803
887 667
757 402
898 225
297 384
47 973
602 932
684 713
577 272
994 141
105 749
314 387
637 478
896 450
211 561
908 291
756 525
54 817
883 343
844 652
789 203
439 716
55 996
955 324
413 774
498 558
177 634
472 493
205 573
217 59
979 737
22 517
335 347
725 904
814 459
720 550
810 628
44 91
4 799
870 455
430 157
117 993
145 482
694 593
301 848
110 914
628 784
472 410
760 662
904 156
695 147
595 889
497 301
51 835
31 364
957 917
498 130
897 299
479 533
30 70
117 114
695 816
514 732
602 397
280 309
952 403
704 810
923 56
577 223
920 348
101 156
423 883
462 102
514 823
506 1000
765 528
82 589
971 487
542 368
651 476
261 19
365 821
156 967
729 518
851 720
777 476
583 202
509 555
509 663
785 13
611 483
922 80
347 759
553 984
367 990
529 796
677 889
262 7
249 326
387 441
276 107
909 400
10 609
218 830
470 672
933 549
810 315
237 886
544 640
571 104
855 785
249 100
834 462
211 640
642 194
901 536
596 771
607 757
240 709
542 564
209 796
216 358
225 620
330 582
363 478
498 925
881 655
341 555
833 987
774 274
735 245
922 948
91 395
428 957
875 751
68 704
78 476
941 384
823 734
7 59
483 487
401 454
851 525
847 383
41 637
413 258
548 366
715 757
729 561
580 169
181 875
12 20
917 766
948 325
295 435
548 112
244 930
891 845
905 993
183 423
298 401
607 920
568 207
740 929
92 603
487 127
788 196
708 903
983 99
403 247
841 301
488 281
744 557
861 251
110 913
989 118
885 763
513 440
334 30
698 538
412 768
719 993
174 766
648 152
84 906
200 290
567 407
561 996
783 507
325 121
94 827
118 846
266 444
667 59
48 235
910 333
856 264
347 533
317 597
332 339
92 97
729 455
237 293
389 61
370 392
94 979
350 859
614 320
528 6
360 291
657 770
327 202
500 540
807 843
130 689
188 308
685 241
668 376
571 123
865 287
158 416
637 153
829 494
923 556
21 638
186 144
578 103
432 472
909 322
353 183
623 601
657 486
96 12
493 637
554 798
516 596
141 79
657 465
465 875
398 431
630 86
116 486
636 967
998 634
510 812
572 172
762 510
886 917
64 240
464 600
200 595
916 123
723 402
353 665
12 929
980 398
67 639
169 123
214 462
742 793
543 117
941 571
287 962
717 454
548 933
146 629
866 743
636 423
638 878
587 99
189 5
916 236
256 268
159 79
395 431
233 23
918 724
670 297
770 292
687 839
300 309
71 721
438 842
273 305
518 369
43 777
214 920
372 525
765 762
876 138
588 993
284 983
227 189
69 436
530 815
297 427
754 991
427 6
977 768
353 808
414 666
784 564
921 78
41 987
18 953
6 626
999 998
384 883
590 273
906 788
410 868
761 740
820 456
468 222
774 195
42 483
345 770
16 504
939 224
466 872
88 667
172 149
875 674
629 531
642 956
737 129
364 634
208 671
122 911
179 103
111 190
626 889
731 976
322 304
815 988
427 456
570 46
392 209
139 91
502 449
433 745
213 878
363 721
840 304
43 664
137 15
791 348
468 471
92 456
604 54
357 136
841 895
348 21
935 861
818 77
540 235
896 281
768 657
237 687
503 816
112 419
522 411
868 443
932 78
146 941
997 760
627 775
282 815
871 721
332 197
34 346
26 708
776 451
708 943
447 47
77 398
799 115
625 506
514 58
452 933
223 416
829 443
729 55
20 770
930 986
954 425
758 896
930 923
386 34
975 234
941 345
184 343
931 446
654 150
904 801
253 634
652 172
217 733
885 247
452 385
852 520
428 704
51 593
369 164
269 46
372 968
951 582
54 862
317 451
755 138
194 740
535 735
562 363
530 639
518 711
583 393
245 84
585 999
496 938
636 363
910 452
954 140
673 720
482 513
540 702
291 336
66 745
273 91
464 83
749 508
535 335
144 47
548 483
663 231
799 937
65 625
466 90
592 88
72 732
441 428
707 242
759 360
531 734
553 745
158 195
419 815
160 875
385 1
936 828
170 150
575 629
878 533
85 173
426 802
765 262
778 168
180 860
75 353
521 485
837 816
816 481
547 547
291 745
953 21
826 955
380 887
158 826
314 182
751 640
76 529
3 506
384 157
937 879
476 262
447 641
118 485
794 579
180 486
956 628
195 659
804 292
702 829
107 399
245 68
273 83
593 897
30 477
36 455
882 439
98 439
