123
1000
46
946
287
879
385
480
888
131
527
692
880
896
285
78
584
413
133
824
940
495
307
78
141
217
483
860
323
367
470
62
943
985
512
496
299
99
674
13
250
586
313
939
845
955
177
168
543
149
888
683
460
784
646
981
84
376
854
684
874
24
83
908
590
661
865
163
921
412
642
633
731
110
165
858
722
615
923
572
631
944
256
265
950
12
382
616
296
38
607
443
892
903
471
483
563
733
853
187
216
546
89
243
659
172
822
170
836
324
256
301
923
300
762
625
958
50
964
359
898
454
673
149
796
29
490
224
298
197
171
118
332
292
500
209
24
761
640
678
116
755
11
576
420
565
204
309
292
65
176
74
842
22
647
429
192
88
629
753
265
571
926
365
202
567
624
496
849
439
302
361
192
30
531
3
603
766
966
217
139
848
399
822
935
137
102
548
899
856
670
295
945
447
519
26
506
468
122
807
447
155
527
47
924
831
687
686
708
250
959
330
896
911
787
559
11
661
578
333
981
665
733
742
865
52
233
613
503
344
771
332
648
420
775
327
552
62
936
872
827
746
189
804
374
834
551
278
440
134
587
809
280
659
372
200
770
784
993
676
179
578
395
825
5
510
761
930
632
917
696
765
342
480
406
971
747
578
688
529
663
779
82
259
496
229
639
581
316
339
937
783
766
120
982
772
802
707
300
738
93
49
279
714
607
518
324
901
984
576
678
336
866
715
378
162
300
116
955
819
103
708
297
758
86
846
363
588
786
387
951
885
124
565
574
106
625
577
897
50
775
12
416
711
662
652
778
908
240
403
73
332
714
531
546
825
482
572
807
967
911
91
311
838
645
504
194
323
148
130
221
848
424
766
76
845
96
622
818
317
787
232
353
483
729
846
766
651
126
419
98
86
286
530
163
781
303
71
112
178
982
974
502
308
708
484
282
641
532
405
782
241
63
276
512
694
156
859
387
259
224
80
507
846
930
646
487
845
907
412
429
274
193
873
675
847
882
152
896
259
760
506
304
298
604
948
544
1000
211
280
611
844
966
847
263
19
317
343
722
806
772
851
347
127
495
840
735
343
902
359
941
434
979
486
89
906
299
798
244
634
543
745
519
237
427
710
830
608
677
99
154
224
358
803
644
1000
785
380
186
950
468
697
769
823
508
539
596
80
361
516
785
959
750
294
233
345
479
187
64
133
833
639
388
391
768
562
96
691
468
825
941
831
310
581
944
262
698
599
226
238
670
228
57
553
291
225
288
950
28
481
291
114
668
277
344
939
655
865
168
476
686
307
370
390
557
547
558
537
714
70
566
950
217
468
223
728
963
562
341
300
84
862
292
581
771
231
966
784
577
6
562
63
813
467
424
941
849
21
92
925
598
999
272
185
518
981
300
664
73
240
125
275
70
493
85
65
207
208
675
669
826
155
865
241
91
25
479
466
185
18
375
284
515
578
958
463
56
928
303
578
65
461
81
170
952
868
885
945
859
592
703
197
104
500
765
418
415
236
897
678
974
955
547
320
529
648
115
81
780
887
55
376
824
956
241
419
250
838
758
568
800
486
553
964
420
578
842
144
656
566
175
818
377
418
902
146
365
179
866
185
83
912
456
153
725
518
542
158
750
704
625
259
930
825
55
304
772
969
524
892
462
603
697
292
832
828
168
801
673
536
400
292
299
970
183
38
604
837
739
499
178
196
740
420
169
478
968
206
855
834
486
565
374
748
677
96
349
760
629
415
772
705
676
159
730
560
95
947
831
840
411
865
232
949
99
795
228
28
150
518
910
965
25
167
876
937
72
785
357
892
766
815
643
303
206
828
284
177
304
886
265
41
832
167
773
639
797
195
608
592
348
734
891
593
781
104
788
200
180
263
96
504
569
168
648
910
149
982
570
424
590
527
126
291
894
522
117
262
883
746
21
698
343
73
567
431
359
122
298
78
107
720
679
629
378
687
433
904
351
993
653
597
490
329
883
285
866
64
62
47
668
923
235
101
364
549
958
624
723
246
838
272
628
848
899
428
195
447
256
562
223
515
486
196
599
480
402
552
833
532
641
348
291
504
366
584
571
789
49
217
760
56
695
697
236
201
863
853
727
777
207
650
697
778
536
326
881
84
112
243
896
141
405
627
938
635
617
118
368
355
988
942
192
233
827
283
702
767
29
219
400
895
555
426
130
586
835
934
305
948
683
128
765
956
977
280
562
128
604
935
357
549
622
863
123
705
645
156
453
629
661
628
697
457
774
44
921
578
414
765
234
473
186
260
912
113
213
24
227
776
725
127
