1000
-30561
-49787
47513
59539
39037
14484
10725
22432
11191
-18159
92434
75683
61743
82469
-59677
-96897
92402
-15881
19518
32001
63346
61038
-36433
11632
-82696
-18986
73982
65743
-11409
-53236
43850
-44039
1902
79580
-22624
19510
-43210
-63944
54418
-40489
-31503
-65620
-23290
-20176
48044
25466
-30880
43613
27446
1700
10562
-28638
54600
92875
-82322
20412
75719
98257
-52208
43333
-7119
-95897
-72271
48321
21878
-32706
34638
-80245
33815
140
75526
-72840
-90342
57300
74804
-43114
-8908
-3574
-80852
98500
78957
-30426
-35059
-50915
10082
30881
-35519
-67703
99416
-89393
-16711
-80794
-64640
-77253
5268
-82245
3537
69557
-41163
39361
-12314
46464
5804
38017
-68838
77237
-19360
25051
22291
-84409
96935
221
77167
-77392
-18090
13600
29909
5745
88369
39184
98448
54302
36145
63158
-97064
-13329
56499
66658
43529
-50983
91237
-26866
-93422
-89222
-17125
11788
-8512
-23656
14149
-90922
84470
62584
-93096
57215
-40759
87818
-2285
-25336
42115
-55494
52431
-22013
5084
-76185
5971
54183
29952
7880
4484
-27781
-482
1207
-30988
-70300
-19117
47802
28205
-27161
32908
6053
74528
-18122
-38648
-50040
68288
-32603
959
-96239
50554
-6317
32335
13539
-11815
78123
-80285
49993
-23634
-71432
78044
12279
-79071
26334
-55752
25710
-84748
-52906
-39355
-61224
-94311
55947
-61316
10182
-68077
-15475
-90850
-93509
-63008
-3354
-55573
31396
67938
-25356
-41351
-34806
-12771
61782
56276
-37634
-90347
-88084
-38216
-62104
-75640
17650
-68203
-70225
9283
45182
-61138
94323
75358
-40166
38854
12004
84818
-79114
-72603
41552
-74774
96370
91383
90023
45782
55333
7554
-20429
56061
85124
56145
24194
-67746
-78603
74322
-18190
66763
-27547
-24446
-30098
86333
-41992
11417
-77360
-252
45853
65631
-78278
72481
-37029
-13153
30507
59438
676
38568
68255
-19032
-41816
32956
-72207
-53359
-92935
74883
-94348
38155
89087
-73478
-5846
84638
48590
85716
-378
383
-46015
59378
-54123
27439
16648
1193
-11008
-84470
-3013
-93112
-55317
-88292
80281
58045
43384
38807
74606
68485
24860
-65067
47823
-39267
95315
8203
-33881
50035
71540
40798
63762
-98655
49842
26958
-60355
78909
-34448
-33708
59547
-51994
-22386
59469
-93664
11265
36657
71994
-50481
-63982
-75732
-68056
-28615
-39186
-24952
-83317
-16918
18486
11631
45583
-69132
32206
2676
57781
34022
-32136
43041
37551
-61861
51892
57065
51909
83737
-23444
84003
23123
-97662
-28755
-61315
70489
-80067
27494
-60695
-20500
-63667
1193
61978
2038
-4734
-19053
66979
-93741
-55712
-79709
-83082
98216
-85022
69480
55149
-21929
-39051
35478
-94362
-3118
-44747
-39911
-69408
33204
-93035
95599
-67778
-59460
43585
-14219
88443
-64356
-13988
84192
-50062
48109
-42881
33349
-9046
-11982
4057
52148
52018
-85857
-4200
-379
95635
63375
-60047
-99327
-11760
510
85607
-66851
64107
-42007
-2664
69202
-37317
34268
-43499
-13418
1114
-40262
2639
46345
-69509
-49159
-50768
-9031
4220
98344
-7162
46906
73946
-22180
-74433
-78219
13119
-49350
38615
-80318
-86423
28170
-94482
8612
24068
-42372
92292
26632
30710
-79262
-56820
-76269
58009
-82785
-96623
-36433
-61360
-8346
40987
55376
-92973
-56509
-50365
76813
25252
96780
67255
75269
6207
86306
35941
95236
80219
-11380
-22733
11750
-24922
-43277
58741
36204
-60859
-81648
17736
-58583
-63234
79777
65784
15787
-58337
50310
56655
-57855
88634
-58109
-12444
-10059
58087
65106
45859
-2903
-47606
-14052
-73087
47001
9781
-58977
-31233
-34079
76552
17097
65589
20957
49715
92212
28339
-62968
-72581
97427
-18477
4604
-28646
21175
-56779
98532
-37037
81973
-72918
-42164
63251
9828
50716
-29719
-79722
-89454
-22931
17323
-25527
1383
25485
-93721
-82941
-91823
-9498
57816
34574
-24762
-11245
857
22299
48863
98368
-88268
-24292
34591
-50736
-43245
-59869
78
-27123
62700
92805
-64501
-50762
-65917
82828
36710
78850
-66179
56876
82561
51995
-10147
-12741
-92560
76478
31593
99750
35501
-94718
74601
-66209
63475
25017
-19683
75275
-5636
-91317
1633
-90124
41712
-86039
-44575
-61096
3857
-21324
-2946
-99698
45726
-48607
94815
-9930
-71579
-1698
40824
-93282
-13532
14714
-48115
1384
-96341
28429
15079
85380
79986
40489
63806
94097
81387
-33981
57556
-16048
76532
10621
36316
-44896
-63906
56151
6268
2941
-64770
8387
44259
-35365
-74718
-12566
19449
-12959
-14493
87991
65595
16905
-63787
31374
-99022
-3984
17184
-59950
16090
76407
36193
-4255
-53613
-95996
92956
7356
11270
698
57980
-47976
27656
54348
-42855
-18696
85712
3715
71471
-16736
72029
80942
26851
13530
-1791
-16015
-11581
69191
-89532
29186
-17738
-26854
-15709
1204
-44797
41825
37146
-47177
35674
-63174
-24128
-87549
24522
-21182
-93866
93881
-91653
-46011
87542
-61399
85350
95571
24735
-48261
22705
-85004
31221
63262
-74088
-68240
-43481
-79696
-37136
1357
57034
18330
71736
91398
-3882
-16390
99755
47592
80127
-74695
-13428
-90438
74124
36558
-629
72462
-8043
-79356
-52746
4066
-41557
30322
-86718
74554
52902
24274
29855
21220
30634
-54274
17046
60318
49171
-97295
89707
-53481
91479
-39912
28198
4931
-35416
95756
-90999
-96505
-12618
-13641
87137
-51718
28075
-88835
-18637
48979
55305
65954
-21254
66918
-42156
-19172
-2034
-61062
-70520
25319
-12049
7224
65918
-49263
-73005
71620
7814
-50900
-61151
5014
78538
52724
-73301
-70075
-92598
-49675
-11796
-42027
-24373
64412
-17482
72150
66481
-7180
-22906
96458
-56159
-49745
-21348
-87185
-16572
-97721
-79424
57451
-61749
-51973
73535
52669
51797
86378
-77701
-11009
33904
-43252
63519
-20195
-71392
-72466
-24209
54218
-47877
-33604
76279
19795
5637
89796
57616
513
5421
90645
-97189
-99972
3251
-80185
56817
27686
20177
-18101
-6102
-93051
-34078
47872
-798
5293
-36115
-42398
24266
-20511
-73782
-12132
-97182
2241
75007
-17827
70745
-12856
-33518
-39120
-33664
-24824
-34432
89768
-63792
37778
19939
-2656
-60381
28984
-29735
38236
75009
-54429
97900
-13670
-85678
81992
49063
45062
15452
73723
-29785
45724
-94942
28350
-80690
28841
-86163
-24066
28061
49350
-73687
-62389
2411
-71640
-96745
92306
-26561
-160
53632
58831
93925
-97126
19790
-87722
54758
-54449
-90218
60501
-571
14693
-24425
42667
47440
88889
38849
-96965
34834
-95405
-17379
-32069
-87951
34509
20446
-24684
-76815
-49162
-5183
82126
41863
47916
37074
78590
-85005
-57366
-4170
85618
19539
-58604
54443
-3051
35807
-92685
94628
32244
92530
-21478
35045
-68220
97416
47318
59615
-14595
-34797
57022
-25940
94177
97263
10525
-95660
-33857
-21270
-70798
-9294
-89863
49931
38679
-12392
-70473
98656
-37537
-98520
44477
28205
-68783
23722
-45990
10810
85222
36269
22348
-93228
41014
-43029
83169
