1000 13
158
295
570
254
63
841
507
699
355
254
26
18
595
111
254
225
764
370
784
647
395
518
529
219
777
751
834
94
251
749
11
716
351
882
143
63
800
516
773
997
518
748
698
814
376
620
561
752
370
176
357
797
441
252
354
591
838
539
540
901
634
94
825
784
542
291
841
848
586
782
758
847
325
508
755
953
759
400
627
812
667
633
806
481
710
959
996
175
606
235
866
98
277
97
523
35
881
635
933
76
677
321
90
369
563
774
81
21
758
389
17
276
655
438
444
719
497
709
41
708
84
776
891
255
155
153
329
688
680
700
918
130
353
59
720
203
435
906
956
495
577
315
138
586
826
347
738
371
933
191
850
154
957
392
831
629
227
943
276
755
973
20
715
904
67
750
292
537
774
892
361
384
822
527
196
423
427
825
760
260
741
98
454
267
918
771
359
543
351
957
113
830
570
652
934
85
596
683
905
591
225
203
759
764
94
42
585
927
352
159
88
431
576
158
483
689
905
856
697
900
664
110
819
760
757
266
264
114
935
547
263
890
915
763
900
819
828
175
796
327
1000
705
520
304
332
787
264
704
93
16
972
275
788
883
95
544
729
881
726
812
828
154
539
979
160
636
234
757
896
427
589
177
2
706
96
43
291
831
64
850
356
879
268
250
825
862
183
35
734
150
919
997
215
886
974
560
160
981
333
713
753
913
39
855
963
705
929
53
63
698
333
182
160
437
166
158
199
41
475
786
203
82
909
684
888
292
6
830
611
892
892
126
676
206
201
449
758
556
945
849
25
14
653
456
51
131
666
341
607
724
467
372
565
672
212
7
344
146
425
634
117
631
724
720
798
10
528
981
837
363
511
687
574
104
890
427
620
363
442
696
412
628
930
442
263
414
612
114
591
485
18
718
959
900
572
690
836
750
237
808
289
688
332
69
948
489
333
143
786
563
12
873
646
42
631
220
23
258
350
33
901
934
647
762
228
642
400
481
498
241
945
978
763
161
139
767
378
993
610
361
621
981
568
833
995
626
4
478
88
836
740
318
46
27
123
221
922
322
759
530
446
547
272
120
207
231
343
324
728
288
104
174
930
167
891
303
88
221
791
65
750
652
245
432
731
267
667
987
974
587
371
299
400
936
981
865
515
121
31
180
70
259
843
588
858
485
126
155
269
953
303
928
595
369
738
459
512
155
978
2
926
428
806
58
464
777
14
922
32
945
470
422
391
631
872
244
665
788
430
978
198
962
338
959
437
320
547
424
862
962
962
672
200
619
30
791
416
429
909
414
395
349
420
384
997
209
696
170
856
66
898
223
797
701
33
980
473
327
213
806
514
419
604
121
243
442
800
141
276
697
27
354
65
275
149
589
699
302
348
367
92
721
162
904
336
15
42
336
615
427
619
793
668
840
197
51
376
966
732
242
242
978
634
353
463
902
660
508
438
656
430
423
785
718
88
832
632
186
928
333
181
576
862
363
720
374
759
663
593
303
73
641
780
261
147
225
120
102
126
747
409
676
268
123
514
389
604
685
911
69
192
192
651
695
275
20
354
549
354
178
728
788
242
685
59
817
829
949
281
404
619
185
645
176
745
901
518
377
643
65
138
493
957
362
137
510
568
524
155
817
952
515
19
873
902
279
466
527
639
457
607
995
915
936
689
92
601
740
568
222
764
101
366
362
572
23
32
279
324
467
658
461
337
408
728
896
890
817
204
168
191
629
805
52
921
580
806
719
271
765
173
182
309
34
386
736
795
849
349
237
714
798
920
363
952
569
634
354
822
668
887
372
719
610
557
824
761
245
811
697
452
559
545
165
669
897
183
222
434
640
386
506
156
67
890
945
779
432
70
597
139
967
715
87
978
708
270
19
818
872
506
343
877
998
47
55
661
619
526
323
148
700
679
182
74
587
446
121
731
601
824
967
170
389
159
640
898
453
259
7
332
361
437
681
912
259
686
13
144
78
176
545
40
427
623
698
492
499
609
459
173
561
997
992
724
121
22
26
967
285
526
796
680
858
872
581
983
696
159
109
469
189
827
864
191
717
166
19
782
933
104
569
323
659
892
23
370
50
371
111
533
902
283
959
15
799
54
953
979
854
313
88
173
285
771
943
51
40
560
745
741
181
237
93
762
374
476
642
801
547
457
668
93
785
257
642
61
953
983
730
698
927
73
33
231
355
308
784
909
516
562
177
147
666
762
816
338
623
14
513
49
484
128
725
112
413
128
815
449
293
573
396
412
361
119
563
856
893
282
66
324
352
867
457
896
506
348
727
598
82
