1000
267
654
30
104
296
747
395
419
654
231
54
514
18
293
90
998
766
84
826
189
28
415
643
23
14
662
930
507
155
362
30
773
941
518
272
136
542
911
457
762
702
312
637
696
967
739
658
646
646
523
204
580
743
818
820
230
929
948
982
201
750
890
5
259
955
436
472
59
629
506
814
874
245
542
257
724
271
27
680
27
474
305
694
904
928
766
784
715
389
126
665
130
749
293
331
358
733
446
100
429
464
756
523
332
894
176
117
740
767
294
137
368
717
417
320
431
333
438
907
409
782
711
518
733
366
467
411
832
349
254
953
319
936
278
628
501
19
78
160
934
49
605
286
577
368
98
379
401
208
395
929
207
210
786
49
633
985
280
385
976
137
367
285
584
478
854
513
355
396
216
745
386
9
275
657
949
846
830
183
167
822
528
761
418
449
633
908
39
174
4
245
310
122
561
48
66
35
681
302
142
298
612
532
294
519
145
263
454
393
769
951
735
853
952
597
47
157
723
750
259
579
94
817
254
347
698
612
409
22
548
172
354
155
331
403
79
723
982
233
617
748
55
852
15
532
525
346
278
534
56
775
910
693
251
221
269
210
93
608
106
638
307
175
294
962
874
571
589
525
512
136
712
908
264
178
234
747
866
880
48
977
366
287
962
151
613
981
132
15
189
818
649
977
423
138
656
522
697
5
22
813
970
157
316
777
621
64
994
706
505
916
435
594
776
293
355
81
861
691
279
947
959
585
181
776
785
290
465
428
978
499
416
404
498
477
890
433
609
736
455
314
508
917
451
950
996
602
368
681
785
399
337
252
777
763
147
437
558
464
164
338
624
806
429
601
572
197
309
145
875
323
513
890
222
134
915
510
111
652
523
340
854
362
366
713
280
444
664
922
842
614
668
264
549
279
803
947
720
974
602
986
467
47
619
10
403
14
161
363
553
868
670
702
773
577
293
125
292
277
854
321
512
627
91
118
843
322
573
757
638
567
242
271
128
310
99
408
852
747
825
332
626
441
709
235
828
562
464
98
1
498
296
323
535
831
81
58
28
940
201
680
3
285
938
107
986
480
11
662
80
435
413
439
101
609
974
89
124
626
349
954
666
651
184
435
511
841
886
438
955
601
503
656
334
269
784
969
306
795
822
843
300
383
817
974
348
529
553
923
890
71
674
462
356
538
139
304
907
341
241
595
765
932
229
989
195
424
993
133
996
150
128
225
701
255
391
874
266
582
83
997
125
334
577
364
33
481
223
330
618
15
594
287
267
548
830
957
859
460
36
432
265
203
43
99
17
386
949
67
342
848
719
121
775
868
319
15
91
236
719
398
567
441
20
647
1
645
152
534
61
843
497
401
948
37
716
843
667
643
30
59
560
722
349
177
88
71
576
304
853
107
45
127
643
558
677
917
884
791
138
628
433
875
546
771
282
795
224
618
824
699
626
415
408
804
726
701
549
820
634
338
940
634
551
264
366
705
129
51
688
29
534
613
894
25
166
343
352
165
609
853
730
572
184
490
947
294
995
526
838
517
97
678
972
389
357
841
958
702
83
380
38
653
136
160
726
750
318
990
583
300
999
619
447
700
299
906
256
450
255
738
649
761
332
294
879
202
869
391
480
43
926
486
137
476
771
76
683
918
3
154
490
319
26
765
792
399
489
70
995
688
176
731
870
31
759
173
320
230
368
774
316
70
330
503
164
493
780
863
191
911
452
71
487
370
504
65
760
602
257
85
382
599
176
316
480
497
338
290
537
818
22
774
209
186
219
242
491
736
966
9
54
361
165
752
171
659
124
254
739
423
6
859
103
213
515
790
762
855
692
38
265
636
529
382
238
556
819
974
930
666
118
839
438
540
244
193
62
224
363
799
926
297
373
905
630
445
376
713
805
682
557
276
230
662
157
427
204
902
353
269
243
4
273
428
171
41
444
685
557
409
224
646
519
586
151
358
182
307
378
67
255
266
355
243
482
459
231
322
777
846
731
977
517
171
664
957
984
881
575
517
810
671
103
313
763
47
892
229
744
826
12
887
60
417
50
715
415
263
970
610
634
231
163
94
688
47
200
604
356
971
676
218
951
242
521
873
450
889
451
99
539
959
263
852
232
182
754
209
530
669
390
954
834
262
638
22
663
90
919
383
568
62
891
782
915
908
308
566
496
911
690
1000
585
465
147
992
961
438
120
52
121
195
299
321
454
113
327
123
612
327
28
611
696
330
799
635
685
304
895
868
318
298
536
267
134
478
616
161
207
998
506
487
592
846
37
436
75
158
433
