1000
652
452
516
272
799
794
381
820
882
169
55
843
470
797
342
989
380
757
692
224
716
48
977
175
468
924
551
613
445
9
185
175
371
837
84
425
226
110
969
485
416
235
367
107
543
655
1000
693
65
909
764
29
802
323
66
832
829
24
237
935
665
291
648
204
41
736
554
961
179
873
902
740
296
249
625
443
935
100
950
722
398
110
429
449
508
413
54
687
59
854
866
599
662
227
311
7
338
652
399
738
862
913
167
288
782
666
29
542
257
207
573
357
426
766
125
724
861
372
713
15
895
679
975
263
947
632
764
952
71
546
359
591
398
109
946
149
885
539
503
616
347
23
716
462
204
774
632
316
998
555
832
515
93
293
547
728
237
303
202
876
234
324
140
972
840
999
446
112
366
522
192
47
708
358
119
557
958
877
679
382
247
642
860
224
789
469
130
415
717
433
188
648
629
524
227
441
308
423
648
110
497
266
134
621
249
95
130
392
999
18
105
908
37
261
734
547
644
197
226
102
982
49
164
455
673
441
116
912
298
373
66
918
921
408
920
191
933
340
933
50
265
884
773
650
701
645
370
68
63
720
800
67
332
686
879
229
117
546
111
858
449
21
393
845
491
774
884
110
3
668
229
849
272
155
184
325
239
417
907
761
182
770
418
542
408
382
289
584
460
223
76
953
427
251
164
971
10
68
536
226
666
392
914
49
598
684
795
33
508
687
717
575
288
384
821
684
103
88
55
996
576
612
316
481
662
983
48
996
239
147
784
842
632
361
34
121
787
543
762
849
960
913
8
8
735
138
163
963
249
90
237
804
657
494
343
348
964
558
796
742
583
273
661
34
936
112
639
860
365
890
920
812
939
452
586
952
897
418
955
647
699
543
701
189
843
402
273
853
926
69
556
518
530
879
162
712
412
609
769
828
101
592
15
626
148
258
754
107
313
22
935
681
214
512
355
370
623
14
231
305
662
790
218
158
313
239
116
574
918
359
420
424
157
666
469
63
260
940
874
142
750
640
41
753
133
867
797
341
858
628
989
268
989
152
703
604
378
354
941
320
710
333
685
771
454
976
293
950
451
769
249
630
399
789
720
450
446
745
589
458
956
793
656
630
364
345
492
350
68
931
306
999
585
20
602
235
982
134
58
857
712
881
414
271
603
605
915
164
948
115
328
460
753
268
860
90
310
551
86
387
166
577
534
184
255
885
972
789
716
875
297
132
810
677
126
363
223
13
848
752
889
362
521
731
682
781
62
562
499
980
463
209
689
210
651
512
544
846
167
44
608
837
118
246
22
177
712
939
116
453
182
630
826
642
92
935
978
58
286
818
922
879
891
784
425
845
538
488
356
43
154
547
353
275
885
761
33
288
903
877
535
914
103
814
802
626
152
831
879
955
697
157
714
948
303
696
933
255
831
928
55
757
592
752
313
389
907
898
985
349
946
171
162
328
141
88
549
665
670
628
639
934
454
396
487
462
154
397
234
519
545
189
807
35
503
492
363
440
96
929
559
201
203
906
924
62
745
951
907
849
497
568
964
801
203
38
969
106
634
636
648
220
846
871
960
372
96
948
980
78
124
45
712
279
264
694
253
606
945
806
915
163
573
824
733
225
571
769
509
577
313
947
615
922
852
463
845
492
1000
791
898
728
611
604
243
118
439
681
945
422
625
861
364
398
963
413
411
697
839
372
848
535
142
741
287
914
154
814
499
80
632
684
370
551
471
816
214
379
720
260
517
18
66
941
258
35
909
897
494
81
28
737
993
219
510
22
625
900
982
547
821
521
42
263
419
652
554
60
472
13
474
774
222
363
496
349
667
489
218
988
317
127
172
159
46
514
680
857
6
732
403
258
223
583
226
637
439
534
455
541
28
310
212
522
87
190
659
526
85
676
195
227
744
740
111
746
732
796
747
865
922
293
802
825
319
888
138
162
101
828
986
138
606
265
837
467
937
441
187
654
669
576
41
799
220
146
491
716
630
856
438
832
310
732
903
117
520
840
326
191
348
455
317
730
573
553
311
716
819
473
66
966
569
109
761
106
23
953
55
806
127
48
775
453
785
88
928
184
265
886
197
946
172
987
289
967
808
967
933
12
488
909
353
71
137
26
184
641
84
659
820
463
115
1000
319
846
80
485
284
134
789
2
386
707
328
873
30
147
886
800
549
53
778
116
895
349
848
406
661
318
825
1
200
946
51
447
876
808
437
758
818
803
241
138
758
609
653
266
431
712
606
829
992
314
555
511
510
599
489
925
427
858
376
344
703
659
255
570
942
399
