123
1000
927908
-768464
-386705
805957
194822
-218048
865894
-980948
-360281
147634
-974155
66441
305691
-56087
473036
867267
-107267
438188
811749
-571679
-956951
-479001
237825
-85034
578581
770445
-27583
685994
387709
-207152
-995210
-888218
450662
-12068
-847845
121276
226781
634114
-274132
-572451
-72558
662002
870090
728887
568502
-280
-789575
119286
871524
-862682
-428960
-643754
-343339
-365630
-46569
-711411
163226
154580
394279
380902
-497886
427643
-710396
296405
632594
-941032
888516
578742
545856
465976
-862689
354627
-959575
-314316
112798
891091
801089
-100964
-682224
-407428
61387
-432700
-294582
784943
69724
-693650
-973458
144903
-725260
535478
-205287
365987
-682832
964144
-573209
447412
-254756
-91140
496168
-818514
-831908
-505009
-378661
482990
-376002
-867508
539443
-710756
-412306
-439504
-45097
793341
-800790
876729
533272
-578406
-138068
968427
-350566
-638791
-791497
189613
441201
-35152
-947754
-760166
816868
-645738
947065
-197775
-999859
70324
610836
-316715
-65504
-227994
232939
-213835
-645900
37274
101882
319862
-552849
-403801
-762672
-301511
-467321
394844
936799
183546
575218
987933
-471466
767412
828608
888295
-651899
460391
-282120
-813418
763863
-588407
-398001
875087
-10515
154142
735911
487878
-444069
-117577
464276
-171592
-717114
653541
638692
912125
-467943
677268
935681
406898
120265
-277550
236271
511187
-845810
122080
226744
-669940
889050
978873
-443022
-593827
-749435
-288420
-496382
-279001
-870304
-589553
750724
406520
-712229
189665
690031
-442414
210053
632958
-773661
594249
-480374
322213
-500237
410629
26318
362730
-689485
-428382
696321
-715541
95852
-757920
596161
-598656
-335085
879603
-110140
-618253
-353821
305204
-580172
-329721
730956
-369417
780600
247649
-468761
207901
-744715
659391
-133499
796755
589385
-148464
628168
-728860
-192913
190720
925079
419810
-442364
351091
-580353
-723459
-495541
436588
-780017
-269344
709918
392338
-209154
-40353
256747
997439
-504769
393203
305810
-93069
823012
89989
-659954
399702
203229
60692
814696
362821
-231578
293408
-521929
609947
-781894
-56355
304756
-430653
823120
-842076
633846
635377
-821314
333106
86582
665247
81659
-196712
-168974
-567198
-662728
-308260
540236
14721
-312147
40209
563032
357061
-259412
933891
-879742
204920
-317587
706329
391826
-868107
-235847
27240
-918672
-955728
-978428
-763013
-24182
472893
61043
-667421
502080
681509
105073
427562
579713
584634
30302
393955
867045
-685975
22471
-8440
526492
221020
-815936
-748185
-60152
-291519
-73881
11792
-379970
684744
669665
342146
-452747
-571334
391493
-817643
635101
540085
-525218
-526814
990602
986749
238889
124563
620689
-270001
189369
-643401
439976
-822001
-51533
441508
551909
815452
17314
821084
-357131
-447546
988813
693462
385539
-201443
-52875
-699042
-219714
379979
740291
133556
-404051
247342
-159185
132020
-674527
635866
-776307
-6378
-274282
181084
-302670
181474
642788
-884505
945092
783873
855760
-304994
-577056
-10664
-623882
76244
220465
-629840
891313
-921595
65294
48572
-730350
-289199
55321
250383
210071
-766835
-97721
522295
612126
-329414
219741
535740
-399503
-790849
744732
941339
772401
-726487
590351
-443256
571769
676592
384324
-814895
-868579
366692
988784
-12991
-87682
476441
-512955
-141181
110526
-692754
218866
-627305
-445359
884476
-89730
-33362
-80385
-835716
-803302
-369944
367842
155615
604460
788065
-921199
-585041
-710876
-564545
888487
486127
-435826
749672
613719
-454034
185546
-245595
-199044
-651754
948415
218904
-927747
-679804
-289038
-68036
-570986
-663641
391620
789795
-32670
789051
-346749
-806132
498126
847485
745967
-71434
79998
-416795
-844656
-588857
520111
12854
319235
-556682
-650182
215425
-729067
483458
611958
-240031
-967405
-655326
-4490
538161
848170
-430394
-243373
-42576
-619783
570186
604496
959768
-442647
835147
-303604
768591
-277701
-801465
-604797
51531
320024
208699
-276243
-523002
190819
-477433
237178
-909460
313497
-54647
-609929
-968006
270926
418248
253736
-807945
-836365
-287062
-552879
582818
-491366
274248
-561915
490966
61310
-493482
285726
-295084
173262
794573
-838256
-251365
591504
-403902
-672565
381248
58943
106347
433568
-275652
697070
-249021
636378
-62805
-16713
-595639
-489283
404622
568866
554847
207269
-647511
-493974
-719364
-530554
-682367
-678349
232458
-568897
532594
260620
-85053
-234493
515737
158379
753675
541263
611500
740002
33618
89107
-435872
-18824
-888789
-825628
-913452
-506916
165390
938522
-791366
-516568
687622
-671843
-526744
157820
-19541
512567
-184789
-289745
31495
-266136
-37065
748426
697104
-543164
-539127
636876
271574
-848622
-95626
-4554
364314
-914539
-949086
719448
529988
527575
485423
316460
-679608
-66440
-391837
-492032
-311164
-377912
-722846
-843947
-179790
-446599
-169386
825673
815515
804694
-270465
-441884
-176819
-413664
-914886
-778410
305056
505460
-573910
-176819
358767
-443063
469513
456814
-546138
-180741
-670071
-835756
-363352
819822
101473
154872
-475274
-978357
-25383
-280823
44677
-364477
-895216
327051
-246342
-633876
-14571
841166
-221810
465542
3812
-480911
-148782
-19353
-249704
-601281
852751
129032
827578
-77264
690277
207617
-625849
970485
354301
-91873
-827497
-253989
-238966
190868
-895156
189681
555716
-936397
733977
626957
-954100
-132055
-451022
-930349
-270758
-502739
383695
-895032
632683
422661
291453
-466556
701927
-359912
-332402
727697
57219
840209
336125
263952
12649
554132
576856
121015
755507
601549
-448334
847468
-732095
-992672
-774341
918997
-296171
-488941
-217588
-320974
868885
-159266
-833351
498845
969044
881821
311886
957058
-43921
-16648
-988554
710954
-846624
-67134
-395702
912502
337947
223181
106742
30955
-194291
-872093
-4685
492048
-136018
39531
-864935
-343377
344261
254629
671702
274005
-308351
766736
-717170
-502828
-160217
562096
-117064
-828492
-759676
678596
-169269
821877
-638851
-407722
-350632
-879287
-176435
88321
378616
115888
-70484
-343927
-349157
447268
963441
-833839
-847246
-455489
820922
-761320
-245826
-639175
-851058
121364
-49931
-39360
901074
602514
88550
-94057
-707449
-252016
-861387
401418
-401377
-249814
-1288
-63502
-774309
-483664
281852
-386948
705423
434622
133613
758095
189923
499942
14975
-84594
-639159
-86092
-353598
210842
11827
-501497
-601749
-650673
689439
259341
693132
-590909
53217
-961209
-379014
-919883
-345103
-463670
-536634
-825485
-521620
722115
463276
-774301
360547
-184808
-865125
883430
-406094
630131
-227292
348506
593591
802227
466302
-756695
-96431
775516
-932918
558215
-738009
-896245
729037
-703482
-942960
34221
-314082
-227744
206105
-451128
841828
73648
-879951
257110
-793787
228355
912471
906770
175579
-228289
715478
50121
-660905
73411
797424
270764
984120
-677
-298033
133012
-790832
-106152
-447093
-569736
34688
445096
814029
-392359
402498
-383440
520224
299147
591097
-115658
912441
-246733
-405609
649801
952338
-274609
-868326
-866388
343620
-366418
515835
-258700
742346
-790087
-877018
-919207
892502
-118972
-237672
785484
-379069
-587069
733765
103311
-519271
66901
-739600
292333
496422
827589
-547847
380848
-977103
-276125
-487501
812527
-762608
307991
618123
-868708
-350045
337677
-206450
-264147
-436992
-626299
604168
884312
-5864
949628
-214937
255781
-806950
-252816
-636803
266890
-926364
-834540
592494
67160
214596
822203
773108
151836
-860391
-112472
345344
630992
800705
260201
102891
-763567
-974384
-696728
-848993
-472716
-827426
-176666
911842
289256
70445
