1000
-891308
533376
-796209
755056
376970
-606462
-592831
400606
-862304
37440
20012
-550348
139196
303623
-939111
305218
202187
875207
256488
290831
860872
-289229
-549997
-779511
473112
742765
551569
172599
202140
961852
280843
-281639
538415
495569
734031
126530
-607877
-204715
-633280
-630758
-896538
603137
695111
-474888
184619
385865
155208
-287733
112403
217471
-344304
240305
250867
450482
645697
593340
-954783
76993
815308
279740
702611
-80991
-30961
767078
-922224
-677947
-75782
-248023
-160085
-287188
-83030
-880371
-900031
-551608
364623
608276
362602
674697
935114
-688318
-25680
862100
-677515
947886
476884
45909
921391
-320087
-301877
-854717
750098
754719
844748
-251321
689197
-367592
-366003
-606124
-442033
-363335
117877
264982
788010
-769889
-254002
-212355
-14931
534589
514482
-897083
485997
-142182
734621
64834
125298
506558
219991
283339
53848
-818650
333319
596880
-646165
421739
-311126
163384
763320
-714942
-21231
-631193
358939
57076
948630
871742
-623692
-711893
-17573
822184
-319683
-222629
-127003
518569
-383665
966847
283564
-109395
684141
-671960
-287965
940403
993711
-596307
-256302
-148135
264182
870388
446019
921250
-498951
784767
121670
-256408
661137
276651
246371
637958
809183
536036
-636855
170534
-960004
858990
870292
101782
616511
-239332
-127786
727225
174539
-591730
616906
-795757
432210
307773
225479
489993
509633
-883641
79461
652536
38159
781595
640261
-231964
-903103
-115610
120544
310257
971393
-615557
-806845
-119328
552206
794770
-494551
706416
949533
647274
803781
974441
193016
-797061
-450324
860290
-248584
-896392
-954545
324139
5523
-843423
-242759
154991
423783
-800517
-556784
932882
350140
696398
-213785
-782052
-649977
-205227
-364717
-917803
200222
-92426
-102146
-444326
964041
812639
213222
560057
-286458
-274053
368174
-229094
-292346
282840
595271
-122595
-159576
788452
904316
-967172
210801
593387
-930388
145999
65146
308820
-875641
-235415
570815
-520853
-940325
644502
-759737
-657022
-879438
737570
322917
-712296
412720
-716354
518266
896619
16979
-227919
-23287
213247
906060
-702055
685812
954971
-543759
129023
477951
-200968
873060
193380
649338
-829945
-447995
-75974
329509
828947
396568
-376097
174465
-973603
-549088
-962022
-539809
844219
-125990
585001
-40839
475395
714130
462286
-211458
-992713
290280
-166598
-392309
741066
-162645
853911
-156186
594129
-498983
-373067
608660
522750
458291
-376600
-98008
457508
-637605
774483
-200652
-26844
-3443
668399
-803015
-50817
-607938
526265
-466815
-456790
830952
-286183
-560239
-596229
-80928
911523
-865599
-522927
584753
935868
-659741
799287
-141820
163919
544504
314031
800314
208758
461439
823906
473534
551665
-791040
223974
-714086
-563778
-621859
-41716
-792440
-987245
-155006
755724
-262589
-93658
900675
355235
-83445
302971
-992706
-53776
864379
339835
907597
-381939
829888
-160885
340196
924113
-383665
-364312
400494
788008
341457
-37484
-587241
-764957
-584971
184175
851227
-425026
779092
137118
120754
137713
223324
-260202
830598
-939147
139125
-36514
51957
-182895
-664622
689996
455982
-38874
729048
-815723
-66779
315392
778025
413939
255819
-703005
622335
-974455
-611796
-456914
-711563
383515
395725
-642389
974159
185092
-80808
863225
-790595
-286189
-466513
428390
-519866
711998
743139
-384114
-457506
79101
-83884
-331627
91631
501247
-892737
-591298
-499745
-242967
947981
367636
-783940
531603
-60475
-292824
-312475
-98039
-817580
-369212
477331
-716955
-931348
-621485
354534
712792
248266
-656525
598287
-453496
-161373
-163581
638549
598895
-339415
-933156
168782
-206715
-585578
721882
727342
-134881
843194
-695125
456213
297686
-916630
946685
-66777
-918959
143851
190293
-653240
595286
-905015
569067
129544
74518
335546
356628
-919832
370104
128122
-672668
-826122
243023
458078
270814
271950
706482
-668
940164
-604964
175750
-673820
865664
635285
-882813
458061
-70880
-316976
-922163
-733278
484991
-292681
11518
433053
150240
-195511
484772
-127181
198528
-82777
-162822
-306503
175272
528275
-169052
410186
-356879
-18245
813811
-97915
527591
-927939
501852
377964
-534114
385878
654644
823952
-865570
-261821
89306
11244
882213
431482
416534
715717
-735456
860279
380848
338051
-753984
138676
-755323
921385
628165
738074
410
566877
-533501
-392063
882125
674220
-467968
-2376
443748
745636
-302443
-441425
-750710
132965
-791332
-47250
132496
245495
197805
728765
224078
-425028
375112
766816
858447
111880
969249
820975
602844
-689714
977625
452543
458870
-531405
-861877
-112442
110691
-566907
-191063
-526102
696124
234506
-174319
146465
6879
-181790
-884689
-792281
700182
-188718
557649
179969
-798069
585865
78077
369580
164321
538042
-422367
-580984
-962647
-54206
-946073
805792
-968156
-300147
874185
-48558
-594886
-939307
-590664
252241
501740
-501231
300844
-263161
587690
272375
-860562
-619767
-851676
154170
673727
-889875
-104049
-332268
644065
15552
-614324
-934883
-110486
213608
280528
-137851
806053
266403
993029
34870
462488
-342524
-880234
-991099
92653
482962
326914
914452
351960
-196571
-858926
549641
-615495
-40624
815002
362329
710356
-911360
851767
-972850
-702214
-732445
625651
-335567
-215201
233092
311978
687172
-360786
-836817
970482
-701751
-621445
-314628
-408974
699615
-829346
-294326
454067
159110
6581
-516630
-912936
614201
-750279
-599090
-452686
-161613
290847
-530765
672820
280487
-678634
-171983
275788
-491475
998779
501067
-466305
-462636
-58520
-116621
-539528
654952
556464
673410
631490
-702933
461840
-772176
577029
568507
745868
709466
228321
-115778
-187277
-882245
-250087
605226
831790
977289
538589
304798
-262976
350925
99160
486032
28772
330303
136290
867968
-62045
-352757
-362851
747512
-654017
-618721
-215324
-377194
-274325
-231691
-334823
-410827
-333696
483078
-696031
-458316
-278671
-293623
-196011
882581
111034
-677974
23776
-961344
2529
831788
-339041
410481
645174
-252301
997988
45075
-130606
168749
-612855
-24288
71780
507887
-661337
-950955
135935
363055
-406220
-82030
-738322
501257
152075
957295
382609
-762766
-818171
64262
827455
-806162
-739161
-825304
321563
534772
-855274
-630212
-619794
-597198
-239502
919044
-33948
-398482
-318870
491474
881280
640299
-691387
-936889
421449
949574
-23475
-592867
-598230
-275344
128731
-871121
161092
961439
-56769
886132
374870
851585
-138867
-298246
858575
-116870
752612
514325
236287
-928597
-547422
201021
-246767
-465418
701976
69948
-620947
706645
168301
-356122
48637
-381556
229220
840200
-343323
523165
-760679
-948093
-883338
932395
576695
-314569
-629242
25312
952390
-162176
-413485
-338896
-866365
-19998
317980
367009
208789
-552043
-434176
355200
397262
294557
206334
-858477
244235
149826
761086
-889718
184331
-788557
-56823
600467
-401779
-728758
-951410
-39792
-409476
392473
-847813
-780232
102426
-385534
-59823
613867
-211028
733426
-915051
592650
318693
298106
-889427
632960
-772934
898295
-413186
185779
584115
71374
-44362
494079
95103
315530
643471
589273
-98485
992087
-102871
-189816
712550
-309887
-316792
11070
-342666
221011
-310564
68704
-629802
404752
-221848
-144162
-926137
-966860
199625
-675380
724439
-109408
-329467
-675406
-923530
166240
-737333
-552660
-478104
-798299
292316
929879
979
-176121
763256
-163657
-5224
347587
513925
599444
870946
638173
-288646
-689827
640335
-179119
885174
-793552
293534
373936
908387
482512
-279404
-310597
177016
-487615
410917
-746225
-708977
-838392
946525
311523
-138500
