123
1000
365200
-504135
726801
-622042
-376499
25817
548502
460056
119412
-733828
984082
140562
297134
-528672
-399132
-149592
228541
-587602
578145
858063
-628166
-540583
-867840
-682098
-886856
-642372
804466
-532812
825018
972695
-297647
388242
383333
-763996
842177
-890078
653123
-574678
807035
448903
790794
906620
279042
-80884
22336
142664
-452370
-53775
808830
-261352
-109518
16865
-618938
970688
44906
570214
-271489
729055
950128
-530136
958771
512105
-128920
980311
130670
560210
-747046
565867
330065
941507
-432381
-977062
-99442
-283919
-194263
-671214
133327
53811
663515
746054
185320
-444902
-293750
637745
762385
-78145
305209
648040
-925612
304581
-57657
-263913
764911
740481
361701
-962512
-22284
639795
-722649
289596
285436
-707127
-599482
-331081
-561080
-965054
-536491
-812767
369902
-702275
593124
126574
600278
771
810465
810971
-151272
-889316
581867
663067
-488216
811198
192293
324818
-31580
776760
856363
-154365
-823369
-303639
-844748
-765342
-355490
-686826
84056
-125483
-363252
579454
932210
-712897
-994133
827703
-356769
566532
875473
-360438
-861952
-988053
800655
839631
705156
-648488
-837465
-606820
-576993
-333688
-903980
-377717
520892
805077
234566
-295494
-750546
-421504
734215
581093
-983826
-980376
-140011
-38996
574372
-103426
540310
329837
401630
-888835
34361
937689
488425
-383815
697747
-585839
301931
-226493
-76641
-867355
-732635
51597
178628
-830921
872626
334472
-840271
480056
224835
100127
-383413
-843873
660523
-680053
-600690
-309172
900576
-685894
23217
436711
-980033
174189
-194788
-351487
884519
-427933
-123523
-208690
-701657
-799425
252272
-903476
458862
-901125
5293
458648
-533549
-659159
244898
603500
-118786
961229
-983568
-220209
-166422
436643
217646
-594723
-543565
615814
-330687
-103301
-962162
-863296
333930
-63306
-815338
192105
342186
-387029
-803009
96593
-871141
-738175
-742946
-887382
-398220
704434
-230997
232751
-973381
-553521
-811816
-10921
983013
272801
87009
14004
-412553
-563944
-834706
849646
-819724
-446030
-852184
132308
-228988
687777
836863
-373826
-627462
916341
-268028
-540411
-532650
-358087
-199227
836977
373253
463448
-256262
445275
261276
-429995
593308
863166
365750
280097
-451057
168546
-928471
492972
124031
-104911
43999
-508096
-382141
443185
-831407
-608303
-533418
-634783
987813
-661153
566067
400724
-638987
-803042
372714
-296171
234741
-103090
-296418
461044
302774
-995287
-900175
289862
-333814
655139
480306
-112219
-889463
960924
-281097
-975681
-505399
-543280
107873
137697
-837359
-989990
-200281
613966
220965
-813373
952430
-110453
-371451
-69420
-679306
-323445
711440
637717
-177482
-872023
965339
531224
-693659
114689
266419
-363248
146205
657039
546671
733387
576617
-539881
-268234
-293781
286954
-771059
-511061
976009
-663102
-250177
-654501
-261908
309239
-604305
-610044
788779
955631
201110
-801543
134263
172826
451868
-885908
943498
-416257
-633501
-516418
-562184
537829
-224053
-520192
-959295
380015
909649
-757141
449254
-504737
-229251
212166
-365965
-823554
-172146
942627
-667719
-174337
545804
79576
-608637
29168
-216796
-915594
153313
152396
-981229
-458426
-53227
-839021
-996542
-649794
-567972
640604
327293
-29842
-451355
-365041
518494
-15876
-755442
774897
538046
198329
998833
-448852
-58875
740546
416867
-460151
-287408
432067
-893254
954943
377521
-479695
802380
-128271
-979868
-810527
928762
74708
-381796
54590
602920
-147642
316414
658189
825022
964239
390104
937690
-909607
56376
-437500
-539452
445481
-901423
-17792
-180985
-367215
22440
661840
659082
-948956
1671
-613380
-745186
969978
390185
-802807
253006
316549
-251670
484690
-976068
55092
515962
-408971
-361903
320025
749092
342536
-357362
877840
353088
-973196
963405
-832193
67543
261800
-587654
68484
202767
-97171
-668466
-37174
-671503
951237
-245130
783608
-335449
981750
201545
648948
168535
-574547
-286207
717224
640313
-973768
-179688
-389681
-296162
522455
165412
589532
502754
-173530
-283833
183258
350289
914351
-498153
-577322
616533
373000
382696
277507
-515835
666914
-165876
-690110
-705772
675673
458710
-580117
989838
-645188
243940
647376
-416883
-328886
-589491
555953
227505
527000
-565745
-848323
-749414
180530
348144
-668658
715125
-597311
381229
364063
902772
648272
250352
79099
-776671
201471
-871340
-357710
-742059
-25352
587013
-422436
44292
399406
-224860
75166
-856342
-846526
-461316
335425
340246
-438144
-105164
-69260
209947
675123
-962032
72071
-315324
453210
787228
123756
-80600
-729316
-885491
-579529
372767
283471
620907
-345571
982662
-120854
984523
299124
-189453
546253
-71011
-927106
-148023
603729
-638857
-96319
551003
710109
-381596
325899
723960
727628
973122
281511
-701378
673374
519345
632061
781783
728137
954675
813204
-532285
-837462
149309
-78115
725507
-802951
30133
934954
-32432
414051
954647
-161469
-928059
408656
299594
386958
-418212
-741901
828997
962145
685090
250682
171659
880246
-848817
202374
-870114
-210984
139353
390231
685726
724140
-866718
817771
-17069
15657
-155507
583505
-118761
994923
546033
-945348
-139829
-660842
657297
-18811
-763484
948186
-55006
611189
324853
685958
87317
-222990
-243029
550252
-538789
480771
-928567
137289
-842437
-64418
-149831
1721
542344
669944
494053
799801
-779831
596339
-390242
906026
463992
278335
-785719
963624
959314
260754
-958394
-252446
74480
448330
-404214
-996775
-582673
-682197
168410
-590278
852338
-93533
553574
-785501
-195467
492315
466034
-845038
-510668
972526
-707497
660280
919398
-837717
359401
-429761
-269577
541993
104540
586193
825432
-411081
652777
-488877
-957918
-308007
-166226
-469005
-804184
-144851
-70143
701266
732299
569671
7264
113786
-308098
495628
881502
240484
-989408
68786
73665
-435291
-626378
-417181
-353344
-293085
-236261
253154
448497
446419
-810296
-522596
699746
242916
524442
-35693
598195
364718
-449697
-70720
-333033
-76322
-63813
204668
853577
-748108
58499
-297638
347631
274184
-11702
-698713
783218
391928
867741
-527133
-725029
806060
318304
-755510
81732
-764107
886759
-500312
-968967
-390506
-692475
-940066
510645
-525813
-806850
-559351
-762490
-592227
-886189
808197
-157925
-391117
737808
-110981
-688418
-660679
263560
-396900
886420
225528
-533638
153341
717125
-891669
-376713
131512
878104
-540891
900997
437082
140135
-216554
440433
597464
485757
718877
182835
20616
305788
887516
976583
-259044
-23211
-121164
-370487
-207187
-214593
-229124
-941597
-765929
729517
371895
-622511
307840
923416
121211
-303673
-968548
426313
-891228
161352
-529300
-188314
-597108
524963
-876733
-705923
-29768
-746620
-79219
-269732
70420
6871
-514877
-911522
-178707
-962837
401016
-305995
-759841
973017
141840
-10082
787773
903274
-56079
-405459
395616
-629201
-904717
-962016
-372676
258672
-217682
173768
101619
-285689
-645685
-92655
92228
-678337
880012
-114072
253347
506204
-504159
667387
36303
854428
345029
679560
706271
-609545
-917999
-877292
-523183
394400
-945740
-515519
-771451
91819
-722225
-293688
208382
74132
-370639
638316
845963
-227559
281290
779867
-524885
341453
708089
402815
675103
174266
552843
934669
253828
721264
-750117
58564
-101209
-355670
-537591
545694
224633
275135
852324
363210
848704
-780442
200163
184559
-182002
-603509
189729
868640
-557287
738233
-578672
408356
-744328
-18992
65484
-310885
-64026
488753
309959
632951
780452
254140
-644534
-674650
52563
-582082
-280586
114409
597825
-46452
42159
-721928
-138223
393998
543666
-457413
480193
-416054
-836572
