1000
362 1019
7070 3915
9368 2576
3403 8077
3360 7591
2394 9047
3010 2623
9019 5261
1804 9937
3665 6178
4769 3064
4843 8194
3026 8544
4674 8105
9154 1856
1809 3943
7717 3131
9393 3919
8060 4399
4661 2701
5364 7444
5354 3587
6390 8592
9878 661
293 6280
6635 4750
2437 4393
6338 8928
5011 5538
1100 9954
9 5389
2440 8443
7146 4413
3255 6557
2808 9428
5608 5702
2816 6336
2067 7902
7330 8562
850 5487
8432 4931
4749 6598
8226 6522
3239 8141
6368 5466
3372 9118
7184 5994
4197 5746
7900 1981
8336 5358
9854 9758
6025 9511
3530 5255
1297 7307
7824 6375
3902 231
1790 6717
4406 1311
3674 4364
558 7105
2012 6499
5883 9810
5118 5794
5764 4948
122 5376
8132 9408
3834 8996
1286 1268
8634 9045
1120 9761
488 339
4112 7234
8728 1559
9187 7204
1045 3974
6421 7883
2199 4684
6882 2492
1422 8773
7174 4539
7289 5802
5739 9710
6222 9181
4522 5160
2265 1283
6931 3519
1540 7583
5735 1989
7644 7221
383 6671
8375 159
6991 4604
3785 2312
4187 4474
3088 2704
3373 5258
3937 9257
8848 3259
5314 6434
3507 5153
5807 9616
565 5413
2116 325
7304 7999
633 2934
4653 6296
735 1346
8622 3709
9413 7568
27 9765
3505 7305
7829 5855
1375 3123
4611 5333
3649 7581
2282 3121
9406 1378
618 9014
7525 4959
6653 1599
4310 9209
6995 5859
7981 348
7599 5373
5742 6359
2544 3144
2705 3896
5585 9359
7399 6757
5095 8061
7478 2766
9565 7799
9018 8948
322 9928
7288 6470
9099 3171
2291 8669
1225 2170
8046 4837
6488 4389
6088 1576
3222 4315
7763 1334
1656 7645
5176 1339
5153 8635
8759 3819
9961 8832
1711 6254
3192 7140
580 8584
1347 6667
8932 8063
7290 1129
6939 995
3938 2767
7138 9413
7958 1315
5126 9726
8252 2679
4004 5226
3721 2800
984 3017
7053 7217
2053 2166
5800 2211
9919 5886
8879 3018
3924 5544
5482 994
1543 3084
641 6661
7919 6267
1981 1791
9407 2998
2959 6436
5504 4170
3431 6069
727 6079
1119 9926
3178 7642
5832 9808
2558 5869
9189 9088
1304 398
6108 9415
9724 7774
8459 7176
1876 9318
3229 3252
2095 2586
6935 2668
389 7094
7603 1845
6139 9616
2766 7310
1004 8760
5229 8740
5933 778
1064 2340
622 1978
5289 1740
2317 8707
3792 6855
2053 4176
8671 1773
3942 7137
6477 8494
3001 4400
8430 216
3062 9977
9675 7164
4893 8360
4565 3043
6072 4234
9391 524
1719 8783
1126 7886
9460 8803
5059 8746
5113 9029
5875 1631
1720 8783
5016 7990
7156 6055
7728 8147
8762 4667
2326 9273
8865 8943
5273 6798
2629 3037
3963 2845
1254 4876
460 4497
3376 3883
6276 2049
6140 2988
8407 9720
1765 8627
9730 3051
5513 1119
8437 8343
9365 5960
3575 5753
4973 3374
2761 6987
4557 3191
8591 5559
2334 7101
3265 2152
3841 9542
5417 5963
3416 7502
7735 5460
2825 9959
4940 774
359 6167
2900 2639
4422 2329
6110 8510
3966 7454
4150 8326
8825 3201
6910 1380
8922 3947
4331 6849
2503 4964
2868 4138
347 6893
1158 2062
4372 4646
4849 2832
4783 9859
2868 2878
750 5387
7550 7906
6311 9541
1594 9663
4927 4111
8012 7784
7190 3975
3451 8295
4999 2762
9393 873
8987 1107
6800 1843
116 3915
8762 6148
4658 8506
6889 7524
357 8579
6594 4211
6158 7443
2485 6135
216 1583
4668 1848
8120 7208
8753 392
7916 8460
1305 5840
7326 3022
9551 6580
1751 9445
3422 4918
743 6600
1677 5687
8557 4970
3763 8336
538 9562
7341 5944
7436 7028
2885 9221
6999 271
6072 9685
47 9946
8156 5905
5353 9910
6102 8116
9774 4579
8489 9481
660 9123
30 5566
9829 3733
2065 6857
1493 5066
2254 2733
1266 9483
4966 6460
524 3387
3206 6798
5688 3915
1051 28
7794 576
2338 4273
7830 1425
9246 1880
2272 1423
7390 1016
9086 9996
4159 953
8315 714
1355 3267
913 5949
4884 483
1550 3146
71 5664
4434 5990
276 6133
5156 486
193 7111
781 7542
756 2766
7602 3598
9669 8633
9964 3274
9923 8829
5305 831
1918 9172
7059 2945
7567 3225
3847 3147
8250 9182
8936 947
7989 6464
710 651
5656 1820
8464 7070
9215 3212
7389 8834
2803 838
8407 7989
7623 9653
9406 5029
2718 5026
7106 629
2794 6282
97 3877
2872 1771
6549 8288
5450 6150
7489 9046
1822 8992
8660 1776
2473 1002
3032 8004
8153 9998
6120 7650
4709 2155
5671 3938
4230 5047
6048 1608
945 8476
9877 3704
4896 2373
6162 3839
6802 5903
6402 3100
6907 1491
596 3905
7136 269
4837 9663
888 2196
5806 5535
6482 3345
7820 5853
7768 5076
1852 9231
9447 3205
2132 4972
9033 3287
1745 2130
9133 6243
6069 4081
7453 4957
1957 780
7700 7176
5681 2673
3299 5625
7014 9956
5933 5793
3225 1360
6746 6694
5298 2599
2196 7573
1529 7014
6398 8723
6057 2921
7331 9740
3435 8275
7872 1239
5617 5741
9286 9656
7387 59
3420 5592
6619 4173
4500 8909
309 8737
3787 739
4837 7482
1050 3662
4683 245
3781 6052
6051 5166
6165 8351
3633 6361
2713 7667
6545 973
3983 6654
6223 1991
1209 162
8657 8526
1489 5074
3628 9200
3172 9565
3904 9976
1262 1003
4656 2867
6562 9427
2579 2625
7640 8771
6481 6308
9349 6277
9598 3655
7997 865
5798 840
3308 7705
148 8708
6084 5735
38 3450
9859 5317
3672 3824
4666 1032
8985 4805
1491 4935
5476 3022
7019 8830
8374 2211
8810 880
1310 1378
6907 4315
1861 5993
5729 7393
4046 7029
2604 4033
6705 3566
8258 4060
6036 9704
9932 3661
3184 8848
9408 4449
2818 1400
8375 3461
8591 9717
3135 776
6290 1002
1804 1370
1781 2040
6415 5763
6901 6220
5414 131
2372 1127
8505 6687
9388 5123
1067 2049
1171 4236
9635 15
6526 351
8317 6001
4765 7676
6872 3982
8516 1611
6739 6640
5833 6909
4501 693
6987 3350
3967 4547
4827 6084
8091 3651
1682 3704
3858 4824
850 3674
3556 228
2698 7792
923 8777
5174 2310
3675 4324
3009 2469
5086 2613
7736 4852
3154 7909
5421 1610
3672 958
294 6107
9249 1263
1674 1903
6745 7133
6838 4211
1398 9987
3119 7718
7866 724
1061 6120
6292 4454
3379 9180
9497 8157
1716 5141
4976 8484
1394 2037
7152 9805
6457 2719
3195 463
6798 581
5374 5272
267 1058
1927 1950
7901 1641
2388 8012
2857 4758
5289 7506
4729 2569
566 4490
2581 698
1821 6604
1496 1182
6458 8147
6811 5428
2422 2421
670 7764
8291 4294
9041 2243
4718 8400
8172 8882
8670 8137
5217 3926
4207 6258
3841 6190
6493 4080
2350 2022
5218 8162
1372 6769
5766 4190
5 6922
7686 7021
9957 9255
6877 5978
5495 5456
2411 8564
7427 8072
9798 7652
9284 8226
7028 9142
892 5909
8764 4289
5295 245
6650 176
6317 9063
5958 4312
1579 5469
5792 855
6759 2991
653 5016
5648 201
6063 7637
2080 2311
9735 5392
4369 8255
1645 9829
4979 4350
7279 6549
728 3018
7645 9194
2390 8426
3646 2855
9039 1572
8104 4864
2542 2918
4855 6150
1240 4019
3121 3924
6414 7705
4872 3863
5346 9161
344 1327
3441 7119
9230 5480
9640 8162
5928 9427
2969 1774
3687 2059
7085 6677
838 1600
9323 3398
4594 8686
3464 1996
2182 5291
3868 2686
5596 2091
7437 6869
2931 6041
2300 9201
6860 3438
8549 4104
2168 4197
2868 4702
5040 3144
563 5378
810 9108
2474 4924
2944 7415
7088 9848
7311 6971
4809 7003
2508 9904
7156 3193
4480 6480
9796 2298
4542 8306
5092 7513
2664 1853
5737 3020
5974 1037
6699 4120
5440 1778
5121 1724
9291 5890
8611 1048
6989 1816
5226 2556
5656 6363
8198 225
6425 5765
3332 4520
2060 9401
7126 220
9404 6825
9449 2257
313 8846
3612 7404
2980 6278
9886 1583
2308 2144
1155 6153
6508 3563
6769 1502
7598 1993
8015 9900
6131 4929
6479 9205
4726 534
2685 6571
1161 7572
9964 3461
1596 3025
8048 6475
6179 8205
1789 14
6489 8817
1409 7458
8448 2599
8356 7734
9463 2743
7567 3417
1011 2246
7560 5802
8423 5730
4587 5993
5106 900
6390 3889
3080 5474
5787 3031
6743 1146
5733 576
7514 570
2971 8811
8411 3650
6433 9847
1719 4241
8048 3598
1977 4757
6733 9616
771 8498
7125 6269
4234 5170
4469 7095
6806 6340
3508 5263
9707 5019
7065 1217
2934 752
3527 2328
9708 218
2007 8293
1090 8835
2828 502
4804 3998
6191 15
2807 222
5925 6733
6226 8705
3141 8868
5594 827
6618 9552
9660 5096
4795 759
4064 8531
2645 4368
8262 5329
8543 4285
8463 1031
4536 1811
4646 6270
6237 4372
7034 4621
1078 444
5566 1061
8627 5162
4269 6836
7759 6350
6258 9278
9211 644
4851 9267
851 5758
4129 3062
6211 6953
8493 7951
3266 5707
1197 1496
5282 35
5262 8549
6373 3997
2032 5831
6051 2155
4454 9227
5193 1966
9920 393
2456 1455
6616 7339
6831 1197
8780 5679
8926 9163
1222 9075
1875 1666
2347 9889
9029 6550
6994 9299
5083 5294
2966 5621
3460 6177
1612 1389
2362 2167
2359 6406
8614 3969
6419 4236
2370 7986
8249 9967
6492 4602
630 1635
1359 9444
3377 7935
474 2115
398 5089
5784 1988
9752 52
8568 3218
496 894
5823 3776
7055 3653
2297 3473
9640 7433
5819 9316
7999 9616
1465 146
5725 4598
6461 8406
874 3163
331 1530
2775 9781
6437 7851
9771 6955
463 5000
2628 8251
8390 3313
3446 9446
860 2089
7712 9834
8972 1762
4566 8500
8658 9372
950 9710
5702 6567
1326 4951
2945 8340
9062 9515
1730 1044
9343 4371
4593 1163
6718 6808
6493 6413
4970 537
6437 9781
6252 7209
7220 7556
1536 4071
1512 5801
8734 1340
2517 7666
9627 5977
4250 595
3137 3296
2611 8478
8079 8166
5225 3186
336 467
2732 5160
9741 5762
3519 5816
225 7431
8374 2996
1685 6820
3490 1065
7954 8218
536 7757
2024 6258
498 2837
2315 8483
5960 3553
1632 8404
2612 7928
195 8590
8298 1284
9801 7683
5380 3747
2763 7078
3006 2104
6698 4200
3965 3979
883 6303
4381 1647
3206 6391
6 6296
2899 4543
7612 116
6472 5623
8347 3357
8812 2594
6116 733
6116 6218
3702 6809
2288 3875
1850 2368
9660 1540
955 1336
1634 1466
7492 9959
4727 1725
8373 1394
6195 604
9613 619
9501 3516
4135 8913
7903 6702
8847 4096
755 101
9172 103
2812 9225
4965 2856
9390 4701
8899 1029
8108 6696
2626 8109
8052 9565
2288 2371
6138 3005
9958 795
9602 6458
5119 5332
5286 3212
1823 8299
3761 808
5355 191
3778 6320
583 3060
1355 598
984 5534
4102 5561
9146 104
596 1321
8807 6986
7965 7242
3944 7809
4414 1026
5850 1187
5522 5385
9743 3485
1449 4240
7039 2361
5828 5457
2822 8230
6886 229
2989 7000
85 9178
9572 4883
290 2908
6903 7596
1897 7255
6559 351
1910 2515
2406 2921
6193 6596
7847 1811
8667 7897
12 8995
1934 687
1818 9489
6207 1207
746 7892
5038 8810
9842 1057
1412 1255
2678 5993
6095 2815
1942 8233
388 8937
8293 5746
7405 9806
3691 1788
4105 8808
2343 473
7622 4058
6506 3581
520 1210
1179 611
8083 3930
5732 9349
9712 1702
6845 2223
4541 4292
9393 4349
435 5447
1896 1331
4574 3722
6265 3579
8565 5200
2732 1592
4524 6831
1944 6951
1270 3460
3383 545
6744 1148
3427 1066
5547 6393
4488 7394
180 6212
5088 8703
4765 5410
5057 2878
4884 8844
91 9891
2999 1901
4756 2145
194 9474
