1000
8618 2203
6731 9195
7817 8409
2024 3350
2733 5261
4537 3457
7913 2252
7687 2526
4977 3388
529 5044
5210 3998
8581 2661
2400 2188
204 6562
3726 3380
5919 3319
464 703
8807 4548
2365 8902
6890 9033
5558 406
7308 4186
1043 5024
8088 3760
1144 9083
4948 9029
9933 1146
7245 7602
2312 8395
8318 6577
4742 7231
6156 3756
576 7424
215 3245
9813 3013
2445 3067
5758 2047
155 6128
5614 3745
8675 5827
5084 7332
6066 8986
7416 8988
7560 8005
1527 9562
414 1532
3670 9675
433 4774
8223 6572
9231 4570
8954 1756
9395 4076
2568 106
1494 6484
4896 7184
3273 9274
3846 786
7205 9510
468 5866
4306 4271
1369 3656
7509 7835
4094 4330
2691 6794
1661 1584
3225 5707
1276 6647
2815 3387
9241 5123
4548 3524
2227 7460
5823 1768
6603 5999
6452 6415
5052 7784
1972 4285
7463 7491
1340 4605
5938 4412
3606 2328
6493 6282
1070 2482
2546 2673
850 4335
1764 931
3972 4154
1705 3460
7114 3147
6958 9318
7937 7397
1095 4734
8743 1111
6542 8716
7547 8443
5507 4162
3299 4051
5586 4903
9116 4446
1640 2190
1146 8343
8685 5572
1561 2639
5193 3725
7099 4434
8775 1074
8623 4865
3542 1847
9552 265
7726 6023
3021 3238
6356 8756
1678 340
8954 5846
5325 7139
8089 1593
6738 2181
2457 2008
7400 7618
6542 7757
3199 4571
8128 2642
829 1449
4050 8667
1975 9552
1657 1497
3044 5746
4100 7242
5123 6086
2437 5465
4316 8863
2416 5295
2780 8206
2532 8553
538 3660
2938 2811
1013 627
7916 9830
5220 8270
2166 4090
6841 3151
9665 6738
2009 311
8594 8344
7000 2959
5042 3804
2962 2853
8296 3027
6346 1320
7956 1160
690 2556
1159 5054
9633 609
3324 4330
2667 1972
5997 3540
3876 5670
459 2108
2394 6089
5195 7891
2295 9277
8348 1323
8482 6013
7690 1318
1913 5576
6844 5024
4462 7162
8865 9875
8886 9678
6037 8284
9323 5150
8762 3365
7910 4104
8603 1627
5914 6193
5264 4835
6937 7051
8266 5019
6862 1152
5530 3515
1229 963
7784 5768
6197 9425
1786 4731
9110 4115
1504 2985
7901 3249
8989 9764
8373 4023
5474 6714
6920 5894
4688 487
2815 7146
8368 3955
1598 5658
2101 5499
1547 6991
3746 6864
1454 1333
9982 4955
3290 8369
3011 4757
255 141
2530 1065
863 8268
4992 2800
606 3816
7288 7204
9746 3394
2970 7279
5253 8358
4074 9885
995 469
644 4522
9597 7107
4157 4363
9003 2517
7669 2983
7824 1875
4367 9181
8939 4240
2617 3628
3764 4472
6153 2437
726 4586
9530 9488
8964 7366
7968 7773
1841 2429
515 2894
2292 5960
9671 8516
5438 524
6978 7780
6749 1647
8579 4542
6654 4614
6479 940
6764 5481
2451 803
3414 9747
7607 2971
7481 4143
9213 9581
2548 2580
3020 352
6683 4767
4882 7038
8991 3919
4473 3323
5166 1764
7689 7513
8138 8718
881 7157
2270 9531
4982 6894
466 9953
6594 6243
7970 4928
7381 7890
4911 2738
4386 5304
8002 2419
3086 6812
1508 6421
6983 177
5473 5728
7640 5031
5208 1062
9075 7608
5827 3539
5009 6868
7016 1843
4074 2551
6967 6071
3263 8
8472 8402
9986 3847
8315 4942
4840 9583
5442 2183
279 8098
3010 2296
8816 1243
7218 4337
3970 1959
6535 9341
4145 8530
9453 4992
4752 7822
718 7415
9486 4991
8377 9980
5806 4575
707 3564
8248 1232
3016 6294
6469 7299
9668 7166
5624 3305
3088 5950
254 5270
396 3364
6313 7643
4404 9477
389 50
4951 1159
2510 3554
294 9120
7365 5436
6533 408
767 8765
2046 3253
5164 6475
1481 1281
8174 5234
5211 3290
7998 7781
381 1410
7714 8544
5744 869
4033 8594
9694 4823
7986 1942
1362 5682
7666 6256
9011 4647
6112 6759
869 4209
3710 9074
4397 2118
7331 5180
172 1157
1288 741
959 3896
2581 2041
1976 6084
1749 6282
9120 4095
6313 3718
8361 5043
9893 1544
7559 896
3606 1881
1952 9179
9541 8172
4297 9887
6863 2545
1397 8381
8270 3481
5009 347
5249 6891
7162 6090
789 4136
3184 855
7098 9654
1620 9571
4285 2665
6012 7556
9585 6777
2237 3926
5280 5353
5063 9822
4611 2646
4949 7558
9281 2489
8430 1396
7802 4188
7721 4221
3663 3782
2178 296
4739 2349
1315 6500
7544 1867
9078 3507
4234 6664
612 1053
62 6010
1351 1757
6745 6382
3828 1460
7035 7155
8571 1547
2448 8045
5817 6010
8014 9432
4082 5710
246 7717
4758 4597
8649 6495
201 9412
6900 545
1863 6170
9741 48
5527 7119
78 455
7807 8086
13 6637
7922 6178
6586 2951
272 3698
5508 83
9964 6608
7701 5071
3951 1791
6689 4924
4349 7243
8832 3428
5363 7369
4215 6135
6912 4686
6049 982
3949 1686
8851 8598
7589 6426
4344 8511
5938 2843
7412 2993
7501 187
506 4311
3411 4789
7649 2862
177 3746
1697 827
4332 3555
6449 7517
9170 9922
2162 8357
1225 1353
5275 9048
7355 7913
9274 2392
9921 2880
682 8488
4333 1040
6291 2629
7394 6741
5416 7282
4685 8812
2484 1089
9346 4749
4487 9491
6689 2744
9196 3741
7906 4213
8088 7925
9511 122
6550 3789
4145 6045
3456 848
266 4422
8058 9645
5192 7122
9573 3010
4520 5215
8780 354
2097 520
242 2080
2475 9479
7549 4064
4901 5440
2405 2077
9114 5545
5361 7261
9360 4875
1245 9016
4312 3419
9652 4888
9410 1948
5164 6649
7295 49
7306 1256
9193 5519
2723 6288
9746 6794
6800 1227
8250 7644
6390 2365
8548 6581
1011 7102
9059 9413
7789 1993
4127 7246
7744 9363
7893 779
3793 4181
2571 2251
5941 2601
2457 5879
2417 1387
6046 3650
449 8641
975 9682
4695 9031
7191 8189
7437 7636
8240 6168
2332 2852
6599 8643
9716 7173
265 1545
6821 1056
5959 9093
4171 7081
6269 667
1901 9401
3915 6580
5329 2686
2407 6320
7182 3484
3562 6478
4690 72
299 360
5188 7777
5789 2962
3326 8170
6692 955
3841 2686
4651 2157
6268 5803
5346 6523
1618 8284
5075 7903
3689 7496
3941 967
3034 2612
6004 5035
7702 2415
6059 7060
2794 5348
3399 701
6668 7079
9699 6651
5417 5801
3616 7519
7139 5456
5799 598
3466 4135
8245 1856
975 9543
2331 2068
9291 2345
2544 4849
5881 4154
1733 22
6467 6398
4143 7029
611 17
663 7944
388 6610
7942 6937
9510 9172
9720 7884
4579 9259
6902 9872
4841 7900
3001 9310
6900 9115
4092 6499
5014 1726
7034 4834
280 2755
540 496
1287 4994
7280 6334
8821 9547
4087 2483
1336 9938
9407 3138
3432 2675
7055 7504
4719 3868
1390 4468
1947 6129
9157 5903
7741 9585
6140 7459
5724 4801
7775 6319
7639 1499
1532 3605
9372 3318
1849 1277
5788 1983
153 6759
1279 7340
5486 9657
525 1493
5424 5769
4705 7274
6437 2847
6413 156
9995 7074
34 7861
8533 6693
4848 7152
2881 8223
6276 2647
3420 6083
8489 4131
2691 3205
6909 994
1108 4427
8429 1785
5102 3772
6483 2490
1984 3942
1567 6637
2215 1744
4385 1143
569 5174
4426 3824
4666 7029
1180 7321
2529 6636
8349 3083
2365 2257
9313 2293
8447 265
3349 4027
5654 8092
4167 8164
371 4835
3709 2019
8170 9937
6981 7559
3087 3455
9204 5084
2628 9248
6986 960
8367 1991
6562 339
8736 9848
3388 5285
4055 8675
5378 8843
2666 2057
9730 6424
8562 8798
1887 1141
9953 7911
9496 774
2135 4756
5546 7695
2736 4254
406 4357
1879 3804
9089 9677
3794 8017
1530 6695
8179 7174
7319 8303
6681 7571
2436 3025
2308 756
4182 3538
7517 6145
3776 3481
995 9546
9224 9817
6445 4583
8717 2057
5636 7559
4631 592
3445 3135
4331 3290
5761 7227
1932 3230
4638 9296
5896 8618
5126 868
7393 410
4019 719
6332 6742
8834 5697
7577 1083
9025 5294
7534 4590
482 3927
3331 9966
497 9234
7444 1443
499 1575
7178 3743
6361 1972
3866 3913
6079 699
6444 6390
4377 5990
7385 938
5578 8102
5941 438
9997 7864
6425 7700
4878 9092
659 7706
6673 3889
7419 2625
3732 5470
3605 8259
9 235
4820 2532
9030 8980
2918 2786
2592 9066
6633 7738
3234 9692
6190 9279
8416 583
9981 5540
6574 624
7532 9440
5860 7313
4607 804
8127 5337
851 4742
1375 7
7720 8075
6365 1097
2332 8652
9055 2938
2050 7142
4213 1472
6669 5077
4515 1997
2791 10000
335 6195
1319 9050
3057 2611
4658 6777
7050 7191
549 316
3942 8712
7199 968
8936 3826
2888 1355
2134 1744
8907 8911
3853 1248
7487 1090
4651 4568
3053 9542
4091 8582
2178 901
6608 7583
7706 4119
8938 4128
3903 3356
4944 4053
5730 1895
9558 3947
9252 4880
335 8491
5662 6623
5168 3597
3809 2676
2801 3769
3579 192
7929 4558
8773 7214
2166 6280
4845 5992
5105 7883
3536 663
4718 267
8213 5238
4157 6608
9760 2233
370 2860
165 9129
791 4258
1190 8222
8868 4649
200 1664
5159 4555
8818 8134
1992 6029
75 9053
6873 3292
3564 2773
8648 168
7603 152
3028 109
5525 9892
8208 6402
3409 9863
5973 3709
9889 636
1326 126
2939 6507
2036 6900
9787 3311
9994 6436
192 1009
731 2239
394 2136
8381 6007
1565 9908
4703 6238
9199 7991
4608 9239
7478 2896
1573 4915
8108 3501
3347 9424
4957 8141
3063 5258
6317 6834
3904 1926
9732 8233
4419 6913
254 2826
6220 6492
928 5885
7008 747
3114 86
3624 2643
5993 3170
7584 2724
8298 5959
2891 8602
4540 669
1269 8133
5151 4219
9016 3768
1065 8590
3586 8532
2115 959
5921 5261
6228 3093
4364 6092
8078 9122
6169 1665
235 9799
2948 6098
8765 4389
1023 9649
1241 4965
9381 4991
3901 3136
2648 7132
5747 2679
7207 2546
699 5711
8385 989
4424 7623
1115 9494
7203 3045
5276 2682
7240 5297
8876 432
4757 595
387 7194
6808 219
1155 4602
1047 8805
7430 1296
4287 1513
3793 5513
7508 7358
8296 507
1701 7261
6933 7328
7807 9322
3058 3302
2228 2882
9816 4494
285 3861
4686 7691
5626 3244
1079 201
2930 1713
9389 377
2353 1949
8654 5816
8042 1894
8813 415
8309 9811
2871 2147
7945 6445
270 6396
1204 639
4770 17
8780 2563
2060 9746
8952 3113
2416 7837
9320 2045
6538 2879
9519 1787
6546 4562
884 9877
4370 7862
5547 6184
2643 3090
6641 7735
1285 1273
8855 8857
2976 7698
7476 2508
8645 542
5634 8008
6312 1484
8504 4573
2750 9340
8324 987
8064 5820
1709 4536
2285 2004
9258 4474
6164 2309
7638 7393
6057 3559
4239 297
247 2974
2474 8524
612 8392
9537 1063
7629 8500
4461 3867
5850 7911
6557 8728
9495 9006
6107 397
7867 7666
9239 3311
8982 6371
2402 7292
7030 1474
8591 3033
4248 264
6881 1529
4184 5803
4551 536
9331 7711
1361 3021
198 9693
4912 6624
8519 4315
4782 9433
2410 8407
6515 7316
7589 7084
2878 5363
4345 1558
5714 814
5115 388
8349 9720
777 5465
37 6536
4994 8231
1294 9801
9836 3866
3105 1626
3358 200
3824 2701
7248 9422
7485 8079
1771 6807
6568 7932
6765 8307
5574 1692
6177 4533
3020 8660
7075 2022
8775 2112
8918 7986
3453 2325
8884 197
6112 1498
3781 6588
3464 2375
6559 3124
6597 1118
4431 9010
7239 7626
8632 7506
5138 1886
7645 2643
1993 3810
588 7223
6290 3955
5640 1474
4094 996
9302 3886
3459 8081
7515 6486
4880 7058
4758 8073
2636 2688
3908 9347
2345 110
3639 3560
9432 4621
3894 4084
3127 3824
199 2809
9208 2948
1917 6387
3214 7663
9699 507
