1000
3104 3538 3728
7440 2805 8156
3609 5476 2964
2394 5102 5538
5203 1464 5399
3583 7623 3210
9210 8168 4357
9566 2819 593
6453 3159 9244
9900 9221 6957
5849 2173 1606
1891 3074 2182
5724 5101 4104
9005 796 3273
4944 1991 9235
9226 7863 4118
4628 186 1640
1219 6700 352
9581 1859 4726
8812 2320 7519
3765 9621 6052
9049 5087 2255
6567 3406 9986
7680 1585 5437
4596 5817 3073
9537 7485 4418
1332 3942 641
7567 1549 6529
9433 6820 7401
3295 4047 2801
5368 9478 384
4512 4193 1648
2327 4319 4514
8752 5421 4489
1019 159 9330
3387 809 7887
6150 8242 7361
7151 9476 4767
1073 9528 4639
6148 777 4018
5372 6839 9623
1595 8179 8058
5567 2446 2590
5583 8184 6020
1827 898 58
6569 8322 5696
2334 8379 8609
939 5849 1086
9545 7978 1357
6139 742 2564
5848 8610 6914
4740 8134 5316
6761 9595 1413
3235 4296 9443
3499 7483 9840
3522 717 2925
3419 3005 6342
290 2327 7326
2592 9416 8835
3856 1858 3947
5027 9826 2015
3070 3842 1789
2022 578 2470
8914 3945 3176
9817 6463 557
3738 3662 9237
7 2181 214
6226 4189 8425
5524 6199 3027
4448 2437 5800
9539 3468 1698
8421 6359 8289
1203 5719 4133
7754 220 4841
6393 514 7966
8856 4362 8227
5620 8368 8731
3147 9671 1569
7105 8181 7364
4147 6493 4446
3667 5302 428
2861 332 7038
4836 7023 3097
9547 2796 8566
4754 6866 7471
2834 2108 5850
1394 5613 7879
7676 8330 7108
3100 2469 414
6559 2115 8866
7615 8251 8346
3292 7479 6496
6135 2876 7820
206 1089 5989
4949 2564 5441
5184 8074 2151
2574 4471 153
7786 6909 1066
9298 176 1033
8154 5936 5016
3669 9698 9886
5653 3663 6061
4397 3636 6897
9387 3552 8951
9174 909 2515
7733 951 1753
7218 6121 9423
6436 1362 7985
1863 258 6192
9124 8443 7844
7800 3996 615
8739 6848 1200
7102 2699 8758
7966 702 7498
4233 5555 5282
8062 7925 2096
9963 1066 4309
4064 2533 4810
6706 7411 9843
5797 7995 9866
3553 2806 8437
2844 2010 2296
5236 7185 3961
8908 1921 8715
545 7811 9465
3131 69 9411
5233 225 6496
3847 4109 7841
8585 1033 3800
9130 474 9710
4100 6191 1427
9582 897 2020
3652 6801 2693
3582 6977 184
3657 6781 6862
7075 3679 7987
9253 4607 6369
5176 3240 4676
2073 7959 8577
3026 8110 9428
9079 5499 913
7320 7954 1534
3304 4063 4851
1699 194 7273
2603 9771 7843
4841 6225 8994
8914 9952 487
7534 6161 4430
9089 270 242
9779 128 6452
8437 8659 2883
2021 6917 7740
4766 4583 1375
1011 6188 1308
4249 3668 2216
1202 3512 2508
4673 6560 8851
5348 2432 1747
8705 529 4325
5805 5602 7978
1655 3355 4440
1037 9525 9544
6994 5436 701
8817 1417 4333
5559 6136 3886
9171 9526 7790
408 6152 4491
6625 5932 4569
4241 3733 8007
5315 2940 5161
6065 3455 2078
4480 2678 5514
9248 1241 1147
6129 4453 8428
6177 5963 7926
2662 8742 6697
1827 3093 8440
686 4425 7161
3188 5148 8446
4007 6453 1605
5450 2700 5223
8060 9360 5074
9600 1677 6900
8491 2110 2052
489 549 3389
3156 2577 6291
3206 3167 3754
5495 8764 9551
4701 3257 7345
6076 4125 7270
565 1806 1661
2523 6504 2193
2609 6051 201
1351 7062 6791
652 8416 9831
5687 7223 6808
3268 9118 8887
5517 9181 3407
974 7279 7546
3513 5729 1306
1539 887 8667
3686 7657 8854
6661 7923 7187
7094 5820 8555
2123 9052 8153
7171 9445 9935
7958 8784 1596
484 8271 6080
5266 8532 6827
2284 3121 6069
3386 7902 1685
6299 2589 6609
5112 2922 92
2725 2310 7954
1521 1245 8166
7139 746 1533
9440 8729 7308
1496 8448 9430
2094 2520 9466
7404 9693 4825
206 9214 9005
1902 9785 3981
5391 2722 6424
9646 5024 4375
5005 5465 1239
1493 5766 5334
4682 7427 9024
6724 4085 7393
3810 3801 2906
5311 3983 6621
5765 641 9621
8348 6557 2888
5756 6198 7576
2430 905 7700
7080 365 4669
8037 4787 1754
774 9124 5290
2117 496 3032
250 3394 5935
5059 7900 4896
206 2791 8447
8741 9260 7141
3055 4337 8911
2894 9188 8002
8898 5649 2720
6216 5654 7909
6018 9389 6495
4927 427 3760
8200 2247 1868
9480 4774 9162
2769 7249 4978
3012 1803 3983
1970 2455 9307
5942 4024 6981
2604 5017 6275
978 7164 8500
851 9582 2189
8942 7312 2593
8868 7793 6574
8816 7619 1822
7750 6044 7848
9119 4970 6522
2740 4201 4180
7141 2401 7373
672 6184 8920
7130 3909 2935
63 4357 1438
522 2890 8880
3773 8290 4468
8508 9598 9119
8225 9741 4067
4338 7021 3712
2569 1337 4154
8377 2185 356
4141 1876 2155
2232 276 6852
6710 175 1396
9938 7644 3484
9155 5686 1643
6489 2575 7990
9870 9183 300
2671 1310 2436
4466 7069 5877
8507 4108 1354
2667 5153 10
6435 604 4991
4490 9370 790
1508 9775 7011
1208 4250 4222
9153 4371 4551
1362 7112 4039
7467 1925 8118
2621 6394 3448
9812 6451 3481
7748 7536 2706
848 6428 5886
1444 3110 4356
6308 3482 8541
1927 2402 5759
3450 6523 2487
871 9417 2319
5447 7747 122
7648 4150 8452
4269 7363 7151
5040 5474 523
4651 1833 8508
3107 5428 7952
7875 1170 5535
1077 5430 6034
1482 26 2729
6899 5012 7119
6644 5055 1294
7750 4108 6397
3366 4010 8703
9823 5334 4595
7326 7109 5605
3742 380 9749
1771 6663 7179
6609 3461 7433
3760 7148 3921
6802 5968 5
5613 5935 9003
4947 6722 104
4804 945 8111
9256 5777 1308
8088 6627 4732
446 6175 59
7179 6800 134
4003 7371 2522
7546 4916 9656
5491 9563 2041
2471 9175 7925
7013 3387 4590
4870 1380 9867
2350 4212 7238
2652 9832 7015
1505 5327 8925
1689 1407 2997
5516 9709 1752
8586 1858 7432
556 1839 1870
6983 8981 4586
7565 2765 2005
6479 1117 6124
1337 3774 8790
1283 2436 7729
5884 1987 7220
1755 3394 9597
2122 901 8251
7898 2837 2225
4376 7683 4258
7447 1336 4390
3149 2602 4902
8628 3300 7649
4590 4382 7455
2969 2906 3392
3547 8333 5036
9685 2160 7018
6684 9225 8390
895 7571 2192
415 6022 6830
9186 4206 1577
2208 6547 109
7857 1417 3507
5971 5475 5939
6426 7254 3229
9080 425 8725
6111 2419 4569
5032 5581 876
5951 5780 5702
3683 6192 1352
9596 5072 1454
9865 3948 6610
1094 204 9832
1961 5842 9310
3305 5434 3723
7274 9493 732
169 3791 2092
2797 5029 1356
333 2705 98
9209 8105 3639
5516 8804 5775
6162 2042 6584
4611 4375 470
9977 9785 3232
6390 2863 2325
8020 6248 2110
2990 5859 2623
4640 3188 9876
7770 2599 3447
1520 4602 4087
3328 5058 7299
9707 9662 7060
742 1767 562
2909 9834 2076
3475 58 8043
2018 4571 5697
9674 9446 2367
8162 7070 4848
8198 7412 7257
9777 2122 5763
9339 686 5988
9045 7809 9014
4209 3394 2443
656 8414 6587
5737 8378 6113
6884 1393 4334
8551 5711 1388
28 2487 4281
9635 276 6255
5396 1955 4076
8796 6536 6956
7040 4312 6824
690 7965 6807
1133 3735 3104
2012 4827 9717
223 7041 8791
8829 9774 3557
8774 6904 7532
6079 6162 1360
4517 3230 6990
6482 311 5840
3747 7984 5129
326 4225 9459
7141 519 7515
9185 3601 8458
1043 4787 446
9893 7721 4860
4883 1022 2333
1169 8169 5793
5900 6574 1673
4059 7542 7024
7340 571 9908
8763 7100 3346
1701 9723 9769
5211 9904 799
2437 8705 2022
2937 4947 5027
4644 5397 4331
9013 571 2445
1538 7515 8942
1157 6742 767
6240 4089 1099
1721 9104 364
9809 3410 6420
9300 7095 3355
7559 1270 2459
7619 291 9288
3779 7117 265
4421 9479 5790
9177 7323 5126
6292 3537 8004
279 2118 8571
485 3286 9642
7788 4444 6244
8602 6808 4548
5593 6426 7851
1444 5872 891
677 7029 2900
2909 5284 7742
6875 5326 4103
4914 3226 5978
3248 7290 6783
3359 9377 462
5193 1785 3498
5979 8873 2402
8819 7417 3516
7802 3248 951
8541 9889 3270
4872 5056 3555
5591 8667 2511
3317 8725 794
1272 3158 7644
679 5127 5588
5310 9625 6289
7422 4720 4842
5667 2277 2466
5876 4819 8831
5562 6290 7571
2149 4558 9849
6349 3468 1055
2256 1291 8748
5353 8378 6725
4168 6018 9508
2709 2324 5249
7173 70 2688
3208 3893 5554
2080 6393 6230
6289 7243 9420
3422 395 9486
5168 894 7799
8429 9247 3406
2613 6194 1307
6726 4789 6000
6616 2990 6552
9617 1958 5167
1837 5089 5110
6188 2865 3491
3961 3019 3043
383 2288 9148
3660 9066 7364
4952 8621 8204
3048 5144 443
8183 919 8990
1071 3434 9590
2846 1310 930
6105 9845 2242
5172 5668 5399
5425 3861 8023
7645 4232 6477
6667 4664 6418
1886 8866 4561
5771 6377 9896
9310 1901 8709
6139 8995 5396
9072 8315 2254
9847 6618 631
2671 9295 5048
1245 8595 1417
9200 1236 1875
129 191 8810
507 9418 3249
4883 4765 9854
1818 8942 6106
9389 3316 1140
6925 6236 7098
7439 7329 1070
3807 3296 329
5205 7033 2040
4636 8533 1845
6933 9239 8190
8201 174 5966
4766 9967 1152
837 5337 4678
747 2898 3821
9876 8905 5802
9280 6593 3686
669 2476 5900
3999 4028 3965
3593 3062 9097
4715 6281 6809
2313 5919 8831
174 83 5094
4588 3282 1361
1604 6602 3370
6248 9391 3192
8553 4224 8614
8325 932 2307
9659 8422 4960
3574 1182 27
4100 6854 5309
452 8826 8917
5130 7355 3857
1952 2869 9421
4407 7927 4698
4879 2644 8169
1578 1133 1828
1214 3827 4062
9371 7096 6408
639 803 8861
3844 2930 6242
9688 3126 794
3150 2413 8184
6294 4097 6401
6897 3774 8199
8316 3085 5170
3405 6278 681
6633 6816 7255
5709 1389 8935
540 3114 8417
1340 4646 5082
1303 697 8430
2327 8399 4635
7030 988 1780
9145 4723 7969
7395 4850 8140
973 5444 4665
9359 1687 273
3900 4096 399
7859 5649 6089
2952 2096 6888
7566 5218 2803
2255 8464 9336
2767 1946 7852
9273 8136 4670
1977 597 4041
9959 7119 4230
6226 374 3513
1260 6386 9772
1223 7456 7771
6980 4523 7855
5027 4270 5402
6594 6281 8458
249 7588 1332
8601 4730 1450
6697 6872 9388
7819 8211 4072
9800 9657 7089
9977 9019 8444
574 7853 912
5047 723 2831
5525 1497 2862
2333 1168 9134
1776 9370 944
486 928 3525
4356 5439 3853
1614 5390 569
230 357 2702
987 6478 1233
688 8947 5896
689 7430 5138
2893 3848 1530
2378 8759 2109
7946 3536 2598
9517 4064 829
1415 1817 34
5543 8429 651
3627 9449 4654
7760 9100 4602
8293 1773 1826
2484 868 3013
6065 1109 3848
9364 6784 587
8461 7993 7075
9386 4565 4810
1665 962 6514
9135 3185 9572
3930 2543 7339
4232 2090 5776
1293 1573 3330
4686 6796 6204
902 2031 49
7302 7527 9646
1028 3528 3005
708 5429 8759
4961 9523 4906
2249 186 3573
8281 6074 8294
6944 1829 3722
1541 1291 5320
6873 6037 5726
2463 6967 9492
6609 7590 2460
3228 2711 1180
310 5643 8714
7722 9199 1237
1694 2867 7599
569 7140 6848
8655 9623 8807
3871 6218 677
32 6191 6229
7241 2449 2428
1033 9900 8518
1250 7688 6802
7373 6635 593
8144 9967 5211
4493 565 2086
8920 6158 4753
9467 7768 1058
8668 8717 6583
2387 6764 7084
6449 6687 7980
7467 5601 1850
2883 2709 6589
8450 9644 4521
765 6465 5953
7592 5259 6338
6316 3301 9839
1142 1986 5167
5309 710 4992
7044 705 1258
2277 4292 301
4808 2833 2919
2555 5128 2061
4576 8291 4644
5347 6634 7311
4886 1012 5491
2002 5858 8997
7275 8322 4498
4673 8668 288
1935 8802 5070
5188 9122 1513
4985 2388 8844
9021 1705 6879
6802 4276 1213
6966 5497 2707
1766 1778 3672
3754 8423 4828
9246 1195 930
752 883 1503
3051 9 8498
2826 5149 5731
508 1112 922
8204 2329 6164
5030 8567 9907
4254 2845 2241
3567 9095 2862
3817 9236 3183
2781 6019 2679
845 9329 4139
4079 1109 3333
5970 5947 7513
5673 1141 1657
2793 896 9210
3016 1375 6078
484 6961 6163
5496 7908 8866
9866 6089 2813
2787 9829 3184
2091 5759 1699
7707 184 2870
2246 6238 8201
7642 8715 1415
6065 2711 7883
7103 7175 7642
459 5896 632
8072 8067 3505
1391 6810 5457
3569 2803 4864
1097 271 7179
5691 2359 7478
4647 312 2310
3132 5883 1855
4802 8001 2433
121 3435 4527
7017 3296 282
4984 1819 325
1310 7639 1423
6861 731 7771
9157 3518 5128
8047 3584 8858
7381 9825 8449
7575 1202 4988
8751 4031 3215
2303 6940 1492
9474 4477 7900
1503 6194 4587
243 8083 1119
8311 9044 4563
2142 8315 2761
5809 1066 6145
2739 4861 5445
9974 6445 2748
16 3427 7793
4860 1703 8355
2586 3922 2547
9887 7562 8882
510 5122 4598
5278 7069 5467
7048 2782 4660
669 7140 6401
5697 4508 9436
6825 7665 5162
5446 9286 1252
1519 9795 5001
2672 5534 7479
7516 2470 8851
4434 5114 7619
7027 7148 1771
4182 4750 2172
4266 369 3746
9829 8683 4595
9146 6478 5721
8665 6578 4635
306 1016 151
9847 4664 1706
6072 6154 8795
3802 7478 9017
1413 8382 4874
9311 5065 7987
2706 8169 795
5716 2772 3212
6620 6300 1267
1056 72 2350
4343 4765 4812
2002 2211 5
9086 9661 809
5824 9258 2910
4644 4918 7324
7328 1050 4373
6152 1129 8732
718 4858 8584
8553 9288 3458
4231 242 6809
7791 9152 2001
2446 8517 6150
4230 5568 7223
7239 8387 6412
2546 713 6824
5313 99 8005
4690 6847 5128
8436 7174 9253
7983 7151 9575
6351 2300 5786
8113 6250 4781
5296 1447 1916
30 2641 2958
9001 5864 978
3145 8894 1790
2693 5820 3814
1323 2454 7876
7848 7270 6373
8123 2114 2583
4134 5936 8097
6578 2135 2314
8709 3375 1575
7688 8950 5068
9677 4512 8670
5697 6035 7605
9906 6482 2774
2063 5499 91
9147 6285 4591
3920 1274 1770
4752 5242 6626
7037 2922 2835
8903 7342 4665
5231 6805 9435
1528 689 2902
3354 7891 1876
2729 4537 544
1418 2856 8549
1985 8417 7794
1037 6355 6052
8780 1889 7354
2382 3085 3508
3141 2989 9256
5585 7691 945
5685 5175 6303
3771 2170 2713
1010 2618 4775
8592 4980 3975
1217 6277 5631
8808 1545 7649
9729 7338 6294
884 6453 173
9664 5903 9917
7886 2448 8367
1368 4964 481
7657 4717 955
2621 3169 2223
7670 4860 7017
8053 1315 4142
3760 1440 533
6868 9641 231
6697 9990 5046
3071 4842 6091
9083 6782 7267
5720 7669 7548
4978 6957 3749
4202 2903 6624
4539 4489 7629
2966 381 1123
1016 6282 8294
7009 7193 9192
4799 9098 1809
1914 1885 6308
5448 8992 130
5550 5919 7458
3907 667 4074
1057 7299 2446
5980 6727 2721
4331 5008 9763
5225 9749 6837
5899 9315 595
5894 9210 299
3988 1643 2348
2704 1972 7211
8968 1793 2385
8439 8585 3911
7616 692 3312
7236 4219 5824
7861 2072 7356
1349 8289 9660
7825 7819 1555
7787 9727 586
6427 6707 1040
2856 4314 1787
9084 6069 6690
6495 7630 6696
1881 7640 5906
5364 2942 1461
3814 7513 9237
5711 6876 2537
2144 9490 4836
3447 5968 894
5364 4413 8161
911 9884 5010
6509 2187 8662
8092 5181 5758
2140 382 9854
6566 6297 946
1648 9757 5732
1653 8187 2420
7239 8612 7476
6464 9176 6954
699 9557 3496
626 577 7665
8888 4001 469
3115 3731 7864
249 9164 4662
9983 1054 5182
1324 5209 8626
6595 8349 2306
4353 4912 7939
2508 8662 4068
4444 6195 7029
3759 2785 3632
7369 821 3784
8678 1550 2656
6656 3756 9903
7298 3261 4237
9147 3035 487
9461 8596 9949
1681 491 7298
9561 4272 8970
6807 8721 8690
661 8212 1440
5868 2604 7441
7284 7538 1052
8351 6961 5347
8468 7607 7609
3457 5901 6979
6202 383 4788
2285 4578 473
8071 6899 6811
3550 1504 1059
7583 1612 2010
5300 582 7744
9008 5431 3015
4270 1226 9591
2894 9970 9677
1625 2618 1389
6640 3391 640
9770 9458 7977
3842 5802 4374
7831 301 9532
9381 1182 8646
3777 542 5068
668 3481 2944
1249 5047 4396
7833 9838 9734
5289 3875 7280
7283 6371 3844
1607 7170 5387
2299 5431 3257
163 3059 9316
6844 6165 1045
7888 5009 2555
5204 2576 7084
8932 1064 5160
3235 1955 5696
1580 2597 43
7592 4457 5626
460 2974 2862
7417 3127 3467
6777 5883 7598
4535 1800 8592
7496 7201 6977
9317 7896 8274
4243 93 9621
394 6839 7440
4020 6129 2021
3375 9143 9343
1717 8592 5320
2281 1153 7546
8090 7593 9967
9741 7221 136
6484 5259 4241
7095 2596 2337
703 2005 6256
6317 4355 7313
7877 5421 1949
6092 3916 2097
7543 5162 6036
1630 8163 5236
1340 8149 4286
1148 1868 2106
243 472 5937
1230 3307 9691
710 460 1794
9529 4301 7129
9815 5913 816
7785 2411 9672
4110 31 2473
2974 1086 5586
1988 4892 1442
320 4104 6857
5824 4102 6476
3459 9429 1758
5764 3139 1228
1669 3221 9155
9825 3152 6160
6617 3809 8425
1096 5027 5339
3951 5999 4572
1108 2698 2073
3857 2715 3878
6152 4557 8898
2138 736 9432
5161 2914 8345
