1000
1233 8821 6103
742 1063 1139
330 7343 1052
2330 2775 8081
9765 5910 6953
6308 4703 5795
3765 4306 6180
6038 2204 1177
3549 5778 1314
8694 698 9688
1308 9541 9098
2786 1870 4660
6261 7520 2998
4916 4908 4598
7232 4146 2186
1946 9707 9711
1040 6511 7456
7098 3 148
916 6605 1191
4317 2493 8922
5401 4295 4081
6059 8894 1838
6116 2467 5013
7400 9933 1524
3772 8724 3769
2626 9001 5337
5137 4307 7184
1979 3981 225
7984 5891 7248
8135 8249 2255
6491 8733 5836
6295 3907 3911
4250 2223 7905
584 4063 688
2541 9169 3027
712 6355 9484
9475 8586 1185
3674 6681 9970
6203 1409 1885
983 5969 1753
8186 5379 6473
4051 4546 9167
6312 5091 8193
6176 3144 8610
3456 2989 2926
8946 6627 6824
6201 3366 3252
1371 672 4193
2222 5025 776
9722 5193 653
471 6451 5763
7649 78 3776
2991 557 8052
8781 9590 8041
8460 3465 976
3904 3822 8726
1960 702 7681
4195 4934 4610
956 7014 6438
641 6743 9455
944 714 1046
7373 3851 9659
8017 8777 1656
6099 474 400
2864 1996 1461
8993 7907 7185
9695 7624 346
8085 2287 7656
9935 8474 9225
8655 7929 6513
9761 9266 7459
7344 1282 2493
1933 2236 952
5081 2563 4410
4396 75 4952
1949 6537 8986
1168 1945 4241
1617 8822 9562
5065 4997 4897
8263 9829 4847
5757 2303 8954
4036 9328 1287
3288 4882 3296
7170 5909 1508
7229 7888 726
9630 5533 1916
1798 6617 433
7359 2628 4239
526 4010 3787
4024 3712 1810
4758 6761 185
3169 3681 6367
2191 7076 5064
3761 6541 6691
839 1142 6567
8135 2829 7852
5619 4698 2369
4991 2524 433
4895 1853 4539
1796 6378 1088
6827 4153 4143
6144 7411 5138
3711 1454 9828
7852 3309 1979
5850 5996 805
5320 1408 1166
1452 7772 6169
5625 5388 9677
5717 4642 8805
2518 8732 2744
5059 2519 2094
5634 6740 4845
1616 9048 868
7191 3602 5974
7483 9796 3887
8831 5278 2870
3555 1914 511
704 4803 8109
724 4561 2052
2542 9819 9949
1790 8579 3502
5926 5666 140
4151 1235 931
5517 3665 7248
5645 591 8420
5671 1733 3162
7598 4804 5541
1310 339 816
9849 2627 4724
293 1187 9151
8280 5203 4732
5958 1735 7011
6090 260 7543
4244 8356 5890
8511 8255 9059
3867 4189 6611
7494 4889 173
3202 8027 5235
827 1582 2485
1540 5567 7940
7170 9308 5898
2500 9245 9390
6142 9232 6250
6293 9378 2062
5015 6072 4932
3836 159 4979
7218 7279 7787
4968 8840 2805
4653 7365 8226
8814 8709 173
7441 5752 1916
1756 5245 1911
3000 5543 9416
2585 1836 2226
318 3494 2874
8655 531 8970
4734 7689 3738
104 4462 1956
7970 9466 9717
4762 6850 4473
6761 2374 5600
9871 7519 4726
690 4315 1227
8955 326 246
5834 2675 6744
2003 6165 5258
62 2918 9916
2635 9108 2044
2935 4397 4374
7257 4724 8616
3824 8881 3874
6253 9523 8158
5346 9906 2093
6553 8757 5894
2134 3727 1193
3383 6621 7792
4127 2769 6332
5953 1521 4224
3946 6452 7010
3069 6855 6957
1296 5334 9749
7511 2084 4667
6475 1033 4336
6833 9013 5023
7439 6037 4394
2813 8944 8837
4551 2803 9824
5775 6703 4000
3039 4854 1110
9404 1818 5852
4076 1606 2486
1672 3415 6618
6960 1089 5547
680 6001 722
7475 8582 7388
4141 5529 7572
7736 9889 8915
9518 241 3832
5560 5722 6445
8801 7905 6679
9314 8269 7502
9290 4011 5584
5723 4658 5193
1217 9713 5149
383 1463 5226
1140 623 2658
3676 8440 8841
3209 6460 2880
1147 1869 1940
3622 7978 8427
2479 2360 5155
4723 2142 236
878 7391 8775
150 1289 9391
5221 93 2498
5813 5615 5952
466 8230 7967
330 2067 6967
169 1867 542
8783 5082 617
7229 6036 9054
1393 7774 5937
1210 17 5040
4067 1319 2131
1525 4132 1599
7041 7675 7067
5262 8143 9342
7208 3240 1062
9462 8654 7278
2313 4555 9961
3341 9339 8949
2346 1992 6957
9011 1326 4415
9458 5174 6299
5523 6661 6662
6017 3877 5563
7764 8114 1639
9193 1252 7155
2858 4158 1115
4151 3164 6339
4294 2140 7499
6471 1726 3622
4790 7756 578
126 9692 7572
4999 1654 6768
5849 9201 5309
3782 2658 3514
420 9248 6623
5566 6358 2705
5372 3333 6706
3871 872 7260
7268 7097 949
2691 6394 3542
4494 6272 5956
3429 8515 388
3978 4040 3747
9612 7776 4569
7408 7233 617
6790 5690 4981
8071 7193 5662
458 309 2241
7292 1681 4845
7675 7747 8488
5819 7740 1099
7964 3379 2711
5858 2749 9658
25 7818 5109
8219 780 372
8211 283 7876
5128 3284 6327
6850 1756 4666
4286 4212 9901
9698 1934 1921
9370 4035 1595
3927 4608 4395
4299 3563 4821
6715 4296 622
1398 4022 2448
1877 8946 90
382 2679 1433
7624 4491 6956
5424 2314 7000
2957 2354 5376
5203 4705 672
7528 7677 2179
7837 4613 7850
676 1052 4379
4169 8007 1721
9363 47 3906
5974 4992 8530
7052 9178 9394
7518 2032 9700
3407 4119 6990
6593 1302 4040
2054 7786 5261
1307 2329 3549
6972 7688 9574
8542 5199 6633
9806 7047 1977
3944 6990 6046
3711 4889 5966
5022 5892 2594
6505 2296 2296
6349 3842 2843
7992 69 5953
5077 796 1871
1129 9738 1155
4472 1145 2112
7427 8988 147
4937 3941 3497
8909 1421 6856
2639 2803 9177
9677 8727 4788
5167 82 1757
4782 2723 6242
9340 5892 9359
1197 1121 7595
8696 2860 6311
8331 7368 8001
2975 638 228
4078 5866 7313
9153 7987 1892
792 1295 2409
7699 7232 8880
3168 1384 9159
1302 8118 3380
858 4455 6171
6916 4048 2496
9229 9426 9575
4557 5650 1645
6805 1748 1729
7780 6414 9266
2035 7588 2965
9812 3771 3879
505 5985 8701
7168 8938 8565
9817 1989 7915
9912 3679 6499
2055 8763 7892
4862 2781 8866
3041 8177 9216
1447 7783 829
3799 9720 7869
2656 1975 3402
4235 3568 6312
220 9641 9958
5366 9065 1141
3810 7506 1338
9390 7141 1909
5529 7432 103
4612 6957 6667
7340 1137 6671
5616 6630 2957
1236 317 8044
1755 9798 5335
468 9526 9179
3667 6480 6959
8031 1269 3596
8201 5558 149
944 8259 7041
3235 2401 5448
2437 888 3656
5940 2087 7552
839 692 8602
1986 3549 1895
4166 5750 8739
9671 7941 4514
8871 9840 3281
4063 4921 9833
9148 9883 2710
2261 656 9792
2008 4409 1184
9730 9859 3561
2496 1687 3086
6820 8744 968
8157 9422 5531
7840 6994 4317
5633 53 77
9626 6643 1457
6816 7244 6822
1838 4574 125
5928 9494 8504
5877 5381 6557
6718 1448 9129
4653 1558 5762
3666 9764 9170
8245 583 4992
5964 2648 2870
4633 4919 8420
3515 687 2367
6001 1791 6892
5603 4095 7785
6578 694 7520
4830 7916 9528
1164 6144 499
3444 570 8179
2573 846 4146
5487 3416 4881
4518 5819 7122
2749 1152 4105
8794 6249 3354
3032 3018 562
2422 1196 4071
9159 2896 1516
701 7038 820
5382 7555 5668
5507 8114 3515
1795 1269 5694
7653 8830 2516
9474 4075 9840
7032 8679 40
3392 9306 4809
9853 4386 5096
1358 9424 4316
3852 6128 1841
5416 8270 5163
1392 9644 3060
3601 4090 5135
8698 3420 1422
6736 183 7516
3182 7952 4769
6084 4314 5867
7136 358 2875
6000 3296 6442
820 8446 8820
7640 3753 5972
2095 3502 4682
6464 1695 266
4219 6215 3390
6547 8890 2850
9463 8836 8807
3976 5991 6479
6376 6925 5919
9457 7154 7981
121 3074 5873
4618 1715 6670
1731 8032 6939
928 2643 2222
7587 3931 3830
5605 790 2764
3970 9504 253
8017 5253 1571
8240 4090 4210
7866 5154 395
2525 8153 6738
8384 1233 3355
2215 6519 2262
3992 7979 9332
3823 2989 213
6708 2272 9436
7766 2557 9571
1869 1721 7961
500 7479 7657
366 6923 4835
6193 6788 4393
4502 8735 5697
7084 6810 3951
3929 7928 5927
2181 1252 8274
6604 8407 4605
4282 6931 3184
9673 2969 89
8157 2536 2520
3018 1505 8472
108 7368 8224
589 5057 6005
816 3431 6810
6042 5805 4039
1721 219 3704
5741 1750 3988
181 2470 2654
7188 2838 9327
9007 6348 6402
8510 3148 3270
2145 8467 5367
3212 4730 3800
1608 7052 3685
9917 1260 9105
3109 6886 3503
3576 8280 8958
5029 4335 4173
9842 2906 3388
7265 3031 6402
3322 7392 8563
5598 2138 7326
9556 7931 3488
5408 8366 7517
9819 3011 4630
9580 8171 3784
6661 720 1456
7570 7040 508
2906 9573 9826
9550 2729 6099
4967 7949 5551
2177 4759 155
349 3824 4176
7965 6439 7950
7417 1984 9514
4460 1797 3536
8340 3756 1887
3525 9071 3398
1167 1332 6951
1047 8686 4938
6079 396 2780
9654 7434 10000
3030 1675 7843
2119 9586 5097
6682 5723 2108
6159 2101 4928
8283 2870 1199
3373 125 7163
483 8421 393
989 2575 1136
4679 9656 8234
4386 6954 6827
6508 1415 8675
1522 762 1311
9115 2790 8298
4909 333 4830
5967 5953 1412
7782 7434 9829
5630 9706 3890
5309 5554 4206
2612 2797 1450
4658 6528 7268
9474 2770 7695
9421 8984 6634
9754 5529 9281
334 1397 2954
2867 6321 14
3252 8001 9573
1061 1006 4434
6481 7958 8966
9476 3441 2516
5203 9334 3791
5021 2171 4236
7545 1497 9826
7377 3792 6647
178 9746 4072
2156 9552 1858
3378 5189 5473
6299 7873 9291
6965 8118 4305
859 28 9419
872 2098 8422
4259 8543 4867
5881 5320 1257
726 1317 5311
3338 2629 1849
7266 8407 819
5167 5551 4176
4674 8244 2173
9536 5221 3032
1029 760 4088
7814 6800 8132
822 8220 9418
7984 4067 8940
3686 4872 5096
1095 1613 880
5406 5690 3565
8325 7054 6702
1336 2553 4194
5133 2275 4093
9445 9486 553
2910 3798 5448
7820 6849 7551
1095 2616 179
7079 6939 9563
1091 7478 5955
4113 4903 8576
3467 1715 8397
619 4459 5983
11 6817 7302
7224 4088 3627
8811 7304 2293
5456 5579 4490
2990 8562 5898
4947 8224 8256
1187 4979 1188
335 5854 7990
33 4429 1357
9311 8394 8912
9363 2638 7583
8350 466 3879
8465 4476 257
5378 5862 7949
8283 5360 8172
8520 2120 190
3766 3716 6215
5805 3720 4008
5411 1196 8766
4697 8657 8768
3700 9617 249
9737 1671 4567
616 3592 2578
5599 773 3308
773 8481 6716
7755 9936 5150
4238 4932 7455
3851 9089 2401
8173 9501 8798
9052 4682 116
7662 4883 2477
1791 4235 2416
157 8093 8781
3643 8396 2986
1776 7033 5279
9061 8869 2005
6508 4387 8413
4684 944 5937
9205 3911 456
3345 4410 535
2170 6854 7256
972 4813 7287
1466 3648 1964
2486 4616 2372
5407 8587 2649
5648 2924 4840
5794 6236 9667
3498 3216 8827
9985 8484 2740
5018 576 2181
2056 4423 7862
96 5703 1492
6679 5261 2161
6586 169 7553
5674 7311 9678
2819 1488 2155
5228 9702 3540
1883 4194 3121
4038 2531 3149
2988 4574 4585
4694 7654 439
9591 8002 500
4388 3881 9879
7746 9127 7064
3804 6500 9805
483 8697 5913
1172 3573 377
7794 3159 6696
53 2333 608
5898 3805 4874
5874 4897 4843
3633 8112 2425
726 9617 8743
8129 2994 6963
7740 6745 7855
1420 4244 1220
7065 5832 1827
2968 4696 8478
3161 9386 350
3640 1712 6993
1757 6989 9735
9264 6951 7507
3881 1030 6353
3145 2946 1059
1502 3072 8905
9712 1622 7200
4493 5507 539
9238 9953 7065
6827 3537 4009
10 3774 7774
1175 8222 6958
6845 8376 2898
4178 1135 8318
3844 2504 9531
8179 1851 9374
9492 6166 4833
2999 3877 9726
4235 2444 9580
6978 6270 8225
3391 8457 2044
4681 2723 1672
2370 9366 403
7245 3391 8775
8284 9680 8303
623 4657 6280
6726 953 6652
7531 6776 492
6172 8898 626
6346 4501 8215
3750 8205 8283
8027 792 9177
6078 7246 2605
6890 8170 497
5225 4801 8379
6778 2637 8856
8684 4554 9949
9732 2634 9839
5571 2042 9685
6712 4362 4721
7111 8110 9687
6367 5517 4325
5096 7758 5085
2098 3131 3955
1353 3868 1741
6082 6234 8802
943 2900 1344
721 5175 803
956 8017 1182
9679 3303 3192
8716 8312 2410
1294 1808 374
1217 4025 2021
4966 9512 3859
9476 2979 4800
8359 9242 3200
6269 1342 6072
6261 7716 2936
8651 4955 1631
4734 2262 2674
1007 2809 4333
8654 2050 6618
109 2730 9436
9292 9864 2078
7910 497 1527
333 87 1232
8180 7226 5478
9911 5323 5219
2786 1822 2482
5609 3391 3201
5001 4895 391
4921 8770 9864
1745 4217 2392
8953 3938 9183
7902 5126 6935
1114 6059 2990
8378 6652 3550
6645 5827 7914
1581 4095 2365
6971 5952 240
188 4839 7485
6346 5804 4620
4971 7026 4671
876 4215 9258
3178 1212 1408
8799 2366 9715
9305 2703 1109
6567 1755 5558
8421 5804 6663
6103 1666 9248
9409 3011 1386
4885 4625 6199
9016 707 1688
7105 9745 6421
1031 1907 7411
2937 9194 7951
143 3875 6228
2722 1269 5563
6204 2993 6677
8568 6430 9595
2708 4169 3872
7548 3983 3598
4261 9524 6716
9342 4165 190
8588 6000 5731
9789 2175 4314
4124 1512 3021
3770 7743 5924
4583 4370 5419
7947 8436 381
7800 9916 6787
9865 3825 1939
2993 5536 5073
6010 167 8932
9722 7298 3716
6109 334 5443
607 6912 6028
3450 3199 692
87 6160 4964
3099 5126 1113
5555 840 9849
3508 585 1176
9801 8444 6168
3348 4730 135
8879 4978 3471
3440 3949 4233
8255 7450 549
8266 7565 6453
5152 9217 785
913 8484 9325
7665 1520 1302
1704 7593 2884
9857 5876 3240
1587 2324 206
332 3361 4614
1065 9575 3056
1839 7196 3721
3705 8039 2104
8568 4061 3049
9808 2828 1966
6043 6601 6192
4168 1477 6841
4354 9650 5078
696 8924 2112
3795 9724 806
2001 1469 7496
6833 757 7586
186 9923 9606
2332 5544 6738
3989 2374 5842
7075 3269 2898
4545 5809 1984
2700 266 9466
2062 3405 7980
6154 489 9763
6924 8188 5037
8780 7218 574
2697 4378 5060
7050 8137 4616
5979 8002 1946
4282 3279 8138
4196 8721 4510
809 1569 930
8082 3767 8658
1548 4517 5312
1244 3101 1284
554 9067 6846
5206 3668 4854
407 4092 3803
7597 771 132
5226 5896 340
5879 9159 2839
9819 7225 2020
6317 5319 6894
2468 5501 1894
4276 8197 8348
5554 7532 1636
3866 5833 4838
6028 9234 939
829 2714 1906
6634 1376 5300
3111 7749 4037
1286 7082 1709
5508 5890 7999
181 598 6980
7449 3600 421
6713 6833 5366
634 6136 6597
7060 8536 4538
9248 725 3944
3689 7289 7579
3287 6227 6449
3986 6261 2776
1940 3290 2523
3968 3751 4184
4416 2437 9804
6647 3498 5839
5188 1760 8281
9580 5401 42
49 5219 9389
8626 1644 4432
7216 7090 7801
3315 3951 277
626 2022 7162
3541 1136 2560
3922 7104 2024
6372 5464 7013
1542 8898 6292
8575 8719 4857
3844 5745 8281
5553 875 5745
3235 8938 1696
3898 237 7786
5034 2161 6940
2358 2917 2741
5979 3936 9515
5911 3520 3935
946 298 8536
1111 8869 2024
1084 1896 7881
7987 1832 820
1152 2925 2107
9804 522 3091
5352 7073 3749
7712 2599 5829
1101 6794 8961
1142 7008 7469
9207 7236 3670
7394 2210 4834
4816 5495 3022
2388 8646 4701
5247 1418 9160
804 6827 3554
4913 3636 9626
3624 9617 6405
637 5007 6390
7122 9590 6652
6134 1425 7499
5835 5150 5511
9534 117 8211
929 4212 7673
8793 394 1062
2802 3064 7811
8679 214 4768
3602 7870 7879
9996 3413 342
7222 5563 2759
1348 1199 4840
888 5397 4897
1557 1166 2795
581 5490 5484
6531 1909 9395
5328 1489 1766
9340 1817 4059
6218 8603 777
4959 2268 5773
3577 6643 2117
4757 5070 9785
7689 4456 7654
9363 6095 6183
5939 9252 4870
3308 1845 6554
9357 850 5395
9908 9038 839
8233 9036 2397
6874 9878 7840
7363 1010 8011
7698 4497 7113
7988 4031 2759
793 9560 7522
6895 2260 9989
5050 1905 8865
9467 8127 6885
163 4253 960
9789 8144 1602
8849 8732 9327
4295 7401 5437
8397 8447 7776
577 5071 1276
9644 109 8419
2822 6290 4575
6946 5309 829
9235 7448 834
9717 7862 9550
2283 9226 9959
9585 429 1523
5626 3386 8219
2873 5747 3234
3412 3397 6314
9873 9407 4069
5535 7178 8110
5547 2636 4916
3974 8808 7652
5522 3027 7827
2399 2052 1185
2747 4995 682
293 5682 8602
6547 2895 4761
8010 859 8712
6164 2676 2384
4697 3760 643
4112 1762 8396
397 1169 8882
8157 8911 5738
2129 6048 1148
7328 4304 2957
9707 2817 3001
9579 8178 2887
8444 7875 1998
2541 2500 9628
2411 2937 856
274 8867 3421
4709 9527 9031
583 3949 3653
2400 2955 9310
2652 7725 9870
7466 8499 2388
2304 5489 9343
6096 7706 9893
7726 5973 2635
9281 9709 2257
254 6759 4149
9434 1905 9819
4089 5681 7991
7094 8484 1196
953 872 3987
444 1180 2831
4765 8418 7898
1260 6816 2693
6308 1338 7071
6121 5644 8300
7655 9164 7156
6021 465 3351
6798 6258 9011
2907 3741 4613
1620 4859 5685
7082 1037 72
8653 6812 2808
1350 1754 1945
8724 6758 5125
29 2263 2084
976 5321 7019
9537 4969 9811
7616 6752 7745
512 3544 3444
4924 2283 696
800 2486 2834
4911 1432 1630
2142 4606 7418
