1000
3293 6095
3955 1151
5200 8954
1327 2657
5796 8807
9599 6172
7031 1692
3697 5955
6533 7775
2377 207
189 9087
4791 3531
1899 5475
171 9160
96 3333
5069 2512
5111 7310
2626 1781
5568 2248
7687 8505
8084 2059
4639 2731
1282 5221
1088 8145
5495 8797
5126 7319
8085 5545
4768 1096
6888 5928
7824 9004
4496 9400
8707 7608
9494 7762
4335 5266
5381 6216
9724 8849
9579 3663
3716 4719
6090 1430
792 3636
8598 4723
3826 6581
9412 9910
8505 2663
8073 6932
1718 5745
6346 4329
8417 2864
9881 7995
2973 4083
8579 1377
31 4213
7541 8865
6065 5047
8191 1736
8331 6280
7720 6970
5985 8873
6219 1339
794 2559
540 1242
9577 3123
8918 330
7004 8232
6700 6748
8626 8450
7552 2795
2757 473
4665 7038
8433 8826
8272 1216
3682 2917
1923 2314
8541 7195
4258 517
1619 7243
1635 3244
4818 728
1087 9529
3560 672
4944 4435
7997 9705
1066 9726
6835 9102
7300 4090
1668 9637
1016 4754
8423 3603
8114 6000
2480 246
7286 3437
8013 4696
1085 9043
9336 9569
227 8445
8785 2049
1413 7317
9522 2866
6879 983
8501 8830
5011 9307
9234 8395
2175 6368
962 3547
2945 6304
7897 2948
7652 3366
5520 9195
2014 6222
302 2142
8775 9273
2720 7885
8280 3235
7705 3169
529 1987
7546 2617
3631 525
2567 5698
3199 7984
9549 4095
3695 3079
9112 8221
8197 1012
1193 4299
5117 7093
7633 7524
2489 4742
2822 110
4499 2635
9192 8256
447 4171
1320 6744
5841 2275
7953 7095
2214 8978
3300 1133
860 6432
687 7602
869 2395
3611 7494
2271 7000
5050 9017
9521 1484
9877 5696
1523 9417
3845 7637
8979 5485
8833 7599
7969 2474
2781 1166
8388 1966
9157 2077
4720 2755
4429 7681
7206 9385
5779 5887
777 4838
7089 2823
5436 5075
3464 1262
1196 2567
2034 6336
8391 6073
1752 565
3153 5409
662 5881
1824 1904
1092 4404
1183 1411
5043 1939
2310 169
8048 2463
3725 4675
6095 3960
6483 1255
2319 3625
9145 7207
4978 1348
3835 3862
9838 7351
8581 3041
8729 8530
3476 1829
5456 4462
4694 9415
9397 5889
4271 9285
3749 5458
7858 6907
3131 3906
9123 7277
7739 4233
2882 2085
8140 6280
128 2592
138 6662
1093 6462
4894 2421
3632 8014
4855 713
7782 319
9157 579
9589 9021
8831 8777
6653 4714
4034 3071
4913 651
7412 7239
2557 8465
7555 5323
1102 5513
1099 7722
9176 5589
6857 2521
870 6547
6080 8268
1275 5060
7980 2924
4263 248
375 4358
6598 3481
7687 1303
9308 4422
6439 5509
8169 5493
3578 2422
1229 4039
8456 1189
2667 8062
1931 273
4706 5641
7627 934
2368 1418
5538 6039
1822 950
2462 7002
1800 4143
419 9378
918 2725
5655 8693
9532 2908
7535 2725
4165 1672
6044 8008
652 1021
4443 6360
3752 9970
5882 8390
9232 9984
3431 8588
946 3934
3302 7081
1200 2520
8884 839
5185 8433
8453 1329
7850 1954
7104 8352
2619 9767
2340 6397
2705 129
1254 1726
4796 7072
3581 9855
2705 1519
5185 1657
1219 5212
5287 7366
8015 5541
8099 6285
3217 1962
7318 2822
6209 3967
1841 5072
8964 1687
8468 8224
6240 2391
2226 2969
6052 9726
1241 3197
4249 210
1963 5176
9462 343
1526 8321
6965 5829
4393 6479
8672 9720
5303 144
6061 1811
5599 114
7139 7226
462 3919
3885 3862
4053 4035
1436 3154
7885 1769
141 9149
308 6164
5115 536
299 4547
7963 8621
7720 3603
4086 997
7263 3158
1687 3268
6537 7530
3701 1681
708 7081
3136 985
2530 8939
7721 2326
8649 4786
1013 9571
8802 334
4909 6179
8938 865
4088 9915
3706 2
4964 2669
9833 4134
6382 2838
4683 321
2308 2839
9188 9927
569 4708
7380 6069
8361 5160
3094 8363
3779 6972
1499 1559
706 1817
8251 9375
2565 2175
5272 4660
8122 356
2978 7112
2438 3215
5883 3764
5353 2533
6815 686
76 1753
3254 6418
6387 1613
8834 2282
7186 3802
6654 7964
6488 126
181 933
9626 4838
1222 8744
9311 658
9109 6491
6547 7475
5503 144
5621 8416
9094 8725
3002 2692
4679 4952
8559 3825
9532 8249
4071 6242
4197 4132
1954 8315
9962 648
9874 5260
7233 1318
8716 1354
3941 3658
1991 7654
134 8390
2903 8510
3986 5586
3645 4406
9182 6448
7305 1986
5322 5765
3252 1118
2999 8732
6084 6942
981 9900
1317 7534
2740 3469
6339 7716
8057 137
694 3194
1447 738
8075 7372
1572 7709
9425 637
3125 4387
9602 4471
5315 5040
8947 6300
7961 2513
5780 1091
7742 1084
8819 1509
9001 1546
2113 8200
8850 5968
1666 4499
838 5487
7936 4715
6657 2341
6026 3687
5307 7537
4879 4993
2107 4610
7826 7074
9683 3193
5997 6118
2125 4592
7854 8645
8098 7727
2746 5066
6507 7320
592 5349
4207 1693
323 6062
1772 414
1414 2371
543 202
7288 2637
1957 9675
6068 4990
3445 4032
7289 6948
5576 4854
5359 2211
6905 7442
9946 1469
4924 7057
4746 3593
5309 6201
2520 6582
5888 526
5023 4070
3327 2071
3063 1246
4511 4904
5202 3856
9931 9750
4422 7934
4774 5061
7047 351
2322 6862
485 173
4292 851
5281 2115
1218 5022
6042 6576
9281 3893
9524 9563
3302 1650
8085 1607
9428 3463
5566 3193
3664 6839
8276 5104
3644 8462
5374 5444
8774 4974
4957 8978
6969 3860
847 8585
6344 7494
5027 4335
803 5184
5234 903
2228 9291
6443 2491
3378 228
3776 246
7290 7873
8 3942
8767 2446
5119 9518
4411 4512
8691 3649
3688 5493
5238 9852
5954 4442
1871 3656
4628 6348
9792 3754
4549 1432
6449 116
9549 2035
7154 3589
8014 4896
2257 8522
7818 3077
6577 1128
9430 496
8902 7005
3629 2760
2724 3541
4791 3152
6010 5087
1204 9018
7168 906
4405 488
1795 4890
462 1503
4639 5769
1345 180
3481 314
5830 4184
6478 5012
3479 4444
9388 4229
6935 4609
2068 7051
1589 4918
6423 7797
9349 3860
5257 4050
1153 2733
8235 7786
4115 7963
6825 6177
7148 137
511 296
1489 4788
1213 4236
4856 9085
6583 6821
4987 4405
4800 5832
7511 9822
4651 4759
1633 1323
4464 6477
166 3400
623 8458
5261 8081
1384 3652
8132 6402
1221 5113
9063 3356
6673 5471
5685 126
9387 8224
1935 6631
2397 156
7373 3936
5277 64
8980 9516
3226 4466
1763 1200
8395 3566
1640 9237
9367 5262
5329 2447
6134 6870
173 7446
8076 3653
129 5300
9239 7869
2053 3172
2977 127
7332 4243
2208 5768
3380 2975
8989 9544
4773 6323
1416 9960
9101 9130
8618 5257
6362 3843
4342 9273
5880 687
1711 4868
2382 5425
8039 186
3387 3684
5108 3342
5173 6841
6138 8538
4043 61
9311 995
5057 2012
3480 1609
4404 8286
4444 2093
101 4897
4658 6533
379 6454
9720 8498
2320 3785
2126 5219
7037 5775
4209 4182
6359 7728
8968 7796
5536 838
8104 3953
6600 4828
7670 3604
4487 1501
7196 8735
2589 8828
494 7003
8538 6898
6309 8940
3327 4333
6425 3279
7518 958
9232 7833
4052 8870
2456 9364
1368 235
6583 447
7167 3462
3695 1956
6200 8221
1499 222
1703 9692
8494 8341
1150 1721
9386 7038
3662 9561
4637 6721
9715 3819
1271 8250
4319 6636
990 5196
6605 847
4162 1130
833 9744
6929 4455
9276 2521
4514 5436
7218 141
8818 7635
1912 4327
7090 4046
969 4842
6924 7915
6918 8242
2313 7659
3510 9456
2920 9695
8023 5165
6333 849
1599 4768
2757 3496
4356 5684
8107 1274
8554 2699
3180 2628
879 6580
9216 8927
3283 1072
9840 7527
7947 656
8449 1393
5446 3658
1343 3459
5570 3479
4685 1044
6421 3198
3443 164
585 6074
7667 2575
8060 7866
7674 1109
8236 8305
4760 3712
4280 8262
6236 9138
134 8391
8305 5773
1736 8257
6121 3821
2767 4929
7951 5623
1576 1801
754 2238
3137 477
2200 7953
7960 1890
9067 3740
2063 9972
4270 2758
3443 3708
4462 3757
1295 219
505 5387
277 3889
1203 6165
6130 7648
8585 3465
7628 9122
2378 2478
2693 6668
2245 9568
4012 3762
520 9272
7091 4802
5727 3533
5750 4299
9298 5090
4994 8673
2168 9975
6484 7078
4878 2496
4499 2100
688 7587
284 8330
678 1249
7598 3005
2081 9096
9827 4802
8738 5115
3825 1999
1311 2494
2525 9833
9472 5228
2825 8549
976 9927
5650 6816
7363 6512
1429 5551
6746 9368
452 7817
6964 3958
3173 5840
7833 7510
2893 8445
5029 886
5784 3653
9885 688
4070 7496
8115 5726
6633 1825
9714 5550
1879 8969
7878 6189
8542 8820
698 708
7544 3262
9703 6350
6438 173
8579 7268
471 9921
572 8893
3192 1385
7506 4797
203 7346
1565 1328
1157 1970
6341 3204
165 2733
436 4892
7809 4058
1899 2926
3636 7504
4182 8959
1162 6164
380 1525
1434 4381
8955 7332
9274 4897
594 4925
4065 7641
6783 1117
8823 9509
8934 6527
7703 3285
8036 8456
8211 7432
8240 5540
3712 3360
1644 2132
5219 3056
7398 6080
849 1955
501 5166
9298 4525
8179 1396
7399 457
3884 2648
9381 117
6704 6832
4995 7415
9854 7453
4816 4589
7899 433
696 6742
1440 6550
5483 8215
243 7117
3157 8829
6457 9661
8825 2129
8102 7443
2391 2006
3639 4148
4121 4886
2273 6768
9750 1037
609 347
9218 9439
2752 9679
3569 1645
1271 8658
6592 9960
3045 2362
1496 9112
7015 8409
3912 4476
8739 9526
9732 346
4919 3842
2237 509
5206 6191
7666 9412
4728 613
5296 1510
8320 1416
7456 2903
7090 5001
9651 4462
5235 7217
8317 89
2844 9139
2993 2940
2624 7826
8205 3542
4382 5829
5261 7762
3556 5671
34 5533
3333 913
9416 4856
8232 1564
3913 6653
5298 9596
7358 4551
3109 2660
2187 9382
5174 280
5569 6081
2120 8391
3629 3765
2633 3929
5364 4316
1277 6378
4564 1562
8886 6270
9838 7741
2418 4206
1809 8340
2795 2789
279 3538
58 5093
7183 3894
7997 2355
7832 5934
8984 5390
5948 4196
3773 1465
5480 1305
8340 4886
8024 311
2933 4872
8048 7278
3400 8864
7364 3346
4555 6634
982 5033
3893 3181
3084 4250
9638 4429
1126 4832
9144 8900
9616 7734
1028 4562
4125 5132
9864 3092
3443 5221
434 6102
4980 8582
6706 208
9963 6572
3499 5539
4556 7530
8700 6355
9076 1686
3616 1804
952 469
801 1621
1892 829
9250 1697
3595 7888
1280 38
2711 5584
3818 6399
6296 8499
3280 6753
7004 724
4451 7255
7317 4644
9053 7606
5522 2425
514 9521
3356 4132
3452 2170
713 4523
4416 3645
1171 3848
2152 6856
1500 6026
4674 1933
140 6036
1483 1167
200 904
1597 5498
3867 2648
3850 7286
8178 4322
5552 9594
707 5539
8156 4121
562 9763
983 5124
7084 5000
2546 8548
5981 7169
2246 1336
9180 9474
7823 527
1650 7598
3135 1743
2588 438
6564 4196
4862 3331
3945 4540
7169 8094
2362 730
5557 3168
5350 1761
1267 4562
8162 6682
1894 6165
8835 979
1336 3370
3545 569
4121 770
1045 1626
2532 8878
8067 1211
5605 7713
5363 2020
4981 1257
7257 6131
5768 269
7485 2816
921 7601
1485 2066
3300 9718
9649 7351
4257 1133
7219 7025
6533 3871
1154 1839
4181 1714
3277 6927
597 1557
3644 6259
670 5573
3455 1382
6247 3010
1497 2253
7939 6842
4491 8486
9851 8663
7520 1322
6076 6825
2596 6219
3903 9165
2366 7500
4342 524
242 7735
2586 415
2961 5506
8463 5211
1607 9785
5653 9004
7807 5645
2103 29
8919 7568
7383 4345
4178 1948
4228 7715
9283 1804
2941 4286
1527 3946
676 3420
