11140
29356
57795
88357
42098
84085
84620
14689
9610
28111
20362
1761
23690
82670
64522
8178
44115
18640
43410
30835
6402
34794
5025
68067
44557
98402
27107
18740
16625
73777
61418
41666
66564
6801
45937
93518
42363
547
63469
14367
38732
40989
82039
57738
42167
14366
85694
51435
38103
69388
78576
75914
10660
98835
37213
88046
47848
33330
3689
76318
94620
43927
15097
43865
24660
66129
310
35027
32487
98196
98782
36228
62028
44878
63819
90925
8421
67897
52126
73307
29694
54620
72153
82720
12115
83736
43746
28807
3618
29298
34625
61648
92016
46172
17769
49962
19677
28652
65980
13281
48849
39472
26857
48649
42105
70404
49482
45905
83630
46805
7139
11887
21267
66054
36537
9051
80154
78004
67289
82127
1726
17806
45137
6484
88535
23168
64522
66734
98500
4614
1171
16886
72056
68888
90452
79265
26323
26708
34848
69467
56226
61327
72760
88791
58370
14025
59892
88370
23250
11505
7078
51062
33149
74491
93742
37132
52609
17824
2895
66807
41032
69892
93770
6676
93241
36943
75896
29572
87333
59363
74982
13389
32872
509
41321
64897
43387
21540
498
73859
99098
14336
53023
64146
96709
19308
16960
96447
80993
51560
58411
30644
5662
67009
54969
49801
11978
94868
94645
74937
53782
71382
80420
33306
70189
46252
73347
60267
39742
64341
35626
5321
80405
74154
66310
76449
11497
70291
30110
88610
25611
87318
60220
32908
91847
82890
48912
11994
39529
84382
10346
8141
56352
35500
72574
57426
96156
50754
88382
20713
41670
25700
38645
65169
15536
33511
52565
80772
90216
28172
62888
75431
89811
8950
46417
2087
96463
1656
93359
85730
34595
44431
67248
57477
60357
3935
48860
44352
68245
67885
53095
19757
26328
86682
82122
3698
21239
48863
54716
377
8708
50899
60269
2613
66729
60656
1110
14925
36095
66348
55678
99634
59234
3437
60523
5406
19781
96053
8931
95139
33495
33577
29491
58723
87853
56957
82042
90976
51616
61360
49255
55699
12481
44513
62403
64392
45691
19730
18356
22833
98494
776
35109
58157
72269
29042
39018
48734
94144
84609
90804
77174
11140
89427
93867
92897
44114
6175
93881
68457
37224
31887
61400
59369
47324
67733
40651
42532
19430
76820
39429
89465
34607
61943
1288
26335
23547
92212
95872
85684
13537
15005
25540
46648
96053
37418
53043
35397
69699
37434
79979
5406
35941
32057
36179
57363
42731
31130
82612
59078
64231
36201
49466
92645
25883
31502
31983
31278
59153
58404
98402
49605
21568
46607
62842
3919
96577
9617
28825
37076
31717
77791
66177
61627
47970
50653
33012
40777
95543
98113
26770
30051
43133
83593
79396
49167
76493
72328
42670
88787
10077
19402
46143
28219
33116
34203
20162
49869
57315
2994
15665
65257
17400
73598
86872
73771
85728
78866
12822
12826
15936
13062
92948
37825
86258
44641
6651
94404
41571
92559
13121
15628
22013
17232
23272
6959
29082
42942
39159
26372
87527
26711
56886
637
28424
76641
86541
80473
78583
18439
79304
18402
31255
5378
43783
44731
2271
77935
78558
38348
68617
23483
40491
61113
93519
72835
29576
97418
24915
43250
17835
50588
27773
31269
26442
23070
67662
38590
44000
68362
91023
66732
69285
91911
2033
5125
78256
41279
89114
87603
2323
62213
53919
90363
33774
1249
82783
64431
10319
94930
52802
1774
42318
32551
89728
58805
97463
60528
52342
89538
35684
89628
922
97275
60338
54729
43873
27099
18130
88442
37474
13364
57313
84447
20196
15091
77629
70037
66826
59844
53572
11203
21844
47241
77731
96449
14058
54888
86765
75405
95840
25992
61343
30981
18551
74039
39760
49302
22023
47633
70785
66128
67390
27931
82999
26884
69861
98417
88102
19321
32088
62849
30725
82411
92970
402
12498
28367
44312
28516
95793
32626
77050
49667
47465
30630
29047
58001
54114
10829
50871
39468
166
60086
63256
82987
86399
10704
94031
59716
57541
10812
20118
10100
40429
88916
53187
74135
40120
94069
73431
54563
19531
24417
17170
54186
52456
53117
4180
55334
51592
85973
2974
64915
63170
59699
4402
63896
45135
76872
91234
14098
23123
14837
10255
93638
95759
39857
81969
57660
4783
25554
33492
19971
56876
49327
93150
19261
58987
86013
5821
84373
76762
67528
66488
40839
81786
86437
54837
63754
34143
16450
54658
25815
13753
57975
54886
47496
1392
58506
22071
56261
1996
36854
42271
47274
71729
68756
48227
26192
58918
77805
41945
99392
41316
76383
49464
5796
4487
20802
85566
10962
90157
94642
37409
19024
37875
93248
24038
40657
6934
25218
19463
51223
63992
98846
79043
25158
25454
1615
25919
10165
21012
95582
69634
49279
4391
37420
20899
80802
7447
99363
68867
25571
67808
26399
59019
3710
31343
34463
28721
88959
52295
62130
68666
95258
67036
21857
98921
2883
79945
8995
886
61014
46621
46512
37693
63394
15050
98409
39699
45452
9122
79125
43096
60657
71012
37893
53573
30340
43073
47540
70914
53075
48971
41491
12039
98691
73296
59053
24114
46965
10476
16726
54980
81838
96924
58931
57389
719
55559
60632
25017
27603
60445
22854
57070
60538
31452
52672
10332
85663
65154
95760
31090
46864
47341
36936
82728
1718
51756
63254
77580
89994
57721
26411
34652
35822
52290
68888
2871
49283
42881
44685
54527
27986
81780
16285
46125
50424
709
85410
90713
24963
79729
18897
98196
83680
15186
96658
14632
79782
25043
84676
42998
97463
98654
55854
47646
79084
2325
25173
8505
91160
58361
70629
49670
37061
16589
34223
82673
92705
82104
69547
39234
14343
19420
97353
26760
1642
42756
42532
33821
73853
57625
80097
29978
89018
2756
84734
7296
92074
79861
76597
10407
30832
2493
1803
22972
9116
3439
93521
68737
82760
22214
62532
28360
72613
55428
11752
5601
65158
73965
77697
98326
14805
33088
63603
79229
17107
83131
68533
13637
54934
74247
41208
16475
22382
93925
48336
40222
62727
74859
50408
38302
74875
48264
96841
89521
27023
58482
5819
49073
66049
78255
57839
27440
70165
11003
14627
12289
296
23747
35748
72392
28565
89220
99535
53008
25206
23326
5800
62859
68961
7731
87064
44551
98514
51608
56517
90138
37267
58158
70626
28323
43790
87376
8192
5054
25622
19125
2345
54539
8654
73514
98475
23440
58230
93708
12354
21152
8564
8972
90354
70958
87381
10677
66282
42343
74807
68755
25965
49316
41695
93418
60619
6250
74190
84260
246
37413
15978
64845
33426
69440
93287
58774
77405
71254
6747
3314
20546
18336
38729
61289
80436
27438
10724
51411
75285
36990
46240
19342
37360
88553
63170
52274
49707
77348
26067
82841
69705
78178
36177
45729
89539
51282
50991
31049
4780
15565
18081
99837
85735
91006
55724
45571
9855
25770
3932
51457
6495
17175
22194
8682
50989
14281
38824
52041
75114
86062
52313
21518
47385
51438
54685
40527
77772
54907
88221
87622
87450
8326
74422
71516
49836
32486
42086
26628
5653
23148
28786
43937
1223
58881
84643
39459
72701
64773
99009
26494
90443
57151
83714
56192
40487
10601
31099
91445
58969
62243
97058
30731
85379
42798
12897
77690
60824
28287
71987
54845
5960
18737
87913
6351
99426
41816
78159
31611
24605
89863
6631
35798
33160
13510
66610
16623
13074
4783
42754
90033
36753
90585
32829
73004
26848
73927
30943
73323
80774
29583
69560
68396
44504
56148
40770
77770
25657
28801
66691
5997
22267
11861
30839
72683
13799
31462
94215
96056
1493
50237
2631
28176
67192
37034
59773
75641
12967
96298
24630
53111
86599
84304
26899
14366
455
92797
36642
73030
16664
19276
29292
96275
94890
16029
40540
74072
78120
13669
33352
61784
49886
59256
7362
2888
62696
95365
22048
94971
76954
69901
80401
28372
93611
9494
52780
41819
81700
49581
54273
93932
81542
33558
84792
73248
11135
4647
41344
19129
22877
36000
42046
24097
10623
29071
80460
48997
36701
49616
84685
26999
40430
56677
50729
80135
13652
99734
13943
39360
38404
40286
24068
19391
12255
76024
34990
44792
83628
77335
93515
5940
47216
70746
3757
76713
98092
89495
83302
82869
85067
99026
29964
98351
97212
5764
88503
69640
59970
8737
51381
34328
490
53988
67342
68613
13546
67377
32224
80225
47328
6323
28651
57547
80795
96448
16736
44931
37534
87218
6993
6344
69497
31610
58102
74646
65264
86408
10884
43523
98713
70490
70801
34336
75069
6333
16022
44099
37026
23419
7124
2820
81902
5430
53132
62692
95699
60523
67927
49956
37829
72758
9149
31958
98061
53443
23843
66552
99431
79115
20266
34649
50939
84662
66055
76763
63684
40865
83553
7021
46288
12783
3734
69917
10814
80333
28325
26008
53953
28770
86530
45990
78456
98483
94732
36769
19979
24542
71795
89273
97910
14814
25360
69402
97992
85876
99229
62871
21443
5587
84894
24172
56858
38189
10638
66453
87883
46412
50452
39260
62970
1133
99365
34176
33065
17634
61836
12684
92154
69753
97936
2851
47143
11120
75544
97982
99592
42316
73086
16756
85761
1061
53811
86438
70668
74906
77737
24418
74855
86167
95053
16385
99375
20419
49723
45735
69332
55559
74503
22563
96724
41602
46206
80469
73909
55440
21164
38343
33367
1101
31917
95102
58352
60658
48164
5889
34421
21419
98224
93842
47919
46655
48400
39950
73929
48904
50175
72632
70277
44929
42973
7868
99836
44841
8591
14443
88959
88160
35018
41212
54226
39564
9756
12056
31826
51024
9398
21605
51848
69548
84092
5590
36581
74749
37333
7983
5393
28546
60241
5550
19705
36640
73178
81000
31057
55666
31123
94674
52255
31911
59371
9542
79626
67714
57610
15447
63113
48623
87953
87475
99387
35246
84027
61363
85080
7460
65423
52788
11821
53373
83518
72210
56818
55845
72593
92753
77132
35192
80321
27291
88915
41773
30506
87359
34192
1413
76679
30427
15047
1959
86525
51681
55932
86286
95794
14429
6334
47717
65948
96857
46042
9893
7641
10089
62720
42534
74035
39477
27542
18452
74796
28255
21797
20033
9456
73943
73336
3035
72019
96505
61707
50068
48678
18398
1360
52210
71784
4986
40138
29990
49520
63046
39282
66955
97635
60203
43351
94154
13399
4262
25130
47745
40428
16655
70436
84486
79729
52298
82657
12666
74526
59845
14236
87590
20359
20441
13221
33688
79892
59398
46758
80040
44228
54018
86822
63649
42233
9876
11019
90517
68000
2230
14332
35004
51255
70724
969
63001
85949
60644
8727
49490
362
79952
41453
16805
53470
68160
22119
29095
12109
61841
60195
2205
89941
23090
30102
72546
63900
97657
16136
50692
10357
3041
33161
22725
89851
57756
17992
69493
37486
29117
74523
98276
94957
90412
45172
1307
94267
33467
94736
75505
67790
94550
3227
53736
10976
13535
7043
46365
73465
49436
43926
41378
85948
80031
34798
96746
41260
30027
23971
65620
52808
31808
52751
54560
38965
52821
90824
11845
82794
61775
81819
96024
7971
73177
6589
96060
99550
65342
99420
60376
32792
27686
20981
66657
67319
83824
1073
44696
93292
31071
76404
15390
17989
93508
71589
73543
97427
83767
49338
34235
83248
50844
29851
93703
38443
57490
8043
64597
24759
43184
72179
34508
85115
48118
13898
27298
66245
12981
12759
56870
4529
76722
60334
1987
39548
11878
35941
98842
24003
43798
56434
25831
60370
64569
90657
86631
9498
15930
10182
38624
59845
54262
12395
55986
75573
98333
26071
96350
42169
26686
8157
8389
99030
93409
82332
94725
36798
70888
979
12477
69305
86741
83936
9722
30782
2437
23984
33919
22536
25753
36333
26936
36588
78199
67599
36436
87063
29363
82236
81325
93566
67061
70308
96750
83970
10557
19817
99136
83265
17877
50135
99274
9973
54528
79597
96611
78659
81082
83798
55726
23364
53090
7393
18889
57968
26259
95692
84203
85430
28395
54802
44970
17434
94071
54113
52876
47318
40708
99433
98400
7584
23828
27037
17187
25941
11672
45337
52261
16713
74550
84323
55545
75873
96091
69427
26142
50428
27430
7091
65462
51624
39641
50031
64429
67358
43836
65718
83517
20284
13167
60675
41181
22525
21106
7221
86695
45885
54968
42878
38180
69642
67631
68474
45999
47817
4972
93651
62252
64116
87230
20769
4565
64235
47549
44720
47919
33826
73936
83026
79769
66146
84610
64582
83396
86833
47425
93258
7489
36889
40450
65787
70323
1196
93689
58108
11149
39877
44006
88787
22418
55577
245
5482
28979
79755
35597
52091
4848
76019
97128
97360
24456
76411
2135
48062
51756
64101
47474
78891
74028
34491
85782
55908
92041
66807
59998
29041
20357
55039
57865
68340
12029
68621
7948
76475
60297
33860
54983
20185
58029
13755
56414
24521
35563
77291
14583
30994
66789
96299
45568
84960
22494
40373
63301
74838
88772
28257
58731
89109
87676
3391
63851
97513
29136
8727
83186
42223
7135
50530
48556
41983
41296
57392
93717
64130
80914
34663
71460
49419
49316
44150
87843
62429
33937
83824
6094
74307
70448
94883
30938
65558
61153
98306
97044
97889
78286
43122
43721
88614
60829
82198
40958
57173
89621
78212
765
96903
41084
66333
71246
93589
31687
39667
5066
83509
35241
71396
56556
91722
21000
53047
82015
44186
21352
40928
81259
78354
77770
70288
32920
85740
13035
66317
35954
78270
64713
74887
82436
64378
60051
79537
368
42148
17453
51739
20183
65494
9726
19560
55878
18297
3557
54382
62522
78015
70797
3355
86330
69882
24855
26697
20947
82872
90685
6489
19803
30898
86575
25160
29299
68388
9961
17001
41959
88901
14864
884
56195
37047
50540
80598
1094
11357
25653
6029
53584
83770
48053
22373
77478
62357
72581
18293
64018
26453
39937
25078
72643
4962
77419
73292
83416
68700
23739
28602
88100
11860
75279
67154
19046
27265
2916
35839
59633
9009
4400
59365
89674
19866
82271
81643
10600
29356
19974
45088
92179
41936
35977
20208
73328
85118
39560
62556
77201
92335
73458
61231
84557
83961
31572
93529
81209
52731
15887
80662
49928
48078
93961
44817
85607
18687
63140
16133
68867
6988
45683
23226
49299
40776
26999
87596
77061
56176
34552
46927
70452
31171
47830
90120
77558
89559
34813
81901
49489
89666
93983
83944
54039
22293
513
48430
10311
57335
53162
37036
81855
17741
35363
42021
89033
38815
4692
67815
90366
61376
49175
39264
17247
12379
46275
42925
39325
31435
40295
65712
45315
92480
82224
37632
94695
21410
85032
56588
92946
41255
79271
35101
61002
64438
32470
96812
87719
80117
42889
44956
59607
35236
59346
43347
37973
89101
55906
41076
86706
79619
83755
11441
35302
3018
1676
45551
54070
84785
47416
69625
35094
72117
61585
76804
36334
88181
82143
57593
15679
976
84862
76632
41079
43912
62726
2812
86680
38076
18664
24468
86016
35567
36510
95301
31708
94630
40668
60458
38709
82524
59087
39300
23336
598
7938
66699
55711
78196
42984
77689
84739
44209
66499
43909
61186
51508
38811
6107
42610
62166
89191
80877
88528
73606
19
95643
91432
64614
74734
43438
92242
98428
78458
65821
14220
12678
74752
41047
94851
89510
51984
72722
89877
28387
94103
28943
76520
39917
25966
48815
18423
58724
4682
15828
10870
14988
64202
8769
33333
1791
81388
53690
25275
61508
26037
45851
23612
49401
9129
41561
8471
19025
67661
52068
97763
34164
35592
26060
26435
86801
97671
72523
40899
80121
13829
67895
72571
89882
62906
68679
71358
30051
89560
98211
37720
51858
45208
99680
45571
99990
92124
26314
30400
27312
93400
36205
98739
75715
79791
91765
75032
31265
31718
81725
42538
57829
79307
65218
5881
64577
51498
68124
99074
59739
85952
70736
10890
69795
43358
40998
63654
89627
96374
5328
13337
89745
85951
80842
64622
39613
78220
18941
5624
8290
17416
4275
40638
94917
44226
73797
91642
62700
85383
29478
81518
64033
15361
43976
55519
71681
73984
76881
7433
88193
88751
64438
93636
64890
63560
87705
21071
21409
54091
98497
18113
10584
35261
93286
81481
41101
8983
41707
89984
66712
18950
78858
1641
47587
51768
52080
3688
55518
13643
26158
91322
34422
13749
90352
72938
49141
12233
32673
76817
67970
35581
98138
24601
69726
90120
74301
24805
48993
99876
17123
77946
10387
55626
21488
84785
61632
84166
57086
83167
42347
24825
60134
47814
41139
31861
26043
13215
63016
18607
63655
6980
19618
81961
93577
57583
55965
64005
12182
49122
1308
51192
32806
14553
54551
74616
48142
52977
45930
39488
87446
3034
17281
97435
70909
36298
5448
17200
21683
54952
1173
6250
53683
22792
96711
81590
11116
85086
59918
71185
1326
7685
98403
86472
79249
41004
54344
79977
91248
88420
43030
53129
81412
75282
43933
40497
522
8786
80754
90157
16779
98900
87442
20085
56029
38353
52952
35119
83355
31318
8410
25549
81475
12045
93480
38889
85937
33970
35883
37810
12242
9882
86651
31837
18979
58022
6714
22980
20133
43270
43237
40047
80653
96875
20943
63536
81581
50896
17362
27806
17982
63742
34489
10266
49214
91990
83849
68548
16782
196
14376
89880
96499
52803
28774
1781
16640
86398
97845
97263
89602
55120
97528
60893
34053
58417
56545
67398
25168
72095
45337
11448
48861
2178
30871
48520
17412
71495
18238
87301
62981
29592
43898
51187
53661
60379
23044
75464
91230
63660
45205
41279
29698
69694
94065
33044
11976
83543
41730
57802
23383
86290
80396
22628
89027
42454
7050
21992
76903
60475
33753
66740
5451
4291
80591
17445
38401
66071
63371
48745
1756
94617
64627
44270
85814
38368
1162
57602
69739
91498
69246
76343
29049
11583
58774
58333
83663
37635
23266
37180
47446
27662
88896
48399
78430
28491
50691
98459
20442
57025
21693
25276
30325
92706
98088
69337
73435
40209
60455
13650
35914
54852
70121
15745
38500
958
41834
89320
19651
48974
66899
33679
7612
46298
62830
47309
60662
3387
69400
25327
24820
62799
96772
75679
85602
50042
58628
43446
50368
91117
71610
93126
29562
44034
65658
94151
48684
82263
42262
81561
64079
28680
48715
86690
81120
20507
51207
14794
20649
70017
57101
43137
2695
4978
49261
44543
54872
63441
23810
89241
89935
58909
95359
90080
42614
84967
83409
12766
68005
82621
38586
74229
51312
35729
85242
21401
2461
24961
52787
9378
74328
32152
9083
48542
247
80753
74314
88600
93643
87812
97554
17635
13043
23896
59131
3982
87183
13170
64200
46475
92556
19806
99913
32032
13224
11339
40104
93366
2906
91217
79743
96888
59627
35256
33133
27698
44962
30118
58254
24584
20017
92294
91928
2792
39525
6467
98065
99859
53811
8273
65643
67536
18485
44326
6061
96188
1736
73821
71721
88863
31043
61036
47981
41881
55415
91305
15071
64876
47103
75451
99043
64059
17715
32282
38609
60635
40933
61532
45339
16677
22209
91297
68373
74809
11462
55902
84143
19184
43297
86919
70513
53278
34817
62888
85500
53954
94976
82490
2442
9067
99470
37847
83461
65868
83435
75714
55120
25709
58059
72881
89126
2213
98576
59559
94579
84566
99051
38760
64750
73507
63138
63810
24628
37761
55003
13095
67270
74352
15278
53042
59060
79568
71544
14224
49484
93767
7040
75305
33207
36154
41167
26151
58146
19265
17011
47044
35647
36751
75045
34895
62634
50205
77619
82547
5787
45427
99400
77048
18455
39180
82128
58224
87156
67368
56770
92882
92731
16064
5140
9388
90741
48518
93391
46715
49442
41417
48790
19368
1962
8806
65770
46736
92767
18487
64713
31025
76076
33883
43242
5627
47267
5285
62855
85695
11833
31018
24433
70513
56986
53723
12402
68065
90261
50651
90224
90624
63966
68448
52209
83106
1728
3125
2153
40613
98453
63117
57447
17870
50692
46782
67142
90268
65488
82053
1623
99705
64396
31669
91214
39853
73676
66106
77079
24243
35450
91707
74234
17905
88792
70066
62515
45025
5586
98553
63627
20369
65787
30796
74572
80508
63351
7857
84945
84438
34100
17532
80386
98244
63889
60155
66728
85789
30762
14451
82220
11106
8574
2985
76162
27546
32739
82856
37925
29298
82065
31881
79194
38185
97024
35427
18605
18762
10264
85812
78763
58308
28152
3830
39141
40049
56880
97334
86058
95929
99430
99950
77841
40197
1183
87766
81371
69638
7617
43040
25768
48126
8139
31910
20226
52397
92907
39178
95854
14314
48107
90081
63862
85997
23467
96095
14736
67472
87941
1488
80798
65492
37884
13203
76931
73882
4610
38527
47747
29069
42017
35522
90694
50198
88301
56794
35389
69772
78376
98457
12879
4555
22018
79540
37934
6103
51890
2621
30439
92306
68163
48563
16205
21156
37905
57698
21504
19466
52544
47127
95063
1496
2054
94999
19196
10273
99686
86299
1082
17705
18669
38365
27774
56304
34505
31280
31079
78860
97477
41359
83302
38768
87677
98214
48614
52098
26915
29005
90616
3893
18241
47521
3290
85915
22524
69992
50655
82450
58101
89649
46296
67318
71875
31599
40696
17653
96009
85105
21000
33439
95296
13390
38083
49678
31663
54065
64999
83100
76768
59464
28899
69170
54557
9888
19437
16958
64889
6905
90866
76040
18152
27743
69333
72842
85195
72785
83563
52202
26320
51203
85617
16578
3474
23241
6984
39154
78069
7074
94175
15255
47564
17450
95051
73597
52192
46125
31392
34224
32322
11744
78201
89788
68227
38447
44964
71418
54025
46704
72389
35536
18213
56709
63506
95246
10575
67205
32156
28523
21964
55540
49358
49945
99015
24045
73850
58651
42807
49377
79409
8981
79936
72622
44349
23106
24264
62531
9632
85919
54932
47855
54574
91545
41563
44881
85026
93539
77656
76103
75184
92975
1610
83825
8699
23864
58448
86671
92844
38485
38685
95480
55428
69170
45183
20515
9156
90223
47596
74426
86947
74606
68882
37773
70945
31003
65020
50762
8798
37790
57074
10755
96849
3521
7030
19426
30485
86280
58094
47281
23129
18949
10412
26607
65122
86341
8220
30695
76027
87801
36121
42671
20069
30399
93007
43565
98117
61924
90965
9195
8056
77491
4560
5326
45590
85362
26801
27592
56079
88523
91022
38228
49690
40726
21177
45809
14951
8608
91549
83777
52795
43865
67363
1630
39436
41390
32684
60089
65076
65321
37138
43067
62350
428
70502
28459
46720
50544
73366
50499
61381
76308
8621
89130
39400
71585
31074
5967
21305
81102
54972
93345
17190
47058
82431
33008
75064
85852
58229
72688
52644
84102
66074
25798
29079
55522
10407
74736
39912
92855
7839
59836
70241
7178
90831
89984
85293
69086
40033
83397
91223
76995
52027
77216
37927
74038
17137
59467
11729
55522
79368
38301
59994
6689
93489
53584
40423
90701
53279
58061
29553
31388
46166
74431
75169
45221
1210
38305
37190
67954
96772
40605
48016
37514
51453
41444
75318
22294
49682
20740
40371
8306
25562
40106
78809
34079
59623
87152
72665
36922
19300
90877
48921
47071
8184
43191
82466
24026
21800
13472
51813
71752
33059
19549
44745
92849
98270
16777
59851
34819
80371
58938
35036
2691
50676
58382
90975
30316
96645
69548
65970
19554
59620
28176
93024
4041
55222
73967
40951
69836
53837
45513
37627
61388
73641
44180
94408
43167
6672
71391
52359
276
75879
55254
96063
56532
30792
50278
16366
72918
78019
97954
93573
97016
32060
15834
14959
59419
89030
51250
3600
83059
22284
79663
60563
42162
97750
42895
24989
91257
63352
30742
66811
16944
74486
29765
86951
55798
50780
99847
70792
29770
91297
96706
24141
59477
43492
26646
11992
72353
61051
15232
15945
93124
18561
64839
24728
94178
69287
97786
71305
40033
47340
30510
43206
42389
24025
90280
11136
24336
35890
78460
45248
80636
69809
58580
43100
69946
18179
63349
71378
17618
23904
43241
47777
59948
34670
99708
23464
38560
74172
51820
2690
7585
54141
57622
3945
18675
48809
72647
6105
41415
85083
12929
83011
23342
80814
95225
54528
47659
81565
7748
33049
66161
32659
12001
99610
94011
98570
96825
98365
43767
17524
1075
1511
91666
52972
73104
65596
67397
82593
21532
45732
50394
99038
46380
11962
30115
37196
58849
24930
27271
63771
72464
49127
23247
19340
28126
10767
34772
39260
50649
8410
95703
17317
365
50793
31010
23927
74028
54702
94409
84393
5620
37300
83471
23493
20197
75711
43853
71204
66314
74478
99239
30970
32456
96278
25971
90377
15749
76889
92989
75962
71483
3197
28668
93268
48554
11477
80271
89067
29870
46829
29247
31692
66169
25694
67506
83668
64291
26404
90211
79007
59554
61681
95482
57237
23268
90307
52939
56670
98318
41522
99973
86122
61204
72543
12479
54002
8800
21048
42750
5726
31478
3000
58693
65924
19721
97290
81686
73282
48676
45150
44413
30414
22606
61372
92103
86380
32874
17916
11571
63972
33382
48338
45713
56381
50183
11578
36622
29955
56650
32008
82222
37089
83172
46252
17055
50036
72069
17321
85073
85049
29023
50376
77349
10311
33380
2545
59465
52133
30178
99326
12331
43562
15127
50281
41753
83972
89301
4002
22971
66038
58614
23829
38627
92009
99872
23121
41878
22425
33945
97096
58744
78358
93645
23539
21373
95947
8061
15081
73361
85383
54692
62243
74746
58313
84350
44413
4540
71936
16328
24653
41881
65282
55595
77186
13298
98745
19873
45787
13479
56936
34982
30196
83158
66226
31701
42524
27063
42533
31921
51882
55807
22822
84758
39049
60613
83777
51001
96264
92002
16398
17363
23236
40726
39293
52450
16149
90231
2557
7869
76763
32008
57416
2588
86622
69409
18844
47395
32689
68649
14856
9457
47738
41212
48240
6943
70555
71799
71752
71785
54257
7914
80672
92175
11529
50190
29113
58516
99318
70577
27365
16371
90850
42877
60467
8034
25236
22569
77288
60861
83464
9884
35885
28475
97755
63289
7523
63011
70952
6162
59748
16812
30944
83685
68886
79366
37667
56884
62511
32203
18410
58641
56712
39849
32582
73705
30446
48953
68766
2515
96300
74767
51179
31585
30310
74229
35884
4907
57150
64037
61959
52123
61659
45695
62155
12265
49143
62923
30243
4500
16851
11749
55486
35227
13292
57139
46850
93542
38186
71349
39221
80143
66625
10625
42321
68820
70880
33625
19346
29179
42268
82794
10687
94904
54728
85711
62102
17984
83363
41299
59101
91158
89516
2610
15164
82267
55789
79483
79379
73462
54116
76105
8837
31761
9922
37306
43403
44108
91667
69142
10902
43122
49209
60852
74595
87707
49787
48436
31995
46168
44047
71733
88377
96274
34827
68064
53383
82543
80952
76415
23218
53807
50125
82569
1981
31871
16811
72484
51564
70873
89172
87624
71166
82688
68435
22882
37733
894
78946
82771
48781
58445
58982
18108
46773
11744
68022
84083
98560
64877
72809
77977
17492
55390
50020
83889
49239
46906
32124
28296
34223
7689
28074
72117
17632
99652
13670
1409
51279
12962
88742
34407
24677
36808
11464
48849
15188
85816
38068
59166
53906
60204
33362
26614
3900
12134
39581
74309
96326
51408
6576
74651
68994
88352
81538
1837
6352
61216
16171
19065
28215
59965
3579
74117
74946
13553
76559
39414
3522
74008
53142
32625
44959
80595
36277
32647
67486
65911
46655
5378
27265
22077
54273
61963
25976
82541
8986
27681
38305
46920
96300
81805
90668
42994
82124
41022
92370
33794
53126
62809
29076
65003
5156
4332
47716
42402
87864
86949
81965
16683
75322
68075
60470
84272
10223
28182
41421
75100
98806
28208
30100
27284
93927
58412
85521
81497
23960
51282
25243
85082
59797
70607
61185
67681
86275
76160
88502
67821
20670
1944
59108
82021
82793
57546
13620
39465
1590
8546
56767
26618
29166
82346
19641
66628
42167
15673
50750
77128
41296
62449
26184
96317
61465
68767
76622
53795
96085
14547
43869
35582
5498
45895
20383
67715
9489
47753
66802
40635
80341
11739
25340
21848
1606
6796
81937
95355
63977
42197
9298
38973
38526
9305
18037
31033
75258
13357
89703
49496
97180
28738
90265
49051
55947
82440
95733
5949
85264
58299
69256
5077
94424
71549
52617
83434
99458
78326
75497
2373
57489
37352
36765
85206
94977
51606
32916
87097
45430
21512
700
76588
54461
12966
55021
51228
73034
88266
42964
48802
61456
48845
84779
63476
5018
97562
53193
36892
36509
61358
54934
18923
7987
28861
74970
43135
17540
98436
94972
65817
90557
56504
43450
40396
3311
95703
15658
4987
64626
90560
63566
60710
69951
64737
23758
22394
3237
91616
25281
64767
13951
64934
84636
91553
89232
51596
42428
63947
77522
17635
67149
70060
71023
75077
11235
38230
20115
34687
96959
34222
37616
61067
39515
36614
69272
15847
87125
2550
24988
18222
99702
52289
23209
45360
59007
77124
16733
89335
68220
73623
86383
72418
8869
7514
40793
19588
31160
5547
73374
64256
69971
10036
66899
55995
63582
43562
48794
99756
58533
2956
3695
80190
68380
38288
92114
97944
82965
85004
32329
32392
32878
1246
15262
4965
93475
44329
31722
19027
76061
36980
93063
25858
42360
90656
86041
80734
32609
54356
56771
72390
46344
75924
17197
2255
93525
23020
93658
56281
93383
83655
24575
12255
66928
32479
53042
40330
82274
81155
11421
23767
67363
35421
76735
75441
59835
15613
72361
72273
95312
26614
2332
74350
60566
99373
26842
41689
49701
61683
71786
76819
83969
88477
88735
14366
76354
17904
17663
72309
89677
4634
88761
69549
98748
44174
1197
95477
87505
87888
82363
87130
58696
60159
12588
95431
17484
65028
39103
50349
25835
75600
91045
17371
4528
91887
66832
23832
46047
84938
6445
60993
31898
48767
95798
31186
61827
13789
41934
99604
13705
21482
74790
83138
68303
2325
68600
42367
98080
51061
89218
72323
68714
799
18720
14776
10285
10847
2057
96004
59277
47979
60876
60643
25918
24612
76573
53343
37225
95638
98993
51613
74823
78177
58850
99149
48028
91791
75553
32518
40709
3043
82255
99112
93825
97694
71033
11016
44433
48006
26571
89688
82328
31480
91743
53749
34295
17751
81171
44620
57625
8817
72533
30347
4528
23604
1714
33966
86041
84628
63819
35523
95247
97597
58036
68183
77887
67953
19734
72379
16187
74805
85999
73190
47553
95903
28282
20184
59276
53545
69222
27265
50994
42344
46531
35563
70751
80280
26388
43296
63024
85810
95716
66404
13788
25759
14936
69339
40844
77757
12565
81286
5691
50506
63255
38180
68997
4098
18186
93025
59302
80645
32213
81149
37335
94076
61157
91637
45170
66430
62332
32129
37382
87449
73116
37535
76881
32545
88791
39943
66089
19937
30237
34551
6251
3859
25042
28143
46748
80028
72452
96704
68620
89302
58590
92211
45782
17527
79392
88089
31846
60067
90563
51295
98665
98504
15608
67688
20304
2593
88662
32808
73837
92400
82377
36062
4301
68898
53102
6621
34712
27049
78484
72776
92649
44829
167
73735
81260
29417
70783
67981
97655
91892
82441
51439
79083
68384
78666
25142
26741
70952
42556
3987
81001
87900
65007
74704
57777
36119
93496
63224
62840
13608
69767
57368
31222
93148
57731
86757
7366
8310
71313
67040
62731
17320
9092
82203
79905
47078
20320
57308
66753
97000
90418
61756
16037
54151
71967
8630
28582
28172
54665
51519
66835
33743
58537
92892
72525
92603
87100
60670
41938
56646
94555
41244
73750
76835
30861
65963
69538
6656
62229
40446
18399
49089
29282
54743
85916
363
66460
96860
41193
98881
39105
35227
12811
6517
92913
83735
3001
79444
73869
83810
60863
68471
98772
92405
28144
8456
95933
60469
68205
22512
88115
85768
59982
68436
311
43958
98395
41318
66520
34658
39510
42793
42839
46867
54960
43261
20842
19153
37692
85433
2427
77065
21415
23203
62700
91847
28815
58390
73745
24645
87075
42373
28315
8188
64346
89182
34722
90466
50393
53393
16697
81252
65092
65372
52650
25528
157
83205
427
26218
24472
51086
73189
73569
77605
26473
40139
64829
67770
6870
62532
57089
90840
91797
71568
86661
32188
59123
91657
71464
92774
70971
42866
67579
64725
4175
46380
99793
94745
12923
66414
48467
86117
99983
10052
50434
19946
78968
53192
25436
64091
93254
3510
70514
48717
76547
79362
96974
34836
86000
82699
26434
48046
51160
9595
69306
15742
10314
36327
89149
50413
88082
86182
60648
49691
98284
15488
25591
45130
80115
3069
10551
42033
57080
5153
39762
33220
98066
81302
46459
48458
60588
32021
69154
62807
37861
12856
97894
33834
63861
37399
20065
78652
91166
47457
62890
70540
54782
43288
50598
47366
98890
1629
47467
10522
84932
77895
10102
39972
43857
80807
54894
78884
89970
16329
82220
91479
42575
41855
18004
38049
9695
95138
84410
24949
54691
57553
9043
48259
36353
30310
54007
863
4702
95308
83739
68007
94308
83391
92318
76904
62926
18802
18067
25434
81931
26278
53367
38185
49507
52117
34547
69337
28539
87013
4119
61214
25455
40826
73693
26865
81577
45171
4133
82765
76533
94391
31403
57024
97576
46847
61573
27694
61839
98356
64182
63518
74742
94160
81395
47524
10142
17491
7974
79246
23396
77250
59150
40726
34275
29772
74351
20537
8483
4277
2445
94364
92977
23324
35674
51418
31551
89304
79940
48369
27987
593
29744
78021
50324
3384
25742
92585
74288
78269
7465
94266
37826
21908
9133
39070
89249
79274
70627
57531
17619
91169
13330
4423
17802
16422
1039
9227
81730
10228
61258
79355
96285
20470
57071
17446
41974
83479
65743
83948
24570
44858
76415
5760
80752
97313
30683
5451
84391
55501
66077
27273
80110
99710
59664
87709
70059
38799
96837
51204
76537
92004
70167
25888
61413
3052
79867
19398
94691
26688
45445
49539
73882
83777
22787
57390
67339
71878
67525
2759
6340
70183
72706
77322
13984
71849
18861
79757
16065
23901
81292
69206
98227
5953
1248
25000
22465
27291
77987
68314
34435
75732
80408
14612
88958
71356
56165
84974
50102
68902
60849
58575
85489
21832
814
98284
46186
50965
69398
83959
89791
8787
39939
86290
13535
92101
4374
6577
73229
23512
84500
9159
69248
58504
2005
27698
9257
65853
26418
34761
34204
98743
88514
10254
82971
96816
8482
67742
66719
37599
76846
4827
38114
90173
83740
66428
35311
6435
11557
60976
26589
24979
27647
74768
27812
36214
98932
68241
86966
94226
86658
54560
37239
12850
33210
43673
32023
3451
69367
52995
94810
45777
46498
41831
67309
59122
11880
41008
47496
48929
87782
47417
32009
27768
71639
11722
86821
44026
9561
30055
81350
25821
96550
8850
79961
86766
33043
10850
98209
71395
11850
5311
68775
1577
88577
99442
77494
91192
73498
98717
51603
25660
46677
66454
53923
57568
72188
28798
97332
5471
16736
30193
3999
81587
24998
12347
28219
32643
72144
67549
10982
34210
3340
41753
36641
86445
37351
28099
15044
16185
210
1904
14906
20972
53189
3933
22037
95088
55846
30054
80317
82453
60268
27807
91852
91810
65322
54243
30344
38344
9571
2643
1451
97935
87551
52568
28693
22440
29566
54504
6644
29418
32529
16
89223
90596
73829
1665
75347
68269
20464
10126
30118
72426
74677
64034
31177
74867
72329
61390
48434
44850
50426
96218
45069
50115
53650
23090
6851
68444
22348
43093
73294
66012
76642
57082
50906
74687
13620
65256
67800
41094
80847
85052
33889
71251
61486
23003
23923
55646
15952
15321
7919
26754
28690
13633
52572
66479
95802
95337
33392
23075
77931
75431
25621
81935
96664
5165
88000
83135
44758
3089
94845
71689
18441
8917
96961
5537
69630
9227
27735
80210
13575
67424
62075
16129
7328
54152
4281
60484
35637
30755
22668
50527
34092
45209
3688
66881
61470
45045
71000
42286
29662
15769
49162
23819
34541
69596
48436
63845
17325
14659
34889
77072
94034
61229
52295
96239
96189
53918
30118
21000
2417
10482
4771
68865
76732
23195
93919
79521
61829
12937
39531
12362
96788
78351
28443
83337
24104
54333
17319
74897
64051
71448
74524
86945
21643
33212
27136
15797
45202
22044
96015
44661
11831
64941
70225
96084
54762
85901
92250
63074
63354
22520
72126
27516
6430
55065
59549
95172
11682
79280
90099
80715
62165
52951
17609
11921
33933
7302
77695
83174
75715
66153
59362
68183
46517
54509
40284
7499
80777
49891
39501
7049
72032
33151
78641
29994
21778
19441
65808
92374
42042
49685
48052
48413
36814
52485
71382
6992
6706
67158
68861
88180
25329
24652
28153
47621
62358
57949
57249
98596
21431
98297
73933
21321
27114
80103
6089
46678
95054
7164
88787
62402
7546
42490
64857
68020
73073
57758
68257
55025
3327
46097
18741
53059
84567
30431
78552
24098
68631
94384
8499
21663
82416
59585
90917
90577
74677
10135
79834
8320
89995
20433
75284
56951
37365
24869
64043
35046
33967
96957
6372
45263
41174
44827
55539
71121
8873
43308
62041
36644
83564
17069
24840
93480
75777
37774
25762
43294
15633
71664
33441
89045
43630
93594
57886
89871
67002
23318
91828
74033
67388
24356
77942
14985
11582
9704
22087
49583
81074
96993
25568
43450
70624
78795
9605
65710
56048
77227
11841
68898
35014
16670
51096
85133
12756
72276
39253
39245
18995
21212
74897
65206
29450
1348
38635
55833
4793
27861
74090
11661
40841
97779
69656
38407
27901
5127
13796
95299
72746
95440
6880
80144
29987
51796
99239
8872
74261
42750
59776
57865
53892
65841
8895
27399
5454
73532
57684
25307
81377
39382
81920
94467
72187
42540
39014
87016
44408
46588
88886
87035
54917
42859
68607
43025
25686
19162
92467
86538
62520
20408
19182
33733
34208
3785
25216
80095
69843
15228
51010
67982
84174
21923
1429
32911
46649
94847
11651
45147
50997
41861
15269
1883
23741
43322
83117
30456
3864
14265
30398
94733
87013
60206
73615
97385
14933
63052
14219
76455
61446
87596
16863
97452
47942
50516
94209
99727
56625
81082
26074
41768
56213
97964
9857
17835
13887
52128
53873
53516
17538
66987
45793
68511
53578
93607
52124
41384
16278
44136
75381
83236
99588
13720
16017
50337
44246
85215
64141
23180
38639
34722
29155
44251
97373
22836
84647
27188
62194
85982
1540
7952
70126
36476
86960
81248
272
76262
50339
58577
25632
20036
47534
57588
28016
25084
97706
84646
58323
82620
42863
69928
14462
41458
67201
61409
80780
26421
39047
64923
13128
63686
84992
45467
53678
99084
10426
7012
13532
85354
14006
14475
30748
23922
30916
81875
24096
3820
67579
25884
56312
41280
43550
97976
72491
84358
36322
57658
80538
60673
51247
83108
29722
40411
65843
9295
39054
69894
45332
87900
76178
21217
8276
57619
28559
40804
47645
50137
42657
85910
76080
73567
94898
42454
62594
7078
41829
39443
63711
61242
45002
11656
46781
53049
34943
89131
97664
6331
85947
49680
19243
52407
37810
81405
52983
59345
50914
42930
82483
4995
93758
79419
77296
8892
73670
34305
8703
21791
64772
64145
45228
49412
10912
43277
71749
47778
37964
50825
8717
84639
95185
86202
32038
21243
34189
66947
42223
59244
34202
53647
1809
32036
35978
75849
1485
81087
9983
21450
18306
63091
13734
98491
23785
38531
16060
54205
32112
76869
22503
41003
50565
75919
2651
73973
94100
28258
43256
37981
5717
11182
36922
90383
91496
15624
28619
12352
50844
64904
18417
67076
79047
65564
26882
27070
92632
46710
61102
67255
73645
58425
62394
35767
76599
92428
24817
33868
29795
45856
57423
2065
93986
26024
53799
48470
57611
92522
81845
73899
48380
43851
20944
63518
37512
44023
42937
73059
18166
71187
71953
61108
48564
54065
40572
49764
64553
86573
85312
75171
79958
60226
61698
60149
68411
17563
65006
83366
85114
6191
12220
89552
81422
10862
96632
48528
15907
52214
95375
59886
94712
34293
91217
1698
19501
8067
73172
99783
99536
29705
62766
54169
95533
55025
38881
51838
44649
34649
73450
75040
20182
43795
72985
30646
48270
74836
14713
46367
36621
29101
77585
3053
93168
45481
1949
43648
21137
57563
23269
42989
79223
14481
59431
49200
93691
64691
40756
33782
48917
85991
27481
50173
94837
99554
44233
78936
54251
31379
17306
52551
83625
78083
41942
78728
15829
69079
56714
49817
35631
19841
38207
67218
52111
38066
10240
90412
31891
13613
62383
76571
49741
32836
95809
6003
29092
26502
86023
23495
79347
82829
17749
49254
24620
85260
72965
59194
74051
86452
17358
67266
75995
68453
34283
9713
96938
56534
46618
49698
75162
26936
41293
12256
71268
53729
2999
48824
89046
86585
18836
34908
7148
55985
56190
35992
59290
55423
81397
9450
71636
58979
56273
58183
73770
8804
44029
95299
12564
41425
15365
69601
98398
81753
12281
33030
62415
57191
7298
23699
97275
1393
8517
68749
86072
70735
28706
83981
27778
82293
16115
40371
43921
57775
14940
14929
77403
77068
80607
21405
98669
37767
63378
63409
21807
45669
90307
51622
92699
9934
70612
60122
72478
87392
49548
82242
86012
83998
28185
94498
39550
67656
11406
79179
36601
68551
61541
35734
35274
32240
53238
22735
48787
17952
88728
27526
90777
87660
78115
32604
1539
76298
58731
18145
62687
95971
89778
18790
89676
85551
48396
3099
34990
62490
83770
39716
98706
39447
33933
9460
2221
73683
71409
9948
90709
19628
77103
30578
30487
91020
57061
74179
65450
92508
83942
21499
69475
46256
95844
45926
53709
85197
66751
53036
50955
66855
66537
94312
54006
76851
4130
30950
1772
54971
19077
20998
54800
15876
89615
49
53550
41495
3837
5909
85300
57422
41552
22516
77825
68918
90901
41110
15307
9885
33326
60652
93634
27646
62523
14915
8091
6059
3362
17987
16392
13095
44192
35558
81948
66707
18620
87006
71075
78591
16139
9245
540
69270
95979
10297
51409
35297
52823
32165
52377
39310
51324
13589
17597
93194
65216
66726
5385
3606
76477
29833
86321
75470
89909
21697
18967
61576
89261
15840
36866
62684
99998
29867
4940
65008
64594
77432
48054
64222
84526
62567
38565
66670
42214
42364
10579
801
79491
25179
52046
77780
95088
99777
11550
97050
54566
65137
95729
52790
38307
20379
27233
43396
3417
26398
78595
35093
67107
11589
88040
56763
2366
96611
53702
68371
41672
33973
46211
37708
1048
94830
37559
57253
12780
58551
5953
76645
87868
95826
90994
78869
72072
74454
51195
983
63199
1115
15789
84151
98775
3442
51122
55114
58224
85696
5893
56193
46030
49993
76706
37169
77584
40168
68036
29933
54686
87349
3044
6578
159
38795
62393
49092
37010
81019
45240
4955
93777
92951
70405
95437
2945
66170
26166
81485
86555
75280
37498
82782
93455
6143
21336
95781
99086
13361
39286
10858
27879
40987
13479
25345
33537
40056
10322
46381
18362
23634
24037
83455
3194
20145
17165
99906
36761
14493
29323
33280
81301
63676
54778
16057
36423
41785
81094
99899
4099
46002
39132
12064
94963
97949
56388
32939
46278
61121
63978
97600
55101
67993
21155
16569
33851
74443
91678
22969
46837
20574
91214
95491
23151
12471
70525
85564
8727
17180
67665
75943
63344
59480
18236
47181
76150
91022
97768
37618
28460
25767
18182
50680
1261
17380
10919
51823
23233
72647
45677
89830
12417
88324
42777
87750
57017
29330
59766
17487
71770
16740
49972
6552
61528
44649
31000
29333
36569
38572
58848
48889
56579
22500
448
77824
31193
12342
77083
5831
82093
29891
51600
8826
43898
23370
35645
42618
74595
18907
20451
99498
89527
66515
87984
60140
71580
53046
82579
90856
58974
62736
98003
3028
41366
60014
6116
74081
9059
92623
17478
41097
66510
66292
80943
31146
96532
93118
55289
87119
48972
15342
84
65203
94769
13638
35541
29543
66972
5234
93256
86643
87760
99521
60647
46458
64087
79208
5667
14767
19763
34825
44666
84565
98286
32306
22642
59066
1635
12220
47051
10687
56595
98089
73419
14859
23738
75133
78752
80354
3471
87582
20697
66861
83388
9272
23085
35776
37327
40494
23370
88856
95825
54240
48065
22112
2183
43127
87148
62104
21992
71618
37296
5244
67493
61995
47455
71743
27568
12864
25087
76671
38304
58099
33648
25098
18867
75444
55153
49475
533
3061
20692
66321
32802
89820
60039
63209
56397
66789
19177
78203
59486
2510
45235
61945
88914
51150
25213
2697
68300
95266
56095
91516
62116
26314
25526
78335
73242
74381
89294
75174
64106
83017
67236
88530
82291
2234
14632
62742
5878
51180
50859
11239
54575
65889
62296
54697
46979
55125
69720
12237
96402
32875
60918
85614
93302
6817
4633
63572
26665
13010
14417
20986
63762
29551
13327
95036
4129
79295
88896
79001
37929
69414
29544
98876
95188
85731
84728
99189
6991
70559
29394
16447
95821
33624
97939
29616
89019
57957
3593
25971
50167
50922
94852
4675
15983
79176
61804
17270
44280
17776
75137
43635
14151
24203
54372
53346
76389
13471
72990
98741
14812
354
2026
69148
73874
29835
61548
71400
65766
93460
17313
90118
54532
90473
92962
68212
83267
2204
95385
24837
81044
31077
90220
39603
39483
93181
33496
20905
66706
11847
85543
56381
25230
63712
75106
72642
40279
96155
22780
31318
59681
8424
4157
39202
66621
93176
22624
49747
77308
8879
89677
16838
35137
98066
26817
20257
59738
25722
75999
31080
66406
75350
32765
24284
54700
3648
66266
72131
88181
57465
8243
23951
64350
47590
31811
1044
26821
68105
95838
31727
32358
34538
89912
31040
63131
90108
46763
6034
99663
45293
38619
39122
26736
75506
16586
25268
10905
48881
26509
19600
66568
46194
61438
22536
20769
52269
74081
5768
6297
45354
47000
81472
7471
9672
86185
99229
14349
96288
54864
46102
25652
97633
45251
96513
85600
10115
12782
27003
67255
51092
59743
21079
43306
21376
31141
37946
49033
75550
10684
34732
23928
63727
98886
23813
46012
2858
19939
94057
11394
23408
32793
8388
48456
61214
95625
15113
38421
57512
39226
30230
20803
26013
35331
61245
8991
71082
56088
13384
10369
1784
59663
21405
16249
81773
66969
45991
35185
69824
70900
72040
69989
14816
640
75827
79999
86129
64603
15138
73709
81977
60516
53922
63876
51530
89062
19954
45365
70090
51685
31177
52043
15259
26026
59792
14212
73434
15245
14881
26868
95071
70575
70844
1176
27290
93739
73549
71611
50266
67225
49421
13163
99371
98260
71853
95963
43918
10366
56597
59199
72160
69127
16000
76071
16274
94145
32910
14879
91726
88114
82751
13349
57396
54775
74948
51040
14124
78951
58547
85791
89461
42696
82288
85890
61483
52326
89825
53021
30821
65507
98302
14417
51179
37987
91034
80704
22195
37043
23379
87788
13547
73874
99849
78162
6171
17031
47467
54982
8265
61037
70904
87729
29689
19221
30554
10673
8390
45445
50434
5203
36225
10202
48903
20658
54747
42063
24471
80243
13887
16998
57950
75462
28474
61177
27881
70579
44900
27930
48635
81008
80794
14214
67432
49736
83779
60969
91219
66347
56775
12769
21053
13754
25522
25649
18893
30251
35633
16757
5829
774
2908
66044
11983
16082
36056
55821
88578
83560
64728
3035
28670
72514
20876
12757
22526
1479
74602
43948
6479
5312
60120
61354
26965
14808
31223
24707
70531
43890
2149
96894
39827
22386
67130
83167
87375
47863
4430
94746
11187
12319
64808
53580
91211
71331
47386
78148
60597
61673
18882
3721
7718
52828
30700
53510
89967
35044
16306
46171
33539
65453
59827
49165
90211
8492
98819
67435
53573
98343
76498
9512
57692
92415
82111
14713
14911
5169
74239
49334
14406
21391
58336
92899
71776
75652
68153
83597
25421
86863
98397
76472
75375
12517
25423
23035
95553
1184
43058
26994
81371
38501
13096
95010
39398
29868
37512
97376
23307
42251
7342
96709
41703
35571
41713
58203
58556
25782
61995
55101
71782
96301
93054
51132
61452
64145
47869
77221
25911
90567
14794
16660
32429
10997
8441
33876
69134
54843
60808
16227
63238
41593
93411
92364
28417
34087
81888
13456
15495
40332
61972
40130
63814
52189
11637
44798
95582
42292
81957
81206
56613
62304
25330
59970
18138
71904
4023
90530
12052
63164
40438
19316
9500
3133
86051
34356
7303
3404
57551
98114
2671
79606
43474
75697
23526
14127
78139
3109
63684
8116
44167
98420
28652
85813
14840
89891
92216
37503
56739
49612
52377
52442
70286
25197
68165
45591
35605
55718
67208
35358
30635
21088
51968
63538
72499
79952
82934
60041
84987
22927
4921
70299
99010
3757
78877
65992
32033
99330
39371
81895
13171
53907
30254
99298
59313
53270
13983
96956
79910
45876
94439
80456
41813
12436
56966
16064
59937
97286
49180
93115
63946
96863
74924
39721
15362
87347
47508
87794
36916
20924
70055
39865
93796
31767
53830
94962
3855
15528
41245
32303
37600
53081
79128
12775
24863
44243
9483
48906
87975
92628
78512
84465
98035
62272
95247
51334
24181
79923
97444
39945
58833
36008
33842
90115
8167
86259
78560
79670
43435
63563
88243
55255
68640
48136
17271
51905
69801
92328
50427
23533
8675
42263
7077
20397
95816
86825
59952
72951
78210
65892
25856
91029
50267
39519
25836
5979
90657
70034
96805
93622
13797
15822
94899
39492
33583
56458
5771
15522
57308
91036
71851
23821
81788
69982
48367
15050
28971
96783
68951
8616
85496
62545
48097
67930
76913
38604
9604
4646
22084
90108
35031
51300
40519
30012
98972
46635
40937
44523
72925
80911
68492
35506
20931
96093
8152
67281
4507
49830
1437
63363
25051
6765
33164
39916
64506
72780
30338
33525
94288
59284
73781
20716
89340
807
25565
99836
38876
36836
52365
39375
34710
30547
51737
39525
42602
72788
438
87105
29689
63802
34484
70550
5749
49156
2388
13285
15324
75679
37115
25160
10653
21099
36717
7596
59581
66676
67191
6161
13174
31740
84722
5091
1051
86291
96537
9646
80969
22039
39284
94353
48197
49052
54110
47063
25870
69637
72521
81176
57032
27139
89095
83838
14200
8862
9633
76608
90211
43262
29956
22633
83824
81122
97215
89805
62114
77883
41580
29301
79776
90855
63110
74828
47581
43617
62465
2327
24589
8381
96018
93389
69639
20270
63719
80884
86002
71195
23343
38607
82392
24082
25743
64947
15459
70648
54271
48677
65819
62075
78328
6353
19450
45936
66487
86703
72303
48902
17041
29347
5292
14834
77546
45666
82839
87260
98817
40763
54295
59894
66938
19545
72184
56944
38045
88928
89809
31679
28480
7874
96147
65077
57721
69624
45240
53132
47227
47612
91134
15961
27847
93636
86955
49528
16684
42116
24365
344
83736
37218
14753
49057
14552
43301
49581
54291
99519
54655
8186
47031
81518
5743
19837
76148
38319
18702
87234
55221
80242
11264
73444
39809
69296
34166
39785
37871
32478
23487
89526
78992
21443
69328
87035
40823
49369
20038
55030
85143
89849
42469
14207
43558
607
14937
57960
70005
93570
6668
90134
15431
55780
83607
32140
6857
54188
83775
60180
60525
86830
63079
89740
81163
96111
21592
85120
46111
58480
67650
41647
77763
2742
64620
60764
47965
58107
34669
35685
10841
64775
78230
85189
72759
75811
26734
58569
28526
48997
1072
5740
70816
97477
18169
60681
37169
54853
83810
48911
23104
37942
518
39598
54138
67595
23474
44591
20206
51944
91617
14626
97358
21321
98666
41410
94490
62014
66123
19333
59538
89231
3370
58262
69658
85391
2199
37948
64654
22157
59288
9948
90441
61176
25087
96923
21488
29178
9999
92222
91343
40850
84233
80609
99153
80446
5619
96305
91633
33166
64571
11791
88235
69926
90207
99267
24762
66923
28170
43458
55357
80473
27492
21543
4650
35283
82659
92233
72681
81480
32380
68964
56849
36017
15913
20543
18431
25786
16678
23212
5784
56329
22940
6179
98793
78807
40894
60588
21802
36327
39810
98579
82052
73165
58548
82298
26491
85708
41536
74828
71857
26288
64215
29017
66828
57609
45077
1260
12448
80907
19425
38926
91108
93203
70726
54865
85123
63420
92226
99122
26825
94106
97408
33362
66154
33518
24796
11953
44232
48998
93000
48510
78318
82883
1467
69566
14237
73526
47977
95980
77859
85769
14316
42022
19272
72066
27468
62738
50429
38023
70021
78659
35541
5856
24729
25665
55418
52883
47344
29102
70867
67828
54115
29974
52177
69735
91033
94140
11413
54432
19418
9388
53393
43404
39737
28821
20110
84301
39333
21873
47499
50610
64843
3591
17130
31866
84811
79280
48396
21186
60882
85042
86710
24713
27984
18070
4889
51592
57757
75479
95467
56666
46689
49527
65515
52350
5830
24509
83923
62921
53717
93602
35080
15592
59237
25946
28854
14910
54483
73641
93171
19697
13690
3506
83367
56425
93707
23909
77176
99041
90461
24882
75850
44257
86373
79667
97545
85131
23570
14791
46847
30776
2736
26533
25998
32756
21428
9855
72116
82660
81168
97730
31024
93030
95797
43898
10548
70691
55408
60050
85032
77879
48430
65708
98439
17349
42467
78212
12528
74193
58747
26691
94594
17177
69318
23
62097
66866
53009
97446
30966
98228
27553
69321
94981
64728
31765
76497
69929
13119
48473
49715
39248
72247
53005
12045
39742
96678
61136
21962
23643
71837
86264
61450
2112
46603
13277
55110
4843
25006
85598
40518
63921
1086
58242
76156
4855
97773
31744
58432
47188
64859
91921
97254
10392
30408
4482
2927
19523
70405
88083
4462
7039
60975
8519
73657
23766
44851
21152
36341
33036
63594
67302
31203
34356
24978
4449
27542
70304
2698
57768
3166
51290
38588
25473
30252
99785
41103
52218
27384
7485
453
62672
22251
61453
22232
82415
81819
82992
64973
41841
60430
17482
99276
48946
7554
66234
89928
38755
60206
50220
54129
17330
74519
16122
3970
65180
83509
94844
98911
69622
62831
36182
17684
32834
80704
4288
7469
92456
22307
11621
14687
64805
49157
60647
26296
74703
89028
26229
14049
26021
45196
96776
16947
41329
91380
81291
85798
76045
96828
22293
77589
81872
16794
76725
91312
45977
86163
75559
72351
20076
88226
95868
16840
33209
83868
44869
12700
92216
96949
57003
5805
63988
2957
41680
4527
12011
20783
77784
77765
92426
49651
12413
69622
80163
36060
44784
47862
10032
43027
12872
11519
73898
364
54118
91962
4391
49145
46459
13773
38377
75671
15014
46668
1847
31578
16938
63514
77412
62782
60448
31684
42009
22445
99331
14495
51184
26259
67280
17674
98612
14457
24815
67228
43064
46684
93306
6073
42824
66929
19761
12095
32796
49708
91492
10406
69730
58568
78116
89269
72724
48771
50871
17610
82448
93994
82243
2557
82628
88487
54767
74123
29874
3450
66997
84394
68960
97434
25144
3657
532
21832
40084
10820
49053
28001
1944
61458
922
11951
10139
92751
3619
37078
93832
17415
61996
29038
39666
29535
38789
64500
60431
85021
25124
19269
25122
28291
9204
88440
55692
9646
91488
70648
65662
87482
47221
76738
53029
79497
31269
77550
48835
34281
64503
8459
37769
89661
47547
34911
9408
57252
58385
64690
68164
61773
46376
11345
8370
24962
96784
86372
82410
95959
49391
17856
45833
53033
70220
35970
4773
39388
52692
11238
90335
398
11932
13992
78053
27703
94172
5878
58753
98237
98262
52381
77017
24683
71322
12792
51814
71586
120
90668
91877
74819
8023
91607
36244
92610
33243
6287
38994
84816
38308
79300
67075
79913
34185
28432
52604
20165
38425
67172
26088
75901
93208
22853
12862
70583
41076
18836
31283
46367
71122
15608
26080
24859
20754
83428
3802
9595
27334
4196
67783
35038
34130
96050
86115
54233
50408
19262
60498
68312
36796
11140
31137
27023
92428
77567
37193
67617
77796
3756
52830
87913
29539
60374
74697
96273
49475
62775
19010
66800
39621
95658
68572
68783
76671
72900
40175
7740
324
11146
81193
88362
19156
23945
93106
7910
20818
60648
55314
56420
5608
65041
78660
82564
71665
66696
35263
43287
65632
94573
27660
7199
53052
5753
10361
52442
413
71643
85712
24581
43082
70066
81171
72038
61802
23886
81701
72747
77593
17855
5324
40761
99994
74327
52354
76816
12445
41208
99189
76107
8332
81983
35719
12594
70037
95648
29560
80853
47523
68383
26214
85091
1137
66784
46073
12445
80715
39863
93135
84295
4741
40119
63828
48979
84876
25124
94727
8429
85415
98556
20594
89399
29674
36698
71273
38911
49443
79385
37226
80146
6431
17936
44672
76612
52296
44670
69536
60166
62992
23304
70260
25060
80813
70235
76261
38132
58086
39194
37137
26101
76922
55947
99811
14682
29010
55584
14197
40839
73492
19109
61655
46291
66430
33946
30954
84185
29175
54854
66734
78699
80720
5786
61377
39108
77977
81724
29383
1303
93199
28983
33239
33816
99966
64260
33142
33533
18635
13682
22705
14461
17624
66236
32284
28167
51186
71155
62405
32706
11945
84355
37429
24945
75701
34059
16779
67555
74822
48705
9696
9957
20535
32800
83634
82807
41952
83474
85924
4928
88389
94056
31987
6423
25325
27649
11282
9157
43592
15112
75325
27504
14223
43489
71203
93252
94098
34830
54610
10058
93711
18303
35947
26380
14308
41759
64259
24536
97528
57549
1807
28968
39972
9652
65477
32328
23238
61347
11439
16046
98541
10771
52348
44142
8408
94229
62883
6767
53416
53770
64034
47009
3900
9476
92190
11046
58927
31430
6001
30077
96703
72574
55138
23751
49267
23623
49798
70673
41622
14953
31570
48327
10233
84511
35601
29813
61329
69162
35001
55400
49368
89628
84216
75043
69904
74589
65980
52664
69196
27990
32797
92864
79157
96109
34564
70453
31240
67857
33413
65294
36292
4897
4514
22122
75626
33955
96800
61519
19819
3653
57
44684
56366
50393
89905
94106
6328
97527
79025
76145
86915
50352
90276
3696
44790
69761
46316
60356
75510
90505
74162
77849
19027
29883
38712
73697
86146
85601
69508
47256
93940
56025
7808
18945
2214
9185
76270
82463
60049
35980
7369
74645
44849
90211
94546
51833
20970
75074
97300
2845
34879
58052
50465
64257
74757
85182
26630
23916
87653
41057
56212
97038
74319
61452
19227
23584
99515
34335
87403
58575
77535
68313
22384
10793
77804
11187
64708
46241
8639
45364
92644
56029
10353
86119
77053
85865
65139
82438
41442
8074
43975
61721
43723
47356
67072
92835
81617
25006
68367
70005
87604
23097
90790
96502
45774
24742
35653
94260
69463
77832
86780
79696
37457
43991
75810
86566
75616
12739
50107
955
94768
5163
17809
33291
71647
98350
14256
96183
23960
51953
56780
64005
18379
4261
21924
26704
87726
91
26557
89563
93072
77887
84860
70232
47424
37199
35205
39609
90459
15835
5759
82286
9189
52543
97896
21315
36057
79453
1878
38857
29829
99855
67417
96591
98628
17427
89786
56084
63230
3936
1664
54884
23664
59180
86176
89213
46675
54539
24064
1848
27985
38395
125
8976
24896
66459
38508
29290
12570
30473
15431
88820
60038
6068
46591
35005
73701
95318
91200
98982
85328
38453
51746
90460
83172
37696
32611
82406
12546
94917
23188
58813
5518
96870
74804
64494
65362
80280
4894
75075
23863
62613
31210
86417
50758
92254
74150
52016
4511
33071
14636
12480
76701
6967
93316
36764
32572
3979
56576
87164
94137
43569
99710
7244
90645
62793
14481
84866
39816
9840
99643
3163
71293
55444
43798
29135
99794
63917
37410
34244
72035
31681
80559
82674
69268
66436
25100
42544
73970
76338
15252
79978
30251
49562
7749
40903
81843
75893
69335
99424
39786
68236
76298
36099
70803
49117
43304
47944
3136
26662
69844
66754
82481
80533
11184
90411
60634
99668
28219
53057
76000
40036
66980
76376
72270
90066
95134
40471
56202
91665
21
28424
50405
82949
39090
21385
18923
52082
41798
15601
88380
80739
74557
79263
50106
20278
8190
94316
31804
83371
11100
39488
70001
38827
58776
33819
69662
69762
37959
96384
14415
12541
4665
47623
85367
53065
26784
1990
51172
67005
40506
37744
89908
86856
18259
49432
89350
41991
58306
53995
10295
63009
20908
91718
132
98457
45856
13207
47103
84070
72853
30173
46072
82861
45079
46405
55496
93942
78195
89620
63142
77796
68398
53757
32971
31999
96103
3128
87775
34305
51980
99706
41544
58835
5666
36079
51072
9573
35935
65750
27947
61642
23795
56512
36266
130
40915
13239
58348
35381
4432
37937
74595
87561
11333
69761
75161
39758
96618
3817
93597
39236
77360
65220
6568
42593
87188
7172
14210
30465
73860
97536
19886
47020
42168
68741
43757
2924
94617
49881
57582
15432
80469
10777
43244
99194
33788
7559
76831
21845
66332
91447
70366
13206
39600
86344
57481
26020
17529
65032
42115
22843
65610
95044
66069
26687
3889
55165
50407
83084
26799
71883
60893
3260
76435
95289
88946
88834
57632
31321
4556
74540
75470
36693
99387
50114
36611
53056
7857
9482
74697
94360
19217
38558
53886
13575
7829
36
82545
11353
94551
58910
54301
93757
14622
89093
87897
45410
31965
14126
66243
8378
88016
93532
2305
2661
71264
36970
91040
22754
21435
52725
13628
14576
56490
52336
66716
83476
75586
40011
63171
55058
17231
41057
72503
59058
88979
89441
22800
6169
12768
68838
13186
8623
76890
13149
62408
76867
26365
64028
82253
21856
11510
65223
75314
71320
23379
26661
80006
84274
88761
41185
60137
74393
78764
91179
29943
35283
58746
69630
97995
3982
59560
46477
40821
28873
72952
75998
36697
92641
21426
76636
96843
94776
18961
98568
86255
69397
15356
66693
89340
39727
43265
82679
1511
58894
53012
54225
85910
29629
41490
91104
16821
84059
88644
11743
39041
20104
46911
93766
17818
52295
23281
56111
53781
62861
9513
75307
6915
28006
90299
59696
97167
56026
38184
37843
93897
48916
93388
19857
62483
18121
37463
84519
84017
7061
48140
24986
35498
97857
31633
33904
83718
1324
52997
51752
28293
36114
25475
73717
25882
33274
55829
72574
46678
15484
1205
4732
94241
2832
70952
23791
88137
79795
49422
62842
9781
77665
22263
3222
85901
5997
9146
9631
47790
83733
69599
62139
63665
13531
13355
19709
40770
6596
2804
52833
27604
86264
88503
60822
6590
49952
13271
6297
34338
91539
75485
85695
7948
18921
78822
40954
31861
7763
30754
67116
7063
86274
88281
88887
79141
1226
77683
55560
48852
11772
65098
64538
26888
19023
64288
85597
16099
87838
11262
19826
9000
30549
51457
81108
68754
91852
88555
66244
10328
15632
44354
66216
3364
15155
1340
34265
69831
8361
98584
94510
53959
47968
72734
39164
76668
20171
20091
67073
86695
60610
98303
56518
32363
28867
85477
99294
7928
50529
17044
76702
19944
32392
61598
38533
30452
68965
28387
78175
57996
67518
85235
61356
20121
12999
61593
83137
29265
51327
16949
54323
24042
89297
58412
81229
67783
10550
35807
44457
242
56548
90003
66669
36186
61743
84402
9873
38912
23368
57820
75777
82468
78958
66258
55266
15536
54596
30804
37474
16315
15990
70990
73700
53005
19574
44419
77621
46640
27655
61781
54582
65067
51117
92899
95348
67509
85542
11182
17041
8850
76909
97244
47140
20009
23980
87182
70272
34051
98413
92526
63691
46464
79688
5032
25549
13118
90476
39831
77437
38106
91840
42041
25518
12279
57429
19517
42516
66159
16726
95859
16513
73968
23767
53115
62021
71519
18123
44501
54901
83176
51528
81180
14011
28845
18788
879
22051
45271
33279
20990
34999
11501
30145
1712
96675
73157
61576
13791
14405
68745
62581
23915
81466
6147
58225
30254
22872
10376
99941
13421
42536
10281
16075
60222
16943
11827
43371
8809
8665
14871
54658
98221
54309
65362
16746
72763
62055
43768
9420
90251
16025
33576
51382
47823
90930
68816
52746
87376
5362
67691
95969
35855
31201
168
37990
12511
87547
54982
58074
55988
18338
71060
73095
62476
98331
34311
10156
9892
68729
35467
1422
91316
21322
26712
68198
51723
57585
24565
36646
14971
89702
93837
93646
42870
66641
55170
71910
30898
37726
79548
37388
78405
71888
37222
95018
6951
66684
66338
32877
17812
4061
36360
55460
34172
39597
22509
76785
62981
61862
66623
77030
32425
62524
35433
59406
11254
46102
26740
52602
12399
26287
1111
22650
94150
40583
63176
84329
52200
81975
54567
34178
50839
45615
62484
65522
52836
77203
32549
56897
48627
19579
44104
95185
5773
66098
7232
15591
31236
47383
52808
67202
80100
59051
61437
51038
55994
86548
28672
88107
37677
19483
91493
24016
88999
6846
99018
27646
27032
34366
4892
20386
26634
58076
44218
91388
55232
17021
78516
55667
81049
32598
22484
2462
89392
52957
3534
18630
79873
19250
41540
41143
34049
99382
37987
82939
43021
5283
32765
5723
94502
34861
19289
37437
86072
85434
18338
75725
41848
20499
66499
4096
54789
67275
71292
27974
83312
34174
54781
32109
55984
38881
37229
80766
74805
70076
57601
85185
38209
28288
99574
1476
27717
20711
20784
24806
