795
823
653
583
811
528
151
692
511
521
286
193
534
211
695
782
387
786
763
156
587
233
188
742
468
951
313
953
442
636
372
745
248
132
158
862
478
783
651
178
218
135
974
932
766
955
642
582
887
794
863
971
425
454
423
668
852
625
514
859
967
175
598
672
499
178
788
162
484
794
494
976
432
997
443
615
874
664
471
751
379
326
915
815
786
447
448
485
324
953
589
166
929
982
929
725
556
969
555
471
768
297
574
625
459
956
688
822
111
812
378
733
438
972
795
545
583
539
978
922
962
786
698
456
423
448
246
218
477
779
885
273
439
671
788
976
842
415
629
797
183
333
277
699
268
638
911
972
245
493
894
926
384
764
185
268
312
563
538
716
451
734
542
143
492
961
352
276
299
545
727
555
925
387
587
649
489
551
234
979
311
486
376
888
316
593
317
125
294
644
698
963
513
726
139
148
831
892
136
428
373
547
571
662
821
256
387
338
527
599
873
897
921
189
793
487
714
955
735
631
569
287
439
723
562
614
124
687
263
363
882
964
253
984
974
628
373
138
185
777
128
755
536
198
871
617
324
389
757
927
289
334
863
499
956
458
971
327
477
956
988
357
988
232
235
722
948
832
462
174
431
341
556
222
524
617
955
473
519
538
632
871
418
112
611
581
199
355
769
733
471
214
556
979
822
132
974
155
653
899
239
991
788
229
393
441
357
383
982
652
414
953
792
639
316
287
124
967
517
872
978
334
888
595
561
783
135
985
779
436
211
813
176
793
671
567
933
342
645
286
763
533
167
383
539
189
145
683
878
328
343
479
739
226
825
491
788
473
484
641
451
361
795
879
595
721
333
852
534
462
269
267
929
684
787
359
337
544
534
283
623
377
897
144
549
955
872
641
258
263
548
637
616
782
536
993
878
857
887
851
471
693
333
658
254
429
893
618
615
931
837
547
611
687
179
771
878
398
865
114
211
731
258
629
697
317
229
535
624
171
189
895
522
839
717
915
282
612
762
252
812
825
185
391
218
266
447
623
195
867
443
242
497
175
143
128
554
263
577
587
827
254
699
624
317
693
163
263
269
266
592
498
921
477
285
391
161
582
299
974
695
513
778
988
743
845
241
959
728
932
843
313
837
856
244
635
292
428
981
869
615
345
834
967
159
346
726
234
449
889
365
481
821
371
644
897
423
862
256
692
831
549
289
784
147
834
691
496
117
211
225
969
327
964
461
886
546
251
532
348
854
389
559
844
472
883
944
662
915
315
597
344
917
855
254
253
388
185
354
761
673
826
696
565
112
962
974
419
322
842
119
835
329
434
523
126
413
866
753
668
493
247
992
542
529
819
633
244
496
736
444
749
961
482
941
676
694
354
616
721
417
242
244
939
919
981
812
658
756
945
595
127
661
894
361
581
145
836
355
957
464
381
769
223
236
319
586
768
145
899
447
357
329
964
268
164
675
578
965
882
831
428
494
282
591
394
954
122
725
912
611
985
878
865
851
227
676
521
634
479
163
683
557
616
656
323
854
894
559
219
556
262
781
924
382
762
692
578
348
888
949
679
282
547
737
147
386
515
194
356
545
817
947
677
446
664
614
971
548
912
739
953
561
124
573
492
886
137
798
892
864
241
399
254
843
149
131
766
433
231
418
366
925
461
213
811
882
127
864
629
543
838
337
479
538
115
619
145
596
166
749
115
786
149
157
858
768
961
242
562
866
915
162
139
751
214
189
717
788
422
929
126
391
348
648
468
445
459
168
568
617
948
213
666
835
792
432
918
493
636
688
225
776
255
332
797
716
137
215
898
998
527
117
317
224
652
276
834
326
241
391
172
517
449
358
192
635
797
149
566
793
114
787
967
144
712
398
439
119
396
553
917
315
541
817
726
568
128
817
125
526
954
892
683
664
843
449
852
574
938
675
143
834
634
196
764
693
722
492
235
991
588
978
733
653
566
441
971
154
226
551
281
421
667
112
512
525
312
753
542
991
376
754
596
567
868
482
488
968
644
958
854
961
715
615
271
436
691
956
371
647
199
578
764
262
658
533
189
531
188
379
284
432
929
298
924
757
742
987
813
423
321
857
268
135
889
682
116
555
285
356
348
215
689
498
387
842
935
135
473
999
754
785
325
524
657
972
424
682
685
644
723
864
245
451
183
824
126
589
534
257
937
215
761
119
332
237
632
777
144
357
979
624
589
824
581
711
417
118
849
181
377
894
679
442
364
165
771
286
698
787
874
514
583
743
627
721
527
565
975
383
995
674
259
782
298
567
816
667
748
174
442
922
797
878
555
677
442
282
819
636
581
214
445
982
197
838
249
352
557
397
236
845
236
947
176
416
415
599
171
355
754
175
985
854
779
554
287
679
284
646
517
225
921
834
222
851
712
225
895
555
717
848
538
361
243
282
616
964
864
912
193
231
153
523
478
143
125
972
146
181
911
563
619
594
111
554
353
119
481
248
781
219
822
123
248
213
588
852
788
693
694
382
791
244
325
133
773
743
165
889
341
483
714
362
733
636
659
598
348
114
913
944
526
413
898
744
658
162
888
824
644
163
246
388
538
923
774
139
898
657
677
411
886
969
926
188
642
474
242
527
263
861
365
672
198
474
274
812
128
948
587
796
275
912
788
247
527
514
761
295
997
191
397
646
272
248
684
449
956
883
316
119
224
973
362
148
658
275
361
732
959
655
538
958
411
432
523
592
388
637
699
341
458
211
643
174
633
364
366
272
671
985
736
533
151
919
457
176
586
679
986
211
755
361
947
679
129
884
297
932
726
447
849
278
314
597
994
859
655
995
816
513
565
545
244
246
178
793
419
758
662
162
641
884
695
162
424
395
384
135
797
463
992
572
688
343
323
476
225
253
144
346
723
285
611
332
444
158
857
949
725
484
276
523
888
638
622
478
992
857
852
372
185
797
768
274
831
156
944
451
193
688
974
898
247
388
254
389
281
622
133
987
614
298
756
696
751
511
584
195
666
253
333
362
968
126
954
895
671
138
689
572
836
197
842
658
433
591
938
253
758
414
525
278
833
529
218
953
657
217
362
978
545
678
464
552
123
519
322
857
824
833
837
188
211
688
692
874
816
187
621
865
489
165
344
832
356
358
768
877
975
825
233
819
987
645
785
942
913
761
832
276
877
872
298
992
652
657
717
168
594
832
511
128
152
852
983
679
774
354
359
794
363
476
367
396
845
822
386
149
564
129
494
484
528
774
926
944
454
234
586
635
913
175
731
792
535
744
136
371
257
468
334
691
333
127
213
344
992
449
514
859
837
878
427
786
373
199
371
991
473
977
195
754
694
296
345
836
956
278
765
234
159
463
698
285
387
533
845
653
761
951
842
427
778
347
635
841
752
511
538
182
759
987
921
654
532
181
977
681
861
169
361
587
177
496
324
126
487
329
782
858
782
159
851
623
678
898
662
748
258
854
837
594
821
974
938
718
668
365
891
453
838
741
355
994
821
323
671
879
713
148
692
794
514
631
529
413
215
999
666
277
747
341
169
868
229
865
766
415
969
376
877
175
889
957
838
983
472
975
213
542
149
441
235
163
269
743
456
993
491
772
846
981
668
759
772
921
933
584
577
758
671
815
131
997
446
875
366
843
416
676
565
426
123
785
282
444
316
932
866
561
971
364
948
833
416
578
738
873
183
375
325
452
372
571
992
564
817
558
622
311
976
697
392
347
683
924
819
817
846
192
281
745
358
848
761
894
197
368
231
161
186
265
959
973
143
974
312
474
619
239
767
827
859
792
379
763
178
465
438
784
792
446
922
429
769
813
479
174
777
787
382
741
645
731
153
535
141
317
761
174
283
888
197
258
196
667
262
343
768
976
132
326
627
579
677
161
559
869
769
791
249
367
444
338
448
835
171
321
546
979
894
686
119
696
348
716
849
341
884
964
717
342
967
279
224
259
493
441
153
387
219
381
167
724
189
363
534
875
595
315
434
582
596
544
641
882
325
746
617
543
641
587
328
898
752
998
866
944
211
282
449
344
688
978
189
564
382
651
359
239
695
959
265
163
769
831
886
348
873
899
529
845
872
299
641
592
563
835
888
149
973
971
378
817
694
259
759
422
755
214
214
765
296
319
717
318
317
675
863
886
264
196
397
929
986
738
522
316
473
899
553
557
786
832
639
932
426
999
925
862
564
248
521
115
873
725
494
372
784
646
151
376
235
644
637
599
937
989
122
831
862
577
763
125
175
782
621
677
929
778
792
863
921
768
558
637
121
518
323
321
867
215
621
772
884
792
526
291
697
249
355
529
694
854
197
684
754
246
957
144
862
694
661
336
584
671
485
828
229
943
362
155
177
697
626
167
134
919
294
567
734
486
485
185
454
619
777
257
655
372
725
932
292
471
166
386
734
143
712
512
663
184
451
642
275
676
929
292
225
871
957
554
818
574
473
298
336
147
338
821
377
594
259
455
227
974
973
159
634
814
343
499
321
341
283
612
458
763
697
135
786
485
464
283
766
146
137
737
832
199
121
889
429
738
451
338
773
914
465
342
945
474
551
256
551
695
441
732
575
782
394
824
789
398
349
896
259
686
231
166
397
233
482
721
583
473
647
119
136
494
199
133
916
594
724
663
282
493
229
382
845
275
994
546
854
976
727
926
453
342
935
971
582
788
458
452
528
676
497
757
495
438
944
769
932
782
237
676
567
546
494
972
925
764
365
664
757
837
156
742
758
398
637
456
922
271
511
133
528
878
291
287
581
945
337
391
659
921
128
769
463
115
867
494
774
612
737
157
347
868
666
121
927
582
213
325
356
331
386
872
585
966
541
874
697
126
777
322
839
243
237
774
621
716
635
717
694
933
616
986
894
928
139
725
831
822
582
619
316
749
792
785
957
152
214
171
396
538
564
868
378
954
397
438
427
319
196
562
557
225
453
993
534
836
167
455
159
765
679
442
974
885
348
559
289
468
848
898
617
693
764
499
713
697
936
421
999
198
298
327
429
562
821
449
954
552
336
126
216
397
425
332
892
869
143
488
253
199
648
732
211
312
851
437
518
822
896
489
636
516
187
561
272
917
643
129
541
843
323
911
443
987
572
746
188
596
429
792
327
497
893
895
818
752
871
263
916
544
148
927
394
554
789
175
161
951
543
693
867
315
713
961
381
678
568
153
888
792
727
186
687
453
277
163
332
237
623
673
291
447
431
148
326
957
127
165
388
434
972
225
353
499
896
161
937
952
661
125
938
892
918
876
343
942
595
197
251
648
614
493
639
625
352
969
933
775
916
734
868
925
282
712
818
265
147
787
118
558
387
336
645
716
794
495
475
367
962
499
238
943
245
725
924
147
317
658
591
563
677
778
831
241
363
816
388
424
726
979
616
829
534
155
754
795
154
797
872
386
167
527
153
978
475
967
389
668
689
699
585
243
737
939
412
992
269
839
816
813
262
896
948
233
923
491
478
992
296
598
461
534
721
536
369
476
923
942
716
627
843
581
177
651
669
283
915
194
974
627
698
669
881
327
592
397
147
281
438
854
653
741
578
985
993
948
128
491
924
175
778
293
127
959
447
773
552
688
557
274
178
357
353
139
466
131
856
955
631
468
615
334
943
911
894
363
278
414
419
475
731
336
237
885
829
745
951
217
161
151
834
993
557
884
578
285
284
776
117
786
448
998
439
412
856
735
378
572
731
884
329
555
931
523
127
374
766
118
269
726
997
653
854
832
131
833
294
639
827
893
158
644
157
227
451
189
978
392
359
141
129
556
348
677
915
999
991
684
348
835
523
531
787
337
531
153
471
388
744
167
936
965
285
475
589
722
419
889
846
363
221
268
967
161
772
973
282
885
232
779
342
819
675
714
427
715
582
991
642
613
133
453
987
936
948
412
665
417
138
152
297
878
455
836
542
297
628
678
975
939
755
715
481
551
929
684
214
847
889
215
394
372
776
837
531
928
532
531
375
177
772
379
283
929
153
958
846
133
689
972
521
663
954
628
519
638
135
371
268
136
596
478
926
678
845
573
262
468
188
494
249
635
233
162
232
751
434
959
853
217
123
616
213
932
249
615
918
481
731
519
597
853
112
652
671
277
391
834
711
226
278
589
655
957
929
448
676
799
896
417
835
255
395
985
588
297
327
467
316
175
446
817
133
998
358
549
392
616
896
362
969
345
915
497
336
271
433
534
316
966
815
917
655
846
926
746
924
387
348
921
753
418
379
321
766
391
958
685
612
595
739
763
755
879
722
838
591
748
247
197
563
224
519
325
649
462
458
867
186
376
352
955
856
342
739
978
979
638
499
385
612
367
788
795
144
852
639
941
669
445
957
198
946
331
113
199
648
829
872
633
412
441
813
239
922
877
898
416
824
697
196
815
564
652
162
797
553
166
229
759
644
692
643
676
528
876
285
891
886
956
811
836
619
512
268
299
446
521
581
495
332
455
287
592
939
481
838
348
898
875
375
443
446
332
535
583
237
775
163
616
341
713
478
776
521
963
615
126
739
811
167
282
485
312
421
828
851
457
269
278
819
235
856
788
427
839
355
319
821
494
698
278
455
766
689
943
926
355
748
896
175
854
822
686
296
174
761
476
251
855
917
213
865
534
159
557
978
341
326
986
329
447
845
174
622
575
275
257
193
379
842
188
514
353
964
197
415
727
549
471
159
467
254
956
269
352
183
823
543
473
881
287
537
172
575
429
692
586
496
277
115
765
195
221
248
258
995
144
322
669
925
733
357
281
531
629
129
654
515
152
699
876
715
457
934
216
664
411
941
257
719
771
251
174
514
758
737
217
374
962
886
268
579
817
544
531
357
493
679
973
364
485
781
396
373
995
474
165
718
288
782
586
928
267
572
244
646
135
825
943
563
449
693
948
615
277
287
958
534
674
987
189
673
394
115
111
532
485
243
952
442
983
751
798
163
866
441
655
931
668
759
653
257
467
682
666
872
973
565
441
769
638
725
134
223
375
741
986
127
725
891
864
284
481
494
572
636
815
886
672
441
964
593
922
445
363
763
611
818
727
126
868
851
128
317
793
549
477
394
224
271
895
682
633
867
314
598
869
318
594
623
533
842
167
523
728
663
456
834
989
461
921
676
496
449
517
235
677
282
772
861
664
844
614
888
956
465
661
626
411
856
379
274
268
343
453
141
636
657
963
442
626
932
525
197
177
815
798
788
695
864
155
386
399
876
859
769
841
788
459
662
289
388
982
946
619
631
361
459
139
752
632
337
116
841
441
685
639
681
152
376
828
211
792
789
458
277
233
589
773
638
494
574
525
299
126
392
788
787
999
822
371
179
457
258
949
355
933
728
716
648
719
181
723
544
323
671
513
513
698
989
799
342
426
429
915
348
721
322
413
193
187
776
182
573
282
339
782
813
762
794
231
974
755
565
588
618
985
774
764
631
753
333
453
758
837
248
563
787
317
627
252
663
392
943
278
299
386
632
612
774
714
453
841
996
415
632
562
371
494
682
964
951
383
697
596
476
813
971
453
516
353
282
774
534
386
753
336
951
868
959
156
896
399
845
696
464
252
821
485
786
981
871
484
877
273
273
327
372
443
397
873
193
265
249
148
958
546
813
178
734
955
647
778
487
673
921
981
922
828
284
478
726
449
547
284
677
469
881
992
322
746
251
492
942
563
854
731
434
786
213
847
671
372
316
127
961
414
318
849
575
779
869
968
195
194
873
323
743
338
976
132
759
687
577
221
552
338
957
987
927
427
298
679
462
396
846
591
963
991
944
519
858
174
717
678
455
215
943
785
147
969
682
953
741
148
956
471
568
586
894
616
562
392
844
534
343
491
554
572
717
529
799
521
725
381
165
587
229
452
166
892
646
649
837
537
766
968
861
948
671
141
727
859
437
951
959
631
146
224
716
441
596
418
673
377
328
524
961
699
474
453
721
219
771
456
542
951
678
972
155
486
586
982
777
622
462
661
895
398
182
832
998
261
748
934
729
374
512
668
445
916
418
495
912
884
858
132
188
793
587
143
514
874
398
588
776
724
412
355
736
797
751
496
114
535
133
884
633
887
473
864
176
493
917
181
649
836
962
443
652
364
432
831
943
378
174
486
582
215
816
495
671
218
152
816
125
819
131
297
713
898
667
216
818
331
431
825
561
594
381
347
843
965
571
784
793
432
279
452
972
823
827
271
144
151
378
536
763
952
292
813
247
662
351
374
752
839
697
974
752
862
648
488
995
171
711
315
266
354
398
794
844
141
751
396
816
359
842
349
261
494
686
783
577
841
856
343
433
539
891
928
341
146
812
397
616
523
923
429
114
516
598
165
692
277
392
542
351
381
512
961
826
893
299
747
527
983
618
623
526
273
559
866
628
536
127
839
631
713
529
364
617
524
293
827
797
227
541
428
381
113
183
748
582
441
676
853
529
997
326
297
628
971
678
633
989
892
813
343
927
651
929
635
232
551
743
645
445
154
695
425
259
913
687
441
347
635
675
448
965
915
845
869
757
726
383
356
145
521
827
186
548
827
685
938
441
989
721
754
697
979
223
367
921
218
284
442
285
371
942
774
275
413
485
981
835
652
896
287
476
537
463
415
555
367
599
123
941
395
913
974
964
262
714
731
559
152
423
565
357
278
856
283
289
666
531
496
161
499
164
531
282
344
212
189
383
342
339
868
966
633
762
847
991
637
124
349
597
728
378
885
234
351
753
523
853
119
271
644
981
416
637
395
654
121
534
796
451
673
583
418
177
554
229
475
992
945
349
988
644
692
617
381
953
642
488
795
375
756
682
115
955
665
424
259
227
122
165
156
984
699
927
816
513
945
431
895
795
427
754
259
822
838
141
982
899
999
127
442
146
767
139
481
728
893
625
694
238
694
411
447
481
444
415
895
341
492
917
275
626
817
676
153
216
482
755
658
364
759
284
491
613
276
548
278
164
212
432
567
767
374
285
596
927
738
425
873
259
575
665
177
919
585
927
734
199
335
992
774
513
684
294
888
275
169
757
426
113
828
656
347
259
862
195
726
192
441
783
543
668
585
169
114
256
886
668
693
116
247
721
723
128
751
332
579
478
282
555
295
412
572
599
661
632
527
841
342
276
698
614
769
176
438
211
347
528
933
559
821
997
361
944
831
618
959
367
359
166
725
966
543
572
181
619
193
875
983
937
739
978
153
599
115
239
947
596
387
742
624
236
144
819
258
439
575
896
797
925
836
917
335
471
617
677
236
273
822
137
144
644
675
248
917
531
671
857
483
474
792
736
769
394
648
139
318
881
588
174
639
562
386
445
857
137
684
296
262
864
286
935
851
688
477
949
878
711
396
396
213
887
815
712
114
334
471
511
385
625
158
896
558
686
574
289
695
217
163
945
262
772
883
938
814
195
461
725
396
518
331
486
969
271
239
848
598
112
982
524
294
646
835
629
766
498
976
429
851
323
735
274
595
357
397
671
431
281
219
376
726
527
548
831
321
497
553
749
864
854
568
636
575
527
471
425
777
286
563
323
674
649
349
639
111
649
426
546
215
595
779
948
835
969
992
356
917
939
326
229
529
618
495
536
718
279
925
817
762
426
713
411
447
979
387
747
621
716
149
217
429
657
353
761
664
467
419
541
881
225
155
518
614
235
496
283
813
258
639
371
816
689
649
487
466
271
375
542
167
989
445
312
556
123
139
539
586
248
559
984
653
128
527
461
544
754
383
717
683
423
115
519
398
546
124
538
132
987
958
915
534
653
716
934
373
923
335
248
262
788
762
538
419
926
657
339
367
199
932
258
663
497
425
187
849
328
899
677
398
281
713
847
895
691
624
957
416
397
684
716
873
196
792
214
454
597
635
724
583
333
233
894
619
973
846
126
712
793
699
499
332
786
415
527
454
754
361
528
512
525
889
637
679
343
839
725
691
268
141
776
286
351
594
518
312
932
824
157
353
926
653
373
329
649
246
448
377
695
787
329
262
191
696
688
881
968
146
214
391
347
726
898
423
283
675
726
957
593
127
862
261
233
637
592
557
444
856
111
433
211
718
865
893
354
624
967
351
262
381
543
695
595
894
386
472
887
685
739
741
288
936
525
571
315
597
137
164
466
126
477
496
476
316
853
718
592
524
791
653
253
344
963
489
582
477
789
112
184
167
354
823
619
912
219
827
382
996
777
749
611
494
944
511
835
671
656
231
441
496
539
283
797
371
584
415
972
866
777
276
535
976
749
448
764
731
233
441
265
591
923
734
894
734
318
615
688
717
767
356
593
577
588
383
563
596
593
784
589
472
555
259
294
663
165
298
819
853
574
268
473
172
298
547
286
856
742
144
394
738
638
515
553
569
758
782
129
565
136
964
725
697
226
145
216
336
692
367
375
384
337
545
624
325
442
217
229
833
275
945
767
453
339
729
133
251
672
266
593
132
655
423
653
945
384
775
921
215
516
266
552
286
786
493
582
486
419
312
742
196
757
515
623
212
812
353
214
553
641
566
229
333
361
546
667
868
844
596
543
923
128
848
125
698
151
781
278
462
892
842
686
883
295
768
353
237
377
157
435
871
237
429
856
636
533
816
387
564
835
168
195
531
543
727
346
542
174
327
398
375
483
186
522
845
385
753
491
222
386
619
937
177
695
569
532
496
129
947
725
115
812
531
445
456
419
215
787
613
931
865
944
261
488
411
548
444
946
681
218
697
189
352
739
855
822
184
764
356
529
817
136
152
529
932
738
779
787
169
746
916
571
564
355
525
375
421
489
986
674
891
879
339
373
349
986
742
245
695
223
912
922
643
313
537
113
317
278
195
867
528
487
287
364
553
368
312
478
273
614
812
575
328
349
621
497
829
975
734
695
589
966
963
522
523
364
689
525
399
253
642
872
425
698
877
666
943
879
573
531
275
141
978
228
676
692
478
511
369
361
738
428
939
887
759
551
141
979
946
661
764
198
635
886
695
788
779
949
684
819
497
699
937
775
432
317
398
931
593
117
483
111
858
263
332
966
631
343
166
252
512
246
733
731
435
397
487
546
453
572
927
621
888
344
766
273
676
786
257
576
181
774
441
778
263
431
743
736
977
938
813
154
953
391
164
881
473
328
936
665
955
839
589
766
329
238
898
323
319
942
171
244
974
717
194
849
431
134
397
918
138
252
128
438
856
622
354
812
773
246
321
827
974
248
276
619
991
451
483
788
794
584
699
891
947
342
437
541
918
342
247
682
741
238
849
944
257
171
545
535
887
757
159
753
379
315
167
981
872
714
731
595
648
153
593
789
178
967
122
879
177
187
226
197
866
452
997
314
272
236
618
781
113
833
663
182
747
315
254
164
889
717
139
828
564
722
837
985
354
936
763
772
481
585
716
419
286
692
392
937
392
319
962
699
641
652
265
968
353
443
591
763
838
451
746
451
253
896
552
292
544
247
276
599
663
932
942
597
454
338
163
754
933
282
379
558
692
127
131
217
117
239
337
641
868
193
684
112
569
795
375
927
221
733
412
444
284
812
521
377
444
377
655
274
555
119
357
786
198
212
758
328
182
448
546
776
613
166
372
987
719
471
177
188
255
444
159
411
486
386
799
134
913
335
961
134
837
642
327
696
174
649
842
411
645
381
363
578
927
286
431
364
494
997
624
538
516
481
369
291
222
395
955
699
685
877
245
594
984
189
312
547
586
659
746
339
535
945
735
887
892
219
199
282
292
376
913
176
259
696
571
383
186
258
241
329
857
597
369
688
341
896
755
916
782
972
477
159
242
387
487
196
378
266
953
957
587
237
268
318
413
511
126
962
676
267
563
952
134
118
231
236
995
457
543
754
231
389
686
694
314
428
153
681
632
233
237
374
186
214
954
726
641
142
153
141
385
861
592
267
562
433
228
627
262
313
111
952
845
363
272
258
433
585
978
718
295
669
688
498
337
715
374
693
633
943
642
932
827
417
754
334
551
581
858
586
715
372
969
944
243
877
578
844
645
126
741
622
621
469
528
369
464
129
111
429
816
858
679
665
565
286
415
316
722
797
989
677
949
115
582
951
985
124
423
889
342
715
998
919
826
537
332
357
448
772
914
557
631
594
977
181
688
282
976
749
484
988
662
659
812
151
588
781
517
247
325
676
369
678
313
197
345
597
899
861
714
464
667
233
653
782
477
696
942
725
873
378
174
287
165
991
928
335
477
257
131
518
521
281
326
747
454
554
621
889
275
849
634
238
414
152
561
596
557
897
379
264
418
269
228
224
877
752
755
425
919
693
579
788
927
384
458
436
724
598
818
521
473
546
945
784
711
521
479
978
222
461
746
691
895
558
547
937
121
473
624
927
153
269
613
285
117
151
762
159
874
476
247
799
851
642
133
726
149
383
154
184
483
698
275
839
528
644
594
797
127
361
127
699
952
156
824
688
518
279
147
369
452
122
654
998
344
286
737
577
382
892
699
972
431
358
242
384
131
171
859
214
888
545
874
563
486
629
869
945
587
651
276
344
517
453
494
761
747
731
246
833
752
743
445
814
136
836
272
882
949
287
754
957
752
446
373
289
512
653
664
229
859
357
516
492
243
747
632
144
394
946
637
657
664
541
823
699
664
126
791
838
826
587
725
582
421
583
396
535
456
152
941
444
378
947
123
688
324
739
217
279
336
828
353
125
182
973
921
998
812
687
366
927
252
858
296
115
745
466
171
168
288
516
813
826
614
862
524
654
986
719
498
669
269
459
124
156
672
188
372
798
151
641
824
828
286
345
217
699
821
694
486
515
559
933
317
294
279
729
255
456
173
988
238
198
915
546
811
555
992
762
674
236
975
257
494
436
245
544
553
998
612
596
423
968
424
391
967
717
545
753
938
647
273
463
794
546
998
916
826
319
688
591
877
837
271
992
423
888
148
344
721
799
849
121
721
916
366
558
574
587
865
736
773
374
888
332
435
639
883
151
826
967
648
889
417
173
171
251
156
975
878
616
355
652
418
663
369
556
315
924
644
479
179
592
756
746
223
182
616
375
666
658
296
742
242
914
485
785
174
293
494
153
634
114
218
646
347
242
669
583
871
169
332
851
271
245
975
529
712
819
224
727
443
649
399
479
724
439
713
415
978
591
626
748
364
493
529
869
928
863
396
157
326
862
469
979
523
967
543
259
643
549
562
212
473
869
853
179
845
883
166
583
867
855
522
487
715
136
866
523
174
381
677
495
265
836
767
928
639
649
594
949
396
992
239
936
547
132
283
787
411
211
846
291
545
484
174
823
498
223
614
237
848
824
327
923
492
387
115
537
322
567
373
918
324
145
572
387
699
723
382
353
717
854
478
378
497
131
458
732
728
224
215
957
892
592
469
914
691
416
254
584
625
587
673
519
246
623
743
293
731
536
545
282
497
861
438
362
631
149
341
298
453
459
517
727
253
467
298
765
673
467
137
823
443
295
659
682
955
325
531
966
862
342
385
926
566
134
857
374
517
639
274
182
169
371
867
581
814
216
984
415
783
158
843
677
733
294
282
582
161
121
756
515
731
491
114
175
171
961
341
216
853
375
356
575
638
553
452
986
294
982
477
447
164
445
536
465
364
333
588
456
995
824
818
435
471
182
382
716
537
499
813
327
677
613
962
565
324
673
637
696
887
369
331
399
863
982
864
782
322
519
437
157
181
386
399
634
187
394
587
443
478
152
479
571
162
188
519
635
311
361
256
853
189
358
264
412
854
364
281
355
929
261
237
564
567
963
154
367
992
327
511
734
776
516
656
129
658
497
336
415
322
597
978
428
991
732
132
545
797
894
557
496
537
625
832
465
161
394
716
274
139
639
693
178
259
724
295
495
599
648
656
638
982
577
832
528
895
584
364
311
791
195
966
476
599
494
564
913
927
534
749
773
313
828
654
969
212
114
647
795
873
281
157
499
718
864
392
572
415
178
246
979
277
812
192
646
451
975
528
135
644
856
539
342
345
344
744
297
229
169
498
796
392
488
142
327
934
156
598
134
147
891
819
417
236
251
135
421
479
333
145
148
173
177
488
596
633
937
769
488
931
423
651
845
267
499
283
352
599
649
642
997
361
447
752
257
424
272
139
781
332
631
152
728
384
235
519
398
814
162
282
822
575
758
877
934
941
551
233
866
227
612
892
864
131
262
593
369
253
494
968
381
934
316
725
833
672
482
285
595
725
218
255
962
649
193
465
986
325
334
269
356
681
935
583
118
612
476
465
579
211
438
152
939
797
816
347
513
816
271
563
566
735
979
371
372
648
416
319
415
811
581
217
942
227
241
151
862
561
185
712
758
451
416
734
973
366
271
713
872
885
716
978
587
784
172
614
662
116
426
229
777
283
484
623
316
234
999
175
485
911
225
614
655
828
143
415
649
146
432
174
752
655
744
598
958
243
733
582
797
192
336
886
121
674
421
279
652
334
339
389
534
359
155
985
864
788
236
135
621
968
843
181
316
184
638
863
382
819
919
258
854
585
145
187
143
973
298
497
563
246
525
453
963
449
195
667
183
372
414
831
373
653
237
652
519
532
759
561
364
778
556
786
269
365
571
185
134
676
845
388
697
175
345
126
324
753
617
836
768
284
957
655
965
168
152
525
285
374
572
287
392
912
798
795
197
672
875
691
683
471
386
637
277
282
719
741
378
834
612
355
363
296
822
725
924
519
557
496
757
148
626
459
263
381
658
295
862
339
583
878
631
678
649
319
618
268
142
635
129
653
352
223
843
325
495
561
179
887
845
148
792
334
481
496
397
526
835
273
129
182
862
255
384
587
589
534
896
799
715
213
788
548
811
225
633
512
477
864
642
312
266
776
912
879
762
823
994
585
998
497
795
322
676
181
983
848
559
531
839
313
311
594
388
518
569
232
195
534
223
282
142
557
236
992
742
369
352
664
946
423
856
677
818
216
421
885
861
673
959
613
467
641
787
633
535
994
956
945
499
446
265
556
119
992
717
931
819
958
445
255
996
734
539
287
692
753
164
191
876
676
326
783
258
185
725
952
875
133
445
241
848
147
417
266
796
972
173
556
288
432
559
178
149
723
323
223
379
285
433
653
138
841
558
352
565
428
532
254
686
145
889
568
319
132
625
988
497
872
436
217
528
534
374
917
385
575
173
176
175
796
715
117
849
986
812
349
652
541
396
174
815
986
529
436
634
337
767
871
243
145
248
951
945
889
134
924
139
565
365
242
976
416
597
366
238
236
224
195
397
613
223
326
892
515
976
211
416
396
963
752
655
128
155
183
924
318
494
342
767
722
627
274
358
512
437
978
246
834
152
365
946
456
687
772
376
924
663
478
969
144
855
646
883
629
157
321
962
521
383
689
684
149
817
339
786
348
565
979
798
187
781
316
866
347
741
117
328
724
677
735
626
943
652
647
879
893
714
624
755
169
581
345
328
367
537
827
136
696
876
119
796
396
554
551
373
362
785
918
121
227
793
475
476
829
222
895
271
612
184
834
564
326
488
183
649
811
444
436
179
875
654
164
679
585
491
894
456
539
151
263
976
117
917
372
225
754
599
881
767
942
348
965
346
257
348
676
188
226
292
318
597
565
581
498
423
476
632
944
915
229
575
146
267
863
265
454
691
868
288
419
839
679
381
667
181
357
232
834
116
826
887
198
285
685
726
249
993
119
777
942
832
586
595
995
375
572
242
157
592
664
449
364
696
569
829
121
982
747
924
165
978
488
388
443
362
741
522
331
546
931
556
216
317
448
654
878
577
599
638
317
369
937
955
448
343
596
221
776
629
579
277
823
134
949
765
655
712
651
735
188
235
446
563
377
756
248
925
697
247
281
832
858
229
457
345
848
886
242
548
219
937
799
195
146
552
644
966
691
753
123
627
555
494
286
549
566
625
773
822
829
161
654
645
983
666
475
621
849
943
588
412
642
162
756
783
827
285
284
267
929
639
377
966
427
952
694
853
472
683
564
169
429
235
241
879
849
295
384
191
156
169
438
148
539
375
199
235
994
867
618
616
248
918
657
815
163
168
939
637
783
892
188
471
414
461
259
938
764
122
285
152
473
841
727
256
361
418
216
333
289
348
295
835
179
824
859
926
749
391
126
873
467
967
536
973
953
469
554
946
723
813
759
615
419
986
559
675
224
443
428
399
923
345
115
252
126
815
931
369
578
159
872
412
115
565
988
793
185
674
936
365
185
888
419
659
545
284
869
587
142
656
158
652
755
674
748
352
338
964
742
655
588
681
111
886
182
626
567
494
384
558
924
293
596
533
749
437
218
734
998
348
211
974
446
435
812
344
687
987
547
598
381
795
395
433
417
719
157
657
751
184
169
885
318
755
392
182
396
662
826
441
897
754
874
917
133
226
973
872
815
998
477
643
933
176
434
837
363
711
932
846
888
629
673
878
394
817
264
374
449
729
625
438
669
869
738
122
183
212
694
724
793
334
661
385
667
677
263
866
199
231
726
726
362
683
631
657
819
747
592
981
532
223
249
234
933
336
739
344
552
629
688
212
646
591
171
457
933
584
178
472
572
492
538
835
665
863
724
238
383
517
686
291
347
979
376
942
885
395
762
774
536
653
913
643
546
539
914
812
238
249
477
619
182
122
448
654
328
593
795
337
681
164
636
176
944
735
573
621
657
485
192
193
357
379
896
678
378
929
778
526
443
743
445
363
488
354
664
699
283
669
668
263
267
223
786
415
552
115
728
891
268
663
912
416
813
348
597
721
845
463
799
332
796
798
869
816
977
843
786
361
852
679
828
661
595
638
266
541
574
741
479
213
972
132
376
264
876
278
811
379
792
475
941
512
682
292
168
748
673
931
132
555
441
669
894
149
728
324
626
436
977
248
931
244
852
639
144
766
524
868
616
561
895
829
493
422
573
128
253
317
637
214
693
748
498
932
548
685
452
987
844
285
158
411
329
736
428
736
676
177
118
294
667
662
681
213
166
913
153
168
596
159
224
735
182
175
646
645
512
688
766
742
944
952
981
622
294
612
562
399
854
539
545
459
966
876
657
184
159
227
493
216
318
548
469
367
715
789
773
866
583
152
971
239
133
349
722
124
777
396
632
269
942
745
717
789
331
746
225
233
535
124
575
592
864
312
896
939
949
527
394
761
379
166
865
477
336
324
938
789
274
233
765
632
592
358
999
674
194
841
422
562
919
672
963
967
465
371
339
351
885
876
953
169
797
351
885
671
188
971
933
748
418
926
546
163
276
676
331
894
143
398
637
979
559
433
372
436
776
518
632
911
535
868
176
528
388
566
587
185
361
697
338
636
663
477
626
415
975
436
616
964
513
463
771
915
655
782
665
226
855
943
863
265
391
978
395
851
639
533
914
626
485
464
921
888
238
121
585
463
432
142
331
846
527
825
252
572
659
194
311
254
279
855
486
678
854
827
292
731
789
335
619
572
782
889
268
743
922
179
965
871
727
122
152
638
567
189
164
737
381
799
559
333
741
819
428
727
386
416
963
548
213
931
563
413
566
685
625
318
884
419
227
621
516
335
327
234
281
459
868
735
343
446
849
351
618
786
795
873
573
663
796
715
923
432
216
196
751
648
726
393
543
567
356
782
183
731
435
915
959
862
339
496
466
625
421
173
329
778
865
168
795
911
783
671
665
779
517
278
744
396
524
956
365
793
167
232
289
239
251
323
941
356
241
769
532
817
157
642
783
782
126
344
688
128
363
868
189
147
326
749
493
792
699
145
725
874
855
915
922
264
374
879
982
315
582
453
479
688
766
134
847
181
482
299
177
439
782
769
137
437
257
464
729
947
494
222
238
383
933
456
321
446
595
359
762
597
145
632
444
426
827
814
657
967
889
114
114
417
978
981
257
599
499
989
263
227
919
623
379
389
365
589
982
951
777
774
988
638
637
211
414
289
453
143
993
476
776
765
651
324
955
336
816
435
721
243
498
865
572
579
452
667
417
958
514
635
741
425
295
644
256
713
261
991
325
282
655
253
565
464
273
116
896
272
136
766
926
665
951
528
952
825
217
442
916
559
551
885
966
717
589
133
191
281
989
295
277
796
848
221
884
643
755
863
913
511
294
283
226
966
661
915
759
385
859
858
971
517
971
754
773
452
284
954
779
222
379
478
492
573
899
464
471
999
385
456
485
115
886
424
223
258
941
277
736
883
716
528
314
644
125
375
367
791
442
579
832
275
784
586
279
569
272
746
716
339
164
186
112
515
927
934
783
454
223
175
438
886
677
378
465
967
815
142
143
549
567
776
673
575
984
751
276
622
514
786
957
573
787
151
654
855
737
268
742
462
514
156
615
214
981
284
924
963
469
729
352
454
619
477
329
934
462
888
525
146
682
153
279
487
356
772
395
811
549
281
121
678
555
916
435
879
496
296
611
832
682
457
659
591
262
113
817
564
977
687
992
767
845
549
655
657
827
587
725
878
828
257
562
117
215
834
164
452
363
181
579
589
632
419
396
319
378
328
841
786
344
831
711
252
859
222
256
377
569
567
523
691
778
828
926
626
746
978
979
871
298
755
757
171
528
546
318
757
822
996
356
271
572
649
539
635
681
731
814
837
622
378
759
113
388
428
733
578
549
441
477
166
718
157
634
233
614
462
157
282
336
455
146
162
754
447
237
664
212
886
621
522
521
684
132
562
165
438
486
959
941
264
115
836
916
763
672
755
794
537
343
784
361
135
513
437
715
892
434
275
161
677
481
291
768
637
663
412
744
565
313
872
548
342
962
238
883
942
816
996
669
485
578
354
778
164
761
315
449
696
738
889
518
156
864
466
538
361
927
455
684
258
561
665
681
643
343
855
479
397
537
897
424
168
232
678
374
421
413
974
368
597
137
251
734
369
957
278
315
739
826
686
641
615
564
718
426
321
513
124
539
935
565
679
872
256
224
146
752
192
586
943
856
454
889
137
167
227
428
439
252
838
583
665
582
882
922
959
912
299
587
394
143
555
278
629
618
992
441
878
131
935
952
688
712
144
424
699
843
727
888
952
784
824
129
482
388
453
316
592
149
774
339
666
328
388
677
827
343
754
645
693
319
278
954
617
946
819
371
829
331
878
833
341
378
587
199
557
166
789
131
997
944
418
765
996
448
135
493
897
156
438
971
374
377
248
855
898
876
473
449
975
385
725
774
518
817
983
515
924
448
429
439
675
448
726
196
488
238
933
448
745
598
144
452
124
829
847
385
379
341
199
731
924
849
389
361
133
868
681
184
516
481
142
392
164
661
965
816
497
825
287
682
437
887
847
681
635
599
326
756
251
546
968
534
139
641
468
794
445
247
187
559
275
937
612
369
532
916
315
391
843
435
992
266
332
746
889
492
822
793
752
859
342
437
881
226
252
596
947
873
129
417
575
861
225
712
989
334
972
781
945
554
269
676
251
579
576
567
735
876
147
933
716
554
295
561
478
532
213
286
838
213
216
923
171
675
585
777
197
495
327
626
425
879
746
698
571
753
834
153
326
618
127
524
832
358
981
451
544
642
578
242
683
538
542
919
221
759
917
135
258
118
376
449
569
813
815
711
336
899
143
216
146
281
948
263
295
267
838
641
288
967
397
762
331
421
948
848
797
169
957
944
469
427
589
263
331
952
999
846
374
466
854
932
568
416
342
849
879
866
985
853
933
845
323
138
812
516
692
144
429
796
481
361
155
233
295
427
789
815
418
323
974
789
451
498
637
223
336
828
923
241
884
167
182
633
636
439
878
398
344
831
917
735
432
151
943
943
844
866
471
571
176
153
191
326
419
338
539
749
149
557
469
776
419
249
951
972
159
751
373
357
818
151
761
364
683
377
273
954
476
211
787
843
848
793
262
898
328
742
391
353
636
345
916
943
959
588
197
146
238
575
215
219
277
445
818
149
356
379
656
762
921
632
191
727
817
998
649
297
891
681
216
142
755
795
196
336
274
253
891
136
956
397
959
443
625
289
457
858
858
852
496
352
997
965
747
366
973
348
887
812
936
879
237
219
346
444
967
817
268
751
714
691
611
513
945
281
252
827
499
495
961
481
383
331
784
649
467
964
634
855
916
946
374
321
858
991
651
534
561
572
388
193
617
925
536
619
587
876
167
229
527
696
532
546
328
389
848
493
643
539
964
348
229
482
416
169
368
576
486
599
325
672
725
585
285
194
599
533
265
762
398
391
548
321
481
686
234
731
959
556
985
644
921
583
737
434
144
715
459
134
369
525
535
464
439
494
847
224
879
327
194
413
298
979
375
337
667
778
778
396
546
733
541
814
581
518
635
742
813
961
127
283
282
145
391
882
392
222
776
796
428
684
294
157
286
696
859
793
785
889
165
644
312
681
728
664
297
261
926
381
695
293
214
648
873
564
843
817
126
237
889
273
257
754
998
894
825
899
848
792
532
397
866
421
863
727
682
732
393
567
371
527
213
668
649
315
872
699
662
593
998
875
244
271
362
111
913
177
327
686
687
955
149
841
799
559
538
437
531
485
773
746
775
684
292
393
612
719
125
629
475
169
981
511
344
891
972
584
915
648
819
433
161
856
793
955
618
749
345
317
763
735
324
891
567
366
985
541
438
737
772
931
371
317
412
819
683
429
746
355
869
599
547
881
991
258
629
321
828
864
932
299
724
167
378
832
354
813
415
115
732
896
768
555
814
916
632
851
491
925
189
737
953
789
548
244
861
195
534
425
413
647
725
687
436
736
966
929
588
788
421
163
888
339
586
327
874
396
245
869
178
425
848
146
666
928
297
878
342
646
797
717
576
383
579
568
839
543
795
449
781
446
314
654
945
537
937
422
622
841
169
627
134
972
543
733
545
375
661
215
415
458
841
564
185
777
332
965
894
992
668
827
615
893
117
421
915
516
346
367
825
822
982
458
667
549
354
872
816
765
688
645
783
151
962
132
477
471
352
878
333
363
615
259
811
372
935
459
384
131
913
652
546
413
946
957
339
829
286
183
981
267
578
871
312
524
751
981
832
214
151
238
493
542
869
698
247
959
825
553
695
561
285
749
445
719
341
536
181
952
174
449
769
246
729
787
284
361
998
711
447
383
369
119
975
285
553
717
156
634
148
234
644
545
328
856
296
889
777
414
566
347
223
153
347
422
676
479
898
912
859
525
321
126
653
861
134
514
729
857
521
357
887
744
774
848
664
421
562
595
739
653
573
918
492
589
347
247
145
119
624
849
228
418
727
122
773
439
372
494
224
566
691
489
479
885
711
427
981
398
544
753
298
433
194
516
516
787
614
591
928
165
315
881
572
287
728
116
258
475
444
335
473
754
289
252
141
359
763
531
121
393
574
884
219
658
583
169
514
389
641
345
133
297
591
823
389
623
611
474
549
931
536
689
296
646
113
579
854
351
498
798
875
626
514
469
124
991
968
537
973
772
974
497
359
618
854
273
136
837
627
455
565
167
398
792
162
427
382
947
237
141
977
748
725
393
858
161
745
427
258
641
226
213
817
541
923
848
666
966
529
356
757
624
166
825
869
875
343
982
793
134
645
291
727
333
413
364
765
583
669
938
397
234
971
431
931
181
598
715
149
469
614
214
319
862
433
539
129
863
711
665
255
798
148
534
199
113
982
264
657
586
551
111
988
149
435
811
431
973
694
767
552
315
968
516
362
397
813
255
866
449
843
832
985
352
237
796
184
482
899
398
856
312
592
981
286
376
444
827
581
672
487
171
953
124
246
325
531
914
429
395
573
444
178
722
138
826
525
959
464
623
434
545
648
798
757
512
313
898
521
431
677
361
464
269
225
276
221
115
727
159
782
955
193
687
467
638
486
835
738
795
514
581
923
292
624
526
659
985
448
999
743
588
286
495
515
797
837
228
395
188
378
338
376
234
888
164
497
747
185
545
622
352
471
787
953
336
269
884
518
737
564
837
116
137
129
167
761
552
255
698
749
835
654
581
379
213
431
338
388
598
951
952
187
927
343
339
978
785
533
766
644
336
252
744
819
323
877
629
897
625
942
185
198
268
188
899
669
397
926
194
195
939
693
649
949
869
643
818
963
927
131
717
812
268
684
656
489
493
836
693
632
265
863
871
494
486
166
964
861
655
385
983
983
331
832
163
661
112
137
481
931
815
444
694
217
546
935
519
978
947
718
241
244
561
282
178
596
444
498
548
855
998
558
855
675
281
963
487
871
537
546
294
239
343
174
378
254
517
454
797
411
121
526
277
758
686
746
695
713
985
853
832
848
435
418
196
321
225
331
421
933
993
268
623
539
988
441
644
378
152
374
178
715
395
439
431
753
111
785
365
941
883
252
375
495
337
419
421
337
866
427
738
949
871
935
988
348
448
856
136
614
959
823
517
289
735
465
747
594
528
435
232
346
322
794
962
125
884
553
492
812
972
573
468
571
536
499
869
375
457
441
764
998
339
778
123
866
755
492
872
558
363
827
274
743
234
219
611
399
929
845
358
784
484
819
783
838
257
242
243
638
846
866
556
191
727
347
611
614
589
558
349
138
858
335
315
173
674
557
172
378
155
647
382
744
945
698
522
625
414
864
121
754
523
872
887
723
286
343
846
634
336
868
376
177
583
898
134
114
543
458
918
165
854
498
879
672
963
851
736
882
356
977
252
919
177
788
648
422
776
547
693
145
844
268
153
983
425
774
654
859
869
125
445
524
244
624
784
636
444
974
168
326
793
928
126
949
713
178
164
294
419
421
751
523
245
515
739
222
234
159
394
121
828
124
417
639
984
246
923
556
734
115
589
891
347
862