1453
2355
4471
7505
1356
4242
7159
9811
1140
5065
9981
4576
3683
8260
7046
2513
1796
7518
8846
9254
1990
1892
932
8454
9174
9734
2849
5758
3265
3061
6397
2819
7112
8675
9047
6433
9982
329
5157
8173
5050
2290
3404
455
9604
9174
8100
9449
2631
6615
1901
290
5258
2954
8031
5470
8965
6292
2255
4487
9580
6099
7466
2034
9705
1815
4078
9416
1917
1234
2604
935
3446
1957
9646
4598
5154
8191
6338
3744
5418
3401
4920
9320
2531
113
80
5816
4495
1309
4280
8768
7152
2300
9399
9874
3799
9907
535
9757
7475
2948
3557
5091
2852
9544
5982
5242
533
6006
1708
901
4219
4704
2055
9710
7898
4001
6120
8986
239
8967
4117
3673
3282
9347
8550
9296
4852
5404
1196
6789
1783
9838
6588
2907
7294
5484
3880
1041
9734
918
9802
5125
8643
6903
1088
5289
3117
8033
910
1113
3853
1580
7271
2965
7000
1672
9406
9301
6054
2487
2275
3656
4313
6921
3473
9078
9083
5697
7335
8543
394
8391
4988
7501
9671
2510
9518
4011
4182
3113
670
1025
3858
3394
2578
4459
3946
7602
1732
9421
9664
5306
2870
7281
7987
4609
8165
9746
4773
8952
882
979
4587
884
8872
9283
9409
4895
5971
4373
3674
7095
7630
713
8675
8291
4235
9084
9211
2911
5871
8060
3251
3306
7069
8001
3267
6814
540
6921
320
1885
6462
6569
1631
6453
7585
9308
156
2456
7277
4315
1164
1906
8120
9706
8116
2639
2548
7233
9205
2490
6032
4626
9473
6368
2005
3907
9748
4094
1646
6171
9886
7729
1012
5177
133
6979
1937
1059
1333
8225
4137
7041
2911
1005
6774
8187
6598
6290
6785
3180
5303
2041
7006
1150
6759
5338
1931
2574
3021
9995
3260
8607
2110
9462
7150
9982
7550
7609
3073
5918
664
9248
9637
8383
4848
7110
8600
5161
9937
8129
5251
1487
7939
29
6018
7466
1757
746
1268
9869
1187
2206
4399
2318
143
8505
7987
672
6387
7280
1765
2421
2873
2754
1063
9304
4444
6065
1021
6441
7911
9111
8567
4603
6158
506
3447
1602
6953
5274
1032
9753
9583
8852
801
1137
7038
3357
577
1095
1028
364
5325
3574
4767
273
325
6774
2934
9656
4653
4166
882
4764
5162
9018
8781
2881
3897
6309
8182
9271
3106
5266
9346
8612
8919
738
9938
1640
9910
5488
2786
7087
2289
1968
7471
9604
2441
8193
5422
4034
5652
7182
8941
1695
2751
9528
6312
4382
5818
431
8352
4913
913
4146
6930
4987
3787
3372
8204
9503
646
9139
287
2905
4537
1007
4383
9041
8689
2109
6588
5514
4177
2330
9879
235
5100
388
4551
3637
4635
363
9097
3959
1612
6622
6201
9036
4323
47
1942
6433
4950
8277
8889
1932
8992
7625
2346
3977
4390
5200
8314
2520
393
2974
8328
6735
7637
1909
2412
5311
6308
4339
672
7687
9759
7003
9914
5083
5896
9364
5951
9902
3655
6436
5646
7932
2819
5064
9180
5985
933
6505
7244
5410
7650
1727
1372
1580
4365
6027
5383
2700
7019
236
1304
7626
1999
881
827
7499
9898
2103
1763
1338
7164
5551
8859
8911
4682
5628
6519
1313
1879
3959
5325
1855
242
1848
1381
2439
8691
3745
129
3998
7203
4526
1295
1341
640
4141
2009
4852
4842
6240
2360
9107
7300
1275
2905
7403
6184
5081
1008
6638
4877
9840
487
4166
511
9123
4430
3193
920
6323
6433
9499
2949
5103
2418
3425
751
8351
3819
9749
4433
951
3673
9742
6303
3040
4681
1344
885
211
2620
4645
4907
6976
3642
3228
1863
5746
7088
3411
296
5290
8977
6825
6235
4948
8531
6888
3725
2885
9276
9749
7102
9533
3054
3103
4686
3661
3077
3240
3012
5949
5885
1376
5783
7253
6449
230
9744
4368
6431
815
6447
3441
2182
5155
9590
9823
327
7295
9821
784
1561
9897
6345
9468
7666
558
3322
3927
882
4404
4519
8880
325
1570
1981
2849
538
1228
1409
5481
9638
7686
307
7452
6292
9393
8424
2740
4273
1739
2730
988
7896
5263
9469
9226
5715
9859
7737
7573
6916
4649
7442
3050
6433
8427
925
1501
4908
4040
8398
6314
4933
5458
6871
8191
4815
8385
8940
4577
810
6125
8902
8832
4672
5965
4590
8997
6868
2878
8323
37
6740
5921
4226
3965
5150
4470
7827
6579
6996
4451
6838
2584
5964
3881
5893
6448
2211
9779
7956
1624
6658
359
4258
9317
2252
1750
7544
632
3204
1455
8510
4892
5817
7370
1393
6363
3537
4798
3241
828
2505
2049
7506
1976
1397
51
3480
1346
2932
4372
4682
6601
9918
5993
3284
5271
257
7476
8687
4676
3512
2040
1272
2240
5378
4295
9818
6730
2608
5655
1302
5547
6731
1831
552
8534
9186
7451
4775
5015
9470
8567
6764
5650
5299
2959
5858
8570
995
9848
7308
8104
1508
1800
1750
6994
6712
5669
5685
6623
1601
866
3507
1831
3256
1639
9990
28
2856
208
4274
2538
1062
9341
1722
6386
207
7155
3837
5522
147
3
6641
6173
5206
3629
3701
2078
829
3749
4449
1449
5434
9805
8778
6684
3923
9176
9980
3530
7580
8642
9650
7279
3575
9943
5579
4332
5340
5878
9633
1367
2057
1848
531
3481
2715
6630
3683
1671
7279
241
8067
2311
8589
8766
5798
1491
3158
858
4822
5270
3512
6488
7819
6872
8631
2624
2325
2045
6417
521
8546
9028
4758
7571
8184
8304
5893
3648
9056
5736
7682
1444
3530
4981
9122
3377
5054
8625
3153
3256
2854
6029
1457
2650
4987
7564
3501
855
1835
2094
3134
9327
5223
6175
172
509
6311
7913
7242
7650
7036
9760
7688
2547
805
9413
3257
7251
7823
7446
14
1658
1908
3330
5678
7881
1044
3097
7548
8300
8728
1549
2162
770
3002
2577
1695
9784
6499
5017
7486
7052
8384
8806
595
9386
2861
3179
7904
6907
9901
4467
4995
5583
5512
7444
8471
2870
6612
8621
9412
3458
5890
7836
7972
2276
2003
1592
3916
9398
3806
3379
2889
4131
9203
5687
270
8765
4904
4320
5134
7579
5416
842
4664
6891
7530
9352
8536
3918
1160
2908
1405
8117
2208
391
9818
3844
5156
6985
5900
2984
2780
6693
9401
1565
9162
602
6732
2460
5934
9215
4984
2356
9749
6084
1277
9825
4266
9470
7719
9567
8012
435
3836
4087
1296
7066
1980
9407
2299
9391
5769
7205
7857
7211
2067
8951
7013
5294
745
936
6482
3570
6668
9415
2882
7504
5385
1144
3392
1055
3810
4653
7036
851
5583
9193
2114
537
9565
9774
8679
5068
1529
2803
2827
6877
527
9307
2072
6055
7804
5804
7374
8009
8597
3223
6779
2890
5296
6034
7568
5078
6780
1092
8186
4499
2963
1965
448
3903
6367
9018
1869
7869
7355
6920
6550
2655
6991
9689
571
1078
1608
1091
9435
3593
9991
2518
5674
1818
5133
5000
7773
4590
1973
5385
2495
2997
2373
1187
1415
3014
6926
4347
5712
9342
2426
2430
3412
188
9572
6090
9028
2570
8684
2876
2803
9067
1712
7844
3101
7683
9805
7834
6739
9442
6120
9321
2742
7802
7374
2955
1051
3074
6277
4573
1440
7448
9086
9192
342
7297
2915
6314
2157
1435
6056
2098
3684
947
1139
2602
4356
5752
3125
5157
3158
7075
9808
3638
3412
2933
5521
5394
9642
3986
1890
458
813
4831
3026
3905
4882
6311
1012
1621
4060
7485
2201
6450
1711
3637
3393
2220
3345
8884
4717
4072
5828
1477
358
2015
812
7890
9757
3398
5392
9466
8412
5954
3537
4426
3519
458
2388
4241
7097
8044
7939
450
6049
6878
1531
8804
2425
5999
261
4927
9572
2919
43
7133
6148
7070
2684
2900
2133
7984
5141
6967
8607
1476
2094
3805
9155
3172
7829
3459
8932
9260
588
6620
2548
4247
685
171
4971
7616
5245
1208
8835
8522
914
2268
1619
4220
1293
7783
7304
2662
4926
1444
7947
5476
2823
5622
76
3581
218
9195
3035
6527
7445
1198
4346
2694
3281
2768
8612
5313
5423
2602
7208
3014
5326
4855
578
34
7869
1400
6039
5866
4787
7254
8394
4166
1136
1366
5122
6008
4442
2485
4653
4562
1081
5808
8486
1525
4295
5898
6442
3091
9114
7989
9082
1148
4235
5466
4725
1019
6595
2235
1773
2706
6533
9913
3272
5748
2119
7296
5414
2726
372
5178
904
7979
4306
2426
6041
4934
5813
9742
654
6588
965
1485
3281
2509
8212
9670
6207
8719
6771
9306
9136
12
5298
5496
7641
1079
7168
8390
2574
6505
6460
4057
4661
5416
3250
8445
8376
3854
721
8515
5976
4188
8480
4018
2689
3144
1037
4646
7618
5532
91
9110
842
1431
5586
8967
996
3888
7032
4075
6482
7786
87
8120
4823
4936
6694
2747
8875
9241
6364
6684
4626
9012
6760
5456
6033
7273
8615
1255
9432
9467
9792
5714
3549
7013
1055
3373
7879
7706
3316
4554
9205
9423
7802
5293
9252
1940
7207
3429
1613
8132
9674
695
8371
8031
8515
2330
6917
2782
9967
2248
8006
6522
2052
817
2904
2897
3229
6181
3370
500
1815
2232
2528
1975
1941
6129
8923
2593
8472
6180
7977
5407
9556
8598
5050
2396
3501
1578
6076
6321
8663
4303
8441
5478
9952
8633
8437
1164
7635
9222
2287
338
9198
7318
5984
1451
2078
4715
2542
7276
3893
6176
8873
6157
9210
834
6168
6913
3425
224
3968
5886
5192
4153
7774
2302
3930
425
588
614
2356
6858
280
8862
9312
5909
8538
7190
5985
1578
6127
2197
5680
8165
2947
2803
7863
7784
3079
1751
5779
1670
2231
8262
6014
9630
7394
8693
598
8622
66
4521
9698
1172
1815
1312
2466
3898
220
7678
6258
186
3735
1077
4760
2015
8860
244
3303
277
2303
665
5529
7682
7198
2386
9243
5143
2178
6412
6427
1236
7123
9462
7441
5269
7166
8322
1395
8115
7591
8992
213
1766
5470
7310
7819
6328
111
9295
1044
3176
5846
7838
458
3743
7554
3677
5514
5236
5538
8011
3260
8154
1937
2109
3386
5965
9820
4320
2555
7454
5300
3983
1143
6430
8812
5870
4583
9200
6700
810
9565
565
2417
5741
6710
724
5832
965
2013
3877
4941
6233
8459
5868
6120
7102
4735
5529
3073
1107
5605
3670
6730
5797
1414
7493
5202
4098
2321
745
9357
2048
300
6796
1858
8359
1671
5416
2845
7790
1819
5943
9297
3554
4516
1982
5262
1332
6555
8801
5219
6390
519
8690
6075
36
184
8200
2832
9240
9619
9008
2553
5878
1957
8721
8381
4893
2310
993
4857
1682
2156
2444
5781
7089
431
5048
255
9192
4647
4441
9806
4934
5935
3027
1607
5255
1209
6260
7016
7125
6096
6678
5080
3732
4193
4299
9378
2956
7073
386
5260
3841
8230
8778
3365
2188
6852
9980
6207
432
8342
2182
2844
294
2562
9108
6179
7123
6532
3989
2693
2334
5281
4649
1650
3479
8717
5874
5273
2787
168
7687
7702
884
3119
9024
9511
9431
4678
9977
8064
4898
7396
6330
4457
5108
2755
9251
3899
2320
1629
996
688
6865
2111
420
2793
2184
9414
1780
3763
662
84
7406
7219
623
8168
8539
9750
7188
3808
3784
2340
7495
2599
8356
2729
6032
6308
2550
2397
2428
528
4598
7558
4829
9998
4463
7650
5712
8544
9280
9629
2829
2291
5977
8808
7928
8129
676
6660
3574
690
7263
3798
9646
6988
2601
6394
1695
9506
1109
5873
3594
7037
3541
5792
4378
775
8530
6767
9553
6666
906
5989
1748
9917
1643
2685
9534
1601
8771
4255
7830
1313
4175
1657
1122
8942
8852
8289
7542
2161
8118
9122
3458
8779
7809
1561
8578
2517
5377
1592
7406
3
6327
3894
3396
5289
4354
7030
2279
2247
1188
5849
6363
6
9941
852
2613
9802
2590
2868
5819
2101
3065
4063
4574
3052
8221
3296
7802
7497
9544
6644
859
7597
9894
3095
1420
5262
6639
3815
2213
2107
9548
6798
4641
1669
8838
2531
2091
7301
9805
7492
8742
8137
3903
3920
6065
7780
8436
4062
6132
7469
6152
5485
8040
5736
9543
3389
6142
1232
8314
6217
4610
8287
221
4253
5530
9342
4095
1600
5412
955
4378
8473
8848
8478
2964
2558
5682
2725
4284
6654
4626
5035
2184
315
8092
9275
3222
3413
1833
1227
4823
3343
7971
6412
3507
21
5070
9641
1470
2670
6940
8608
7092
5037
7364
9240
123
1783
8357
5232
8061
3468
1733
2715
2296
5352
7640
1226
7322
7665
6578
8332
866
3233
1888
4903
2376
4490
1375
5377
1485
8311
2695
1690
1953
1373
1208
8697
8844
2055
371
3455
2633
3429
8620
4096
7085
184
3324
6271
7629
879
5529
8002
2555
6584
5476
1427
7753
2038
3329
5276
5715
8921
8143
9413
2064
9310
4082
8279
4231
1432
574
9524
520
5951
6010
7678
7049
6913
9821
2782
2937
6567
8675
3943
8307
2652
6029
1458
1035
5316
4161
1328
9323
445
6582
4926
4651
1197
2049
7540
3412
1242
2778
3967
170
1316
6871
5822
1606
9521
2207
1609
3867
5208
1136
8512
3408
8514
9569
7110
3737
8387
6377
5288
7915
5737
2625
3432
7223
6771
9020
8814
5950
6806
5748
5101
8158
586
3497
3215
7668
3455
8312
917
2214
1831
9204
2333
9816
1671
4935
640
3192
9004
6836
870
7086
8639
1274
1338
7336
3724
8825
9394
6148
4522
4269
4580
7342
1944
2961
6909
491
6331
4484
9856
6518
585
1081
4256
9215
1095
5202
7429
5837
4207
1426
9702
4899
7571
8283
6167
4985
7389
8592
1706
523
202
2139
4534
1504
9657
6051
919
3424
6809
20
1990
8767
4066
9675
735
2414
7039
4196
9299
8562
1001
2721
8427
2563
9896
1074
2723
9508
4617
2798
5004
24
5428
3881
5012
1068
6823
7070
8679
6314
882
4852
70
3875
1107
5965
3820
4118
7141
6308
9836
9316
3148
2008
5227
2792
5383
7076
3840
5314
5189
7296
5830
8830
4379
918
9646
9698
7874
1453
7392
7422
423
7625
7213
3192
6396
1609
8559
3675
3555
4899
5277
8592
1008
3554
8781
556
4408
6431
7129
316
4558
9004
5590
8399
2145
233
6181
2947
6902
5696
9832
2395
2666
6814
6442
3430
8002
2132
5108
736
2451
9350
941
1149
7320
4986
1077
5453
249
9919
5556
7882
5663
1866
3064
5927
5158
373
126
5733
2754
4027
325
5736
5803
1807
2774
9887
6239
2115
5700
5819
6631
3651
4249
3935
1988
3296
8459
5655
6814
975
9742
7278
1571
950
4517
5321
6752
5016
3181
2430
2682
8720
5404
7743
7555
4102
9221
9727
9972
2605
4024
4256
1227
6188
4619
3315
9506
8265
4365
9668
54
9158
9820
3714
2392
7743
3573
5281
2600
9353
6416
3877
2396
471
8159
225
764
2758
4176
9996
3991
3274
4684
1990
5940
374
3454
951
8219
1572
6573
2230
5338
6951
6358
5779
1711
4488
3680
9540
5361
2671
3243
7564
8192
6329
8744
3768
9742
1928
6631
7993
3971
6903
5782
2896
2116
4501
1530
4690
7560
7209
4273
1709
5507
3927
5931
1229
9345
4938
6632
62
22
2827
850
1592
3940
4838
5327
951
1696
1673
2037
4133
6776
1714
1225
8145
8494
4696
9368
7802
4142
8745
7026
162
9235
245
1466
7034
8541
7881
6599
8757
5742
5097
2227
7732
1070
5990
2819
1976
4428
3523
3550
6202
7299
8671
74
8591
3209
5624
9719
3851
6833
3511
4476
8416
2657
1614
3940
6699
7810
6560
9339
2598
591
3138
5884
661
5779
7078
429
6754
7601
3749
2080
2292
8345
8021
5622
4568
19
532
2127
9394
6479
4729
1942
8990
3040
1120
9702
2440
8620
1551
9611
880
4203
6812
6383
4063
2020
6656
4782
6674
5217
7662
2347
318
1458
936
3088
4451
9895
5264
2754
610
638
5701
9504
3737
2861
3900
8914
6721
4631
9519
978
7512
5028
2293
6463
9168
9790
4420
7473
8875
424
6019
1105
8859
8068
4435
4110
1828
1731
8676
3517
1970
9152
3300
6819
6915
796
5970
6874
7078
6362
4156
3301
6699
3837
3543
2344
500
6465
126
7126
9844
5406
6983
1522
534
7200
6678
701
7482
8958
1037
1719
5251
9977
3317
1867
2843
5326
5329
8550
7996
1412
9416
8963
6101
7000
6175
566
9164
1486
3474
3192
4806
4196
3313
9790
7236
8740
3122
359
2357
6402
7206
5938
3998
6524
2955
7649
5696
5947
4316
55
8489
9167
211
4919
6117
6396
1103
921
4206
6960
7123
6958
2340
6748
2135
8674
7991
6533
4104
6755
8796
5036
3554
3931
5958
3110
9148
3123
5483
1684
143
6218
3262
9653
5505
9002
857
347
9739
407
4550
4637
7059
7688
7243
1747
3086
4311
102
3727
7574
7879
9114
941
4957
6099
5718
6645
6020
4897
9607
8582
7714
5469
3200
2244
4120
1792
1249
3951
3246
2779
9672
2233
3881
7253
9796
6989
9731
5572
3024
5040
6608
9589
2382
1234
6527
6765
4645
5476
4155
106
6336
1018
7390
5910
5027
5891
4280
7284
4786
5755
4397
2403
7225
551
2280
7573
8632
7526
6498
5670
3154
6245
1909
3515
6753
9891
6166
4619
4648
7516
3166
7315
9726
8940
2582
9858
8878
4428
2085
4771
9444
7633
1704
8537
415
3809
7543
1258
333
8658
4849
4185
4433
4111
3460
7042
496
5695
7917
7872
2964
3023
8897
7211
9355
4435
2272
1998
2122
7818
5343
5156
740
8861
1429
3864
4705
2980
3154
4632
4470
3390
1199
1786
5344
9780
4141
5289
2294
2734
7873
5202
3912
536
2743
5938
1069
3863
6051
5248
1099
9510
5932
304
9608
3364
2072
49
8349
8327
8032
9281
8051
2844
3755
3392
1669
4529
1465
9457
6033
4358
407
2713
6796
207
7303
8949
4520
3525
5296
5075
7065
419
3948
3868
7835
7560
653
5632
1755
1357
9391
3493
3814
3626
7214
6763
9802
772
1437
8126
5712
960
1594
39
185
1344
4069
218
5943
4254
1635
9352
8472
1778
5683
1869
5747
787
1161
4705
8194
4298
5659
9798
2037
4172
1093
1515
7761
1285
6433
6167
8967
1502
2014
7033
5185
6437
934
6154
3868
9686
9694
9204
2336
7560
8207
1627
9376
254
738
9675
7937
6658
816
5748
7987
9704
6550
6204
7205
599
3370
5624
7546
8399
4959
3675
3162
7071
2742
4559
1660
3493
903
1939
6057
6645
7199
5582
4320
3625
7208
1935
3478
96
9290
3912
6170
5468
5791
4554
8140
2175
4731
1385
7258
3393
8518
6650
626
559
7790
5816
1956
6018
1838
4293
5517
9482
7092
7323
8905
7102
3005
2614
7891
5271
5573
2197
7975
5508
7543
6157
7292
112
7483
9690
5083
5528
445
9686
2735
671
6540
4824
9282
8878
2883
3497
1319
4802
4208
2519
1762
1730
8130
6387
795
7810
2289
2276
9915
9466
6545
6136
8587
4616
6648
372
3288
3468
9828
7500
7738
6350
9962
3684
995
2122
288
4842
8328
1960
4062
3676
997
4806
462
2210
8579
3315
4298
5808
8744
9563
7033
1405
7337
1750
1988
5318
9085
4308
2975
2009
253
1692
912
7141
7355
1456
9088
2583
2048
7965
7276
4448
3468
6702
743
2871
9083
1299
4098
9076
7457
3282
2537
861
5318
9738
8900
7075
7412
311
8318
7953
2900
2896
1976
9962
9986
8097
1823
615
32
8527
3936
8914
9614
6639
1979
456
4472
8030
6553
21
5170
6196
333
4735
6765
320
7104
9105
4871
2896
8141
4721
1246
3179
7371
6353
5080
5781
957
1286
8794
3816
4101
183
5820
6734
8603
5294
6999
5969
6707
7001
8351
3413
5864
1601
1823
4142
4287
7076
8207
4967
4914
5442
2184
1356
7426
9489
1410
6534
7590
5023
8208
4587
4635
8942
496
9040
8339
8534
6569
5516
4415
8430
632
6765
3500
7776
5292
4138
5825
1374
7613
6132
2691
9764
4189
3871
9734
7531
843
442
3258
133
9031
4810
6445
6521
693
3768
3934
6448
7468
6117
8119
9301
9557
45
6713
249
7409
9210
4424
5440
3043
7820
5611
2894
8647
4632
2652
8372
4555
9117
2440
3335
3429
5301
7243
8699
9127
4775
8623
2528
491
7766
4427
2547
9227
3831
899
2141
8507
3802
785
3392
4769
9094
9286
1659
5039
2239
3881
4389
8395
7339
4289
3765
6767
2997
3436
7085
835
8805
4107
9085
4388
7184
2715
9904
8859
7962
7323
9631
4853
1729
1363
6273
7788
6464
5389
3396
1132
3223
5677
1131
9159
5633
8343
5824
1188
5466
6705
8676
256
1451
1244
5435
1043
8412
6702
1133
2133
6196
8181
3115
9948
7452
627
7696
7671
9861
3433
6919
7872
3758
305
2003
9015
5075
2785
5442
8918
6492
308
8690
9530
4771
9908
733
6647
8521
7496
5410
9632
9161
5650
8527
1633
3694
5068
8360
2580
4933
9303
4889
6883
8850
9725
1074
9241
3855
8564
7739
5551
7710
4631
3223
6355
7793
3696
991
5183
5655
7005
1233
9829
9530
9136
7722
7055
7983
1135
6593
8286
1837
1309
8297
7727
5757
5889
9428
8383
2672
5116
6971
7658
7327
9468
5263
7185
9512
9834
9606
8635
5317
9069
8255
7998
1301
4256
2475
1481
3860
9190
5657
4195
7911
9087
3843
6361
9976
7306
1388
5673
690
4745
5840
1899
5015
8089
1174
812
2182
8248
6681
3675
2108
5739
6835
3489
5742
2908
2801
9996
6665
281
2585
7889
8328
4270
3003
6142
7834
2070
5514
3634
7222
4262
2804
7103
6104
9269
3187
4558
852
5104
8782
5186
1162
4268
691
3520
5753
8463
8483
6049
5414
5083
7427
5610
4559
7563
6370
7308
9257
4666
6812
8682
7049
8068
4660
5062
494
2768
8255
8581
9386
4808
634
3752
3528
5813
8260
5075
5410
2306
6461
8211
2079
2257
2422
5430
5310
4407
7649
3114
4898
2094
598
8270
8462
7406
8266
1423
9642
3108
5016
5057
1181
1498
660
1779
3030
9929
8952
7903
6179
93
4358
2785
8437
3145
8552
8476
9650
110
8355
2626
3196
3132
7370
685
2187
8332
9425
9660
7275
1756
8412
5877
4127
1690
4212
1982
2983
6314
5184
625
7854
2473
8973
7152
9150
4040
453
8084
3326
4
2080
4769
5984
9770
4113
960
3663
1490
9341
6506
1378
4158
3193
6500
1772
8580
4096
8456
304
9959
458
1746
584
9085
8366
8837
1464
1193
5834
1474
3298
2879
2466
6786
6116
7150
6778
2489
2204
3160
3627
2875
8224
920
8834
6041
7588
5617
4010
9463
9634
1473
712
3045
6308
8488
8409
9353
273
8806
9535
7867
1093
9796
3179
8338
3317
1363
8480
8656
7799
3865
4854
7722
3161
3196
6599
317
5997
7240
7473
6562
1232
5480
1596
5937
9755
2428
3982
9509
1311
9876
6803
3041
1940
3556
477
9308
1957
6548
6141
3673
1282
1982
9440
151
3008
3957
6429
7050
1484
1424
2652
4764
7503
383
3682
2526
4471
203
4948
7416
1821
9047
285
3899
6662
7478
5965
7821
5821
8353
6089
6545
9042
8285
4943
5450
7581
2816
3935
1735
3431
7766
4332
5304
6328
4251
9524
9324
8903
3252
3339
9540
4482
7711
9250
959
8587
9134
1967
2612
7475
7513
9145
8224
4395
360
8330
5545
5780
3585
51
7840
5730
9129
5064
3253
9783
3755
8983
1600
1200
6287
8302
3206
7421
8885
6326
5454
587
8204
7924
9105
1497
8829
4012
9029
9601
4180
2654
3006
1080
1146
5291
7049
3088
4850
4598
4518
210
1518
6699
7152
1169
8377
8946
343
366
9293
1304
188
343
8575
6037
8492
4534
2627
1062
9258
6495
6207
3798
3334
5581
5616
9178
1331
9597
6437
7450
4680
9451
9518
9522
1063
4686
8724
6490
6100
7756
6314
27
2737
7519
6575
8282
9737
5671
3861
2731
506
3661
805
4259
4959
9668
9434
8427
9485
31
2919
6112
101
2002
1136
166
7159
4639
7597
5779
1195
6836
629
836
8142
8375
2596
7485
6595
7572
2515
9939
2391
2317
4769
6171
7500
8891
2526
397
2209
6727
8897
955
5430
6237
6248
3183
7591
7268
8336
2350
15
5311
4352
2023
3091
6058
9594
2536
3731
5893
4994
1092
3321
4797
3438
4724
4677
8740
57
2111
7825
1413
428
9768
8993
9409
5445
7794
2060
1650
4043
3172
4485
951
143
2210
617
6216
6063
4528
953
8203
7465
4590
958
8153
4372
2659
2124
8300
2919
7279
5487
4953
7350
9548
45
3170
503
508
6347
2924
7705
3069
2042
3269
7060
9701
8579
9452
1433
1617
2395
5888
9547
6006
5915
8899
2026
8587
4911
6646
6018
916
3223
3766
4929
1547
2646
8695
7132
952
5061
535
7476
6897
4891
4820
4911
6253
3286
9784
8910
1099
3684
9968
5069
6342
348
7951
1990
7184
6778
706
8422
3128
5656
127
9099
7879
5880
2140
9296
3012
7828
9918
9245
1428
3609
8156
4286
5328
8848
107
6446
6323
469
8551
1225
9408
9143
1548
1937
9825
4760
285
3811
293
5569
2126
5790
9275
4359
2472
6406
6879
3608
4761
9174
2935
403
6598
3840
9579
1296
1915
137
6602
7632
6309
6310
2156
9207
9036
2938
9706
1237
9565
5328
6730
8080
6120
8791
2656
2323
1529
2595
7736
5522
9721
5547
5082
7110
8427
849
4622
4627
6202
6734
2415
7195
9667
8840
2130
2510
9825
5403
8452
1850
705
1064
6886
5123
7257
1872
3556
9339
2815
7848
6532
1263
6463
8000
6925
4026
6089
3455
885
8856
6283
5007
2806
4194
6730
686
8161
3042
5522
1572
6379
6270
9092
6035
7601
9109
2820
9020
9541
437
6400
7965
8712
7738
8639
7854
264
1137
7564
9402
3994
9133
2240
866
6303
1053
9322
7546
4969
3171
3712
4899
6694
7946
5534
7162
9594
3171
7702
141
1969
8716
7087
3451
7750
948
41
3394
1263
5701
6626
1011
6297
7916
9335
5767
1042
8972
484
3283
8414
6442
1111
8861
7063
1943
4594
8439
5907
1607
7626
5284
5829
1998
7798
161
5113
1738
1849
3854
2495
4128
8791
121
8750
5441
2676
8488
6808
1220
8107
5317
6265
2184
4585
122
1261
5449
5120
6620
1223
5735
1947
9608
6143
9692
1041
7696
5549
1988
3206
8825
9822
9553
8412
346
1300
1490
4616
1107
1812
3739
9849
7965
629
122
834
545
2387
9976
5901
6328
8605
4661
6530
8929
648
2216
8663
1128
9774
7487
5844
3163
4066
3779
1999
5001
1221
731
377
1581
9852
3881
9282
4756
6721
1171
7587
4808
2940
1593
4808
2600
5348
6987
6254
4683
7557
7669
4288
4824
6826
2334
8693
9263
64
580
5484
3991
656
9780
4619
9389
876
1647
5444
7850
2280
3397
6431
8907
9417
5345
6435
9790
7141
4578
9946
1136
6340
1068
6917
1987
4457
3859
1164
6146
6408
3254
9965
8274
4724
6360
2060
400
8996
2715
5093
351
1119
9108
4594
6057
7252
109
7627
3105
9469
6851
9008
13
58
243
5317
8220
8230
1981
2182
8601
3904
7620
6070
8017
1928
3351
5281
1818
1447
3278
6969
7228
9590
5943
9482
3158
9552
3245
4571
5480
7157
9425
9085
1753
4349
4735
8642
976
7954
1311
3213
1728
1401
3423
8521
4067
4964
6157
5931
9244
90
4852
2752
3618
9168
8458
8539
8276
4927
8671
5454
1903
1188
6223
3315
2563
5669
5177
1786
6777
9110
7044
1618
9997
9383
3705
2783
6253
1709
7286
4773
6588
1247
6087
1718
3710
6857
5763
9965
2341
7285
8655
8854
3921
1019
7893
5663
4950
7975
8668
2541
8757
3272
8980
4643
6185
2392
8417
4075
5306
7723
5337
7864
8478
1784
4543
7632
789
4803
4997
3447
8174
2510
5441
7840
3226
5138
2602
6448
9906
9364
7385
9999
7213
459
1840
8586
75
5661
6977
1056
2904
4842
8064
4146
9388
7710
3170
6491
7450
5101
5232
8725
7993
9311
9812
9491
7966
6941
8171
1391
4811
1633
9226
2520
7700
155
69
7868
8024
9575
1656
8395
260
5801
2398
6219
3638
6745
6101
9208
7824
9412
9395
7004
5326
9801
3845
1228
3812
1958
5522
753
59
4652
1440
6000
1071
6534
8277
5349
1083
5738
4623
2365
4971
2041
9939
2733
2684
3589
4901
1406
4376
7328
4590
2705
3329
7428
4956
8911
7194
6389
6327
1197
3793
438
3830
7944
280
6545
1877
5736
8467
5519
7900
6551
4283
7362
6525
1139
2125
3171
6687
1458
724
2326
2937
8714
6139
4997
8494
4607
9882
3060
7450
3744
1212
4946
3780
2323
6129
5593
6624
6392
6827
8950
6399
6780
7711
8233
846
7987
7431
3004
7055
3461
2024
2271
5351
3217
326
2253
852
9196
2880
6820
9886
2775
7622
4518
1265
2286
4704
9301
1014
381
9081
7694
5002
3601
8367
9540
7955
5542
4727
1479
8155
9056
6916
1589
2348
6885
4101
2102
5428
1600
1362
2380
4572
5453
4082
7731
2182
5939
1176
7635
8360
43
382
5376
5222
8737
7787
4367
7681
2144
8279
9541
9324
2288
7177
6348
1860
2546
6657
1277
3078
3399
6404
1667
4544
3630
5695
7113
1889
2906
8340
6561
2069
1810
1498
3944
7096
3568
1113
3482
3265
9181
4737
3999
9615
3465
7272
5688
779
4788
2919
775
832
1665
2576
4676
7664
5313
107
5111
67
2504
9412
8497
3790
4320
5014
4047
8743
3685
9927
8659
3188
198
2081
236
8618
608
5395
7339
8884
8291
8992
5704
8360
6034
1430
4170
9427
8081
9643
3510
5579
6933
2366
7969
9921
9127
458
9558
246
2735
5846
3406
7423
6427
9788
98
9493
3353
1184
2484
8320
2171
90
128
6464
258
5488
4239
3280
3234
3188
4311
3814
2725
6
2036
9136
5015
2985
5101
1577
8617
2857
6676
8914
8762
4910
1913
2021
7692
9549
9206
9307
4515
5070
299
5938
3888
8521
3165
6120
391
2277
8983
745
9050
4612
7108
8540
2727
2457
8311
4730
4581
6470
9714
9551
280
2390
46
9088
1095
82
7961
3407
8014
4941
9919
7921
9777
3029
4869
4064
4428
4641
4066
9229
4234
7585
3743
144
7687
4416
6544
3036
4162
6280
99
7270
4217
7296
19
6417
5993
9357
9597
3131
4431
5845
3393
7037
6655
8653
2937
3033
3211
9989
2270
2620
5665
7548
9499
8107
9879
2705
5236
6345
2987
5120
2205
6196
9891
643
8180
596
8030
232
2689
4195
6103
908
9029
2938
564
9438
6756
8228
8913
4259
5186
4347
3113
6160
4464
4718
3871
7760
482
8662
7949
3475
1945
5421
3787
5082
3209
6049
5699
7524
7025
2996
6986
5811
9641
9013
7475
292
9468
4974
1243
7704
2767
4555
4450
6825
4942
6770
1406
8978
4063
8762
4207
63
8212
4329
159
3554
5896
4042
2630
6178
4317
2947
6585
6807
3179
4070
8499
9927
3627
6293
9961
7875
3460
4208
490
2195
2893
1643
5333
9
1832
2671
6628
5305
5412
5677
4077
5996
7264
2197
6819
8480
1127
8036
2930
9403
8656
6799
4282
6504
5214
4484
6343
8490
6155
9441
7264
4919
8898
3228
4539
415
1453
1625
9564
9720
8124
9529
6424
2189
2301
6499
2479
7997
9988
7371
7710
4125
7291
1830
8455
8715
7177
6635
154
9328
997
1709
7113
1853
4241
8466
8271
2486
3875
2419
1023
9
387
5105
1328
5899
7096
7529
6729
7822
9625
981
2277
1224
9154
8655
8480
5008
8897
4088
6626
2466
9629
1473
7016
6264
7742
3766
5665
9750
4333
7531
8010
7930
361
4353
9037
1952
4727
7880
1159
6728
2578
3335
8113
4938
1015
7016
6876
7892
3818
7169
9852
1779
8845
3610
9185
3326
2458
9304
6743
3028
5437
1904
1898
8401
6720
8796
9951
907
7528
5615
7877
7817
9856
4989
4909
8510
3468
2551
2638
206
1127
4828
5198
5238
2240
4314
4298
3256
1267
3545
9633
5789
147
7207
6792
685
786
1183
2315
6062
4370
9645
8508
6761
1099
5540
7702
5115
5806
6708
1627
3633
1332
3562
4046
841
2825
4826
2216
8736
413
2083
5958
8923
3453
3030
4525
4867
5961
286
6414
8232
7225
107
3080
39
6316
3418
431
2651
8370
1200
1207
8270
2125
5399
9026
113
9626
7872
195
1203
8973
7142
718
2439
4861
266
9237
4878
8557
4254
5040
9167
5709
3172
7063
5851
8679
1996
5139
3714
6756
9804
1527
2924
9991
6264
7340
8351
9279
3700
7762
5539
8404
1058
9692
247
3889
8875
7446
9253
2606
9341
7368
6555
9686
371
2699
3119
8817
9285
2789
5828
4398
7230
3973
6130
6027
2945
8305
3678
8878
5350
7299
2783
1544
3341
2
8473
4745
4291
703
8046
2991
2108
4661
230
9394
1842
4444
5166
4254
9826
8443
3829
3065
4225
1056
9163
3446
8688
9116
8657
7509
1613
1970
9336
5575
9905
6337
3256
1577
7623
4783
1672
32
5224
5308
6523
819
5270
4520
8352
7253
6623
7939
6938
804
3770
7501
7047
6207
256
5862
2258
679
6140
9993
1151
2606
7155
9986
3155
241
2320
5898
537
1412
6981
6610
9933
3760
374
388
9501
2084
9085
8733
5844
6488
5720
9821
5506
2764
6238
7580
7574
6744
1311
6867
6721
9929
9862
194
9274
3657
3165
330
9901
5934
685
1243
1261
1137
7517
4268
2837
4541
9480
8762
9911
5708
1056
6652
5757
9889
1227
8316
4827
5048
3360
7188
4077
9453
6355
6656
5636
1998
8336
489
6862
5953
5584
8523
2402
390
1965
7833
7535
7870
8916
3118
4333
1468
1913
4377
2659
23
9316
3553
6964
3124
8211
9523
6967
1620
8208
5428
4577
5986
9845
4261
2018
3636
1841
8503
3934
5819
8715
50
6581
4638
4333
9734
3331
8985
9251
6088
4520
7487
629
6372
6323
4872
5425
323
6756
357
3749
6819
2492
9064
2822
1608
3169
4513
7197
2359
8646
2497
2984
1306
6229
5543
2599
8013
5983
2072
1785
5228
540
162
4529
3369
1059
1715
1039
2387
991
849
2104
4341
1112
8548
8347
1203
9034
7674
4944
1222
1128
6456
1696
3978
5055
5217
9049
6301
8532
744
3211
9338
5249
7513
9059
268
2044
9011
57
2670
881
7531
5533
8485
9495
5342
3409
8807
83
7105
8421
3113
1088
5685
4994
1567
9524
863
5069
6501
9299
6182
3028
1180
5141
8443
8796
2464
124
6653
2499
4055
9743
490
1912
452
726
615
2216
7997
8271
375
9704
715
2063
5358
9547
9496
318
5883
2671
3535
8713
3868
797
4157
8162
3856
2521
9416
6678
5268
1126
4919
5582
6717
1852
2712
2801
7744
131
3473
2419
8645
2398
1125
4114
1911
2683
3295
9167
155
3469
7984
8216
4525
1023
5016
4770
5654
3848
5939
30
1253
4188
1577
5915
3615
6758
1410
2490
8360
1846
4899
9455
3655
8636
1555
985
3316
3374
1683
9913
9115
389
381
7086
3835
3472
6992
8891
3471
5701
2905
2620
7464
2595
1377
6378
8598
9695
1646
1646
6001
6049
1345
7750
7279
1398
7907
2498
4665
2794
965
8979
6174
6344
6328
7921
5972
8972
7252
7376
1729
6009
4653
7748
6652
4170
2476
753
1492
8902
1235
6853
2401
9463
4235
8944
2486
2196
2448
2385
7866
490
9301
118
9288
8086
459
5249
5888
6895
4795
3991
6537
2211
3032
5708
9270
4216
5255
5760
8583
7443
5250
8519
8679
4092
7817
6134
4419
7827
1087
6357
4023
3859
8696
2063
676
4936
5569
1665
9207
9530
1782
7718
6324
8839
8022
5143
7999
9250
102
1370
9531
2559
7013
7992
5382
2961
3504
4554
4352
1012
470
5390
263
9394
5241
7528
2322
6144
5468
4107
524
426
7682
4327
5850
3900
5087
5070
1578
1578
7882
5616
7733
5723
1491
6442
7810
8955
332
8295
6204
7248
6875
7958
5261
9498
8430
2540
1333
548
2299
8445
9348
1484
5223
8381
2985
7495
3302
1259
570
2275
2401
6171
2360
9864
9081
656
2328
8732
6591
2502
9685
4511
2443
388
3547
1258
7644
2995
3067
3969
5107
6611
1262
5082
1847
7825
6845
5784
1709
8227
5564
3985
2481
258
5010
2454
1066
2375
6433
7469
7007
6257
113
8026
4165
870
1963
5771
9582
3818
5536
1071
7232
475
5724
7949
7707
5457
2337
7931
1821
9882
9291
2426
1889
584
1066
6236
6419
5862
9911
2172
7444
2614
781
7222
8765
26
3399
8558
7466
4143
4404
2700
5169
4326
7911
8489
4727
8738
6233
3382
9029
6533
7093
3491
2847
8161
1645
8201
3507
4288
1339
7112
7967
4814
6218
6725
6936
1180
7034
7971
1436
8898
8733
9659
6261
2753
3736
7218
9387
5773
2738
648
7799
9032
366
3280
8009
4959
6937
9186
575
735
409
1519
617
1579
7319
7169
8591
1359
3065
2075
1884
8727
9518
5909
9086
710
3606
134
3907
8493
925
6979
6155
3722
1790
2676
3263
5992
2098
7352
1960
1557
4657
6077
3634
7565
9556
3768
4700
710
7622
7346
8994
3419
2523
8690
9153
3961
7807
4519
5716
6522
2201
5165
4123
6355
3630
936
8333
731
1768
9927
7467
241
1696
8258
8607
7731
1898
7368
9360
9891
7700
1555
7307
760
9588
3161
1619
8607
9469
1833
1734
6264
9632
8698
1874
2708
5570
1964
8261
402
9060
1362
9772
2588
6864
9318
153
4978
1117
8214
6402
6725
5609
5834
2131
4239
1827
7567
7043
9694
6320
2843
3805
5970
8337
8802
7041
6246
1877
3162
4429
4902
5245
1222
3267
2999
3211
8258
341
5203
2445
2159
3775
7018
8505
697
4422
9363
2698
5724
8827
3397
8958
5000
7597
707
9429
4086
8961
241
9837
3790
9918
6765
6668
9360
9471
945
1443
4091
3838
8091
2232
9626
1474
8169
4820
3162
5783
9600
6454
2729
9614
9953
9993
3434
9061
2444
1081
6259
1104
4868
8662
5019
7081
31
8196
2122
1478
1148
2486
9768
1671
5966
2866
4768
4002
4521
9316
2613
8047
2109
7711
7442
3247
9483
4495
6655
5409
6596
550
5903
1445
4924
4498
7410
900
2621
4454
4621
6998
2345
5717
5512
6029
4077
2813
8584
9516
3912
6233
6152
6934
9317
6410
4309
9
1966
4522
792
3913
7813
9441
9341
910
3360
1961
757
403
543
1699
2147
6839
8903
8899
8977
4591
819
1294
1765
2451
8915
5670
1821
787
4027
9627
6502
302
8865
2438
5411
443
5270
857
5066
7117
9472
1739
7721
2479
3055
9963
6952
8249
274
208
6067
8966
7649
5050
8826
9998
6282
7094
3403
8136
7918
1432
7664
5334
3894
3721
3491
6213
2800
1419
7437
6400
7340
3364
487
5376
584
3275
5424
5768
2441
3404
417
5630
6926
9470
5733
7765
1944
4322
5311
1285
5468
5966
8336
1020
464
1196
7278
2755
3293
8986
2321
1252
2685
2484
9051
3850
4583
1729
7333
2259
372
6997
3376
7651
2877
707
9726
276
8229
5762
7397
1416
4188
8110
2072
5323
7281
4285
6876
9574
267
3466
9161
4657
15
4193
6491
6322
3692
5025
7793
8974
2376
2996
6529
8274
7062
1565
4235
7289
3607
3508
3314
1099
8421
9462
9997
6064
673
8770
6847
2498
8715
2779
4302
7178
2398
5590
8335
9417
7540
5514
8654
6762
3827
221
4617
3901
5205
614
8062
8372
5785
9655
511
4258
8004
6573
3141
9605
1772
2051
5720
5005
4379
1367
2363
8604
8907
5732
2987
2370
6034
8690
3868
6582
3011
3538
9752
3794
279
2313
4171
4323
4726
8511
9160
359
3022
4273
5662
3208
8613
7950
9753
3403
621
8050
1896
6397
8305
766
8275
6512
2749
6830
9092
2618
6116
2967
8846
1713
471
7289
5385
1168
732
3474
7273
6781
3304
5360
1811
7400
4654
8838
5061
9662
9143
8156
1704
5856
9796
4422
4883
1809
4880
3852
1441
401
2192
7651
7421
3281
8207
1359
5016
4675
648
9332
7979
8197
700
3655
6742
2813
4823
5541
2817
2977
9392
1211
4615
2153
7358
281
8773
3030
6128
9841
3486
7223
1720
7072
9714
9959
4672
1761
6084
1688
3870
1762
9822
5850
5196
6632
2123
9954
9644
7330
9827
3624
4419
4190
3418
5941
625
2854
6956
4975
6941
3636
1110
9581
7375
7356
5199
7623
2341
1600
5603
3030
8893
8418
9752
1672
914
6234
8308
8267
2812
134
8507
5902
3274
8348
1568
6274
6029
7553
6339
4364
8408
5746
8660
3383
742
3974
267
4139
674
4511
4871
3803
8117
158
4768
3923
94
7746
4345
978
5377
6553
7276
9026
644
8824
6858
3928
183
6340
543
6774
1586
4000
8121
1623
2360
6405
5332
777
7924
1930
1674
2271
7762
6955
4027
5695
6717
2880
2391
3183
9768
4711
7884
2352
1755
2901
9894
3175
124
899
7639
8226
9946
1386
5257
8856
2809
1404
211
3813
6973
5777
6235
8197
9296
1170
8658
8114
6179
2205
9416
8265
948
2353
2826
4807
3508
3583
9798
2695
2803
6845
7204
9715
9626
5475
9022
4879
5947
9459
4334
8969
5090
9202
6580
5683
7541
1581
2392
6691
1321
7581
8266
1979
2261
6240
7193
7453
5101
4637
3736
8760
5266
416
1068
7868
8577
8222
5080
250
5238
3734
5499
8756
5113
9003
2255
1405
6685
9195
8510
87
6835
8857
7074
9130
9773
288
9843
22
2808
2769
3859
6518
7028
9689
9729
7250
2468
4790
1721
823
125
3336
7805
2405
7061
6884
3836
1428
6616
3600
2558
6771
7776
4648
8957
6114
1240
8564
9381
7021
1800
1082
5957
497
3123
401
4010
9695
4373
3662
9911
1128
5794
8927
5368
9727
4869
7426
4210
8020
2563
9254
3231
1350
550
1858
1205
2479
5322
4632
728
8825
989
4292
671
7240
1697
6855
4743
2878
4077
6184
4397
511
2945
6452
1127
919
4914
9459
6902
2596
3305
5788
3403
4455
8903
2628
2327
9121
8555
1639
6901
8638
7594
7609
1253
6188
2434
5900
133
9609
9851
3861
912
762
4562
2236
3997
6337
7640
4085
9616
5328
7906
649
1358
8625
3591
529
503
1558
5813
5122
4801
7610
9557
5474
5728
9892
1142
5260
3214
418
1115
8319
2084
5589
7615
3923
9715
9043
6302
9749
5396
4807
2993
9923
4635
3060
9816
7477
2738
2497
983
8945
4161
7013
258
8085
9442
7370
8166
3243
2101
9218
8049
8042
666
5368
7042
371
1707
4720
2202
9215
2599
1662
3193
1271
4474
1116
4497
3919
60
5841
5797
3529
6363
5636
6682
9775
2609
6976
1899
4865
4233
530
8904
9323
9649
4024
1873
2599
8970
9812
8405
3506
569
2252
9160
2679
6178
5022
5966
9619
5463
8353
3632
2544
6963
9138
1074
9029
2980
1992
7245
4645
9656
2729
3789
1908
4985
262
5553
8009
3821
4727
5239
3712
8805
3025
3418
7208
806
5954
4496
3202
3570
7724
3596
360
797
7153
9579
453
5879
726
2311
7348
8254
9015
9487
7430
8578
9886
1718
4379
8450
9061
5229
3370
5436
9263
9909
9540
2969
5565
4944
4676
6208
6615
5792
6516
1001
8673
2711
2428
3195
7572
407
1473
6847
9817
6475
6193
7953
8662
5063
7050
9079
5513
2971
3430
2750
65
9514
756
9740
2053
162
6241
2316
5741
2340
6472
7909
2753
1832
7195
7237
7069
7081
2710
2544
719
2798
6747
6760
4705
8599
2177
6104
2254
2603
2932
9960
7923
5030
3760
2408
4679
591
6694
3056
6174
1798
7021
3523
6400
8496
6444
5115
8157
366
924
331
2928
1766
3823
2490
82
3579
8914
2217
8039
6523
3969
949
4563
5864
7258
2605
6778
9140
9680
5771
3125
2782
7860
2917
1510
9042
1209
3345
99
4687
9238
3836
6566
7720
9956
9774
5818
4838
9326
2261
3544
3766
4343
8036
6459
1754
2061
8723
6585
762
1831
8552
7535
8057
2775
9384
1169
3481
3171
6194
406
1223
6282
5974
2732
7799
7180
7832
6543
8713
9017
6216
872
7255
1232
6396
5838
1684
9970
7504
6290
4161
1676
6528
1008
7037
5306
4351
6423
5330
6247
3524
5427
5383
2228
8242
3326
8407
4314
6940
8640
6151
2882
5337
6019
6810
7507
3715
6222
4858
4012
9582
8192
7376
4879
6067
2691
1551
7285
8960
4115
2356
7973
4222
4291
6944
4885
6003
2288
2725
1423
7000
3042
340
5470
7484
7992
93
7017
5302
7257
3914
8184
8312
9637
2778
6100
77
3421
3482
5838
9131
3725
6080
965
6432
7157
1595
5361
8408
6066
7187
5534
221
6925
7337
5410
1682
9318
8180
8942
4354
8669
8033
4269
9920
7810
9663
2122
5945
6471
5854
255
9138
1328
32
4543
1627
5993
13
2673
696
9809
6166
1369
8766
3910
717
2153
7515
7497
4198
6915
7452
8188
5866
4452
1794
5492
4601
4539
8710
2577
1333
4264
9195
7192
8176
6873
9267
6299
2309
6426
2902
7485
6792
3745
6610
4312
8339
461
365
3175
3573
2808
4506
1372
2942
5725
5909
7300
7842
5759
941
2008
6892
429
7353
7252
3026
9938
3426
2997
3535
7050
7805
5764
5644
2820
7375
4107
3198
3103
721
5238
5579
4180
4591
4076
7912
150
4008
6316
335
9943
4967
5943
1244
1566
672
6529
6449
965
9089
4620
7741
3352
5596
4181
8378
2940
3128
4917
631
2729
5105
9394
6998
3088
1314
5668
7666
5904
2352
7483
4354
9492
8602
9055
2324
430
7838
749
3350
5668
3418
5044
84
1543
9795
7105
5422
8698
8541
3710
2817
3443
8108
375
206
6872
6039
8179
4769
6646
1592
4460
6299
1190
8782
682
5488
8844
8688
3858
7967
4712
6745
9684
3457
9790
8218
5326
8750
688
1492
8702
4842
163
445
5819
117
8900
9982
4980
6957
4255
2269
3181
3094
8915
4589
9297
704
9090
2750
2338
4209
3035
8553
8027
4466
100
653
8872
9971
5187
8321
4903
9637
2413
3350
5939
6277
5791
3249
9111
7593
208
5782
1186
3714
7698
4526
1852
219
4719
2082
5156
7313
792
612
4281
8696
914
7243
865
7175
5410
2551
9791
7020
2770
7948
8324
1068
3380
211
9331
7728
1293
6455
6777
9178
4466
1792
3112
8322
2296
4718
6029
7390
3329
9993
9262
4908
1616
9976
9493
1627
2934
6917
5298
6596
4885
5967
6564
2645
1526
3677
7434
3806
9139
5971
2814
9144
4778
1139
8877
5716
8793
3668
2410
7582
5584
5263
9934
9153
4834
9687
901
6863
6678
2349
9368
6429
6890
5094
3924
2372
8424
403
8057
7940
400
3930
1423
6004
7696
9329
3685
3214
2577
9228
5893
3403
1274
7093
7735
4920
5769
3128
5528
433
1935
3960
4581
1219
9854
6877
1477
619
4719
2208
4181
2112
3968
3765
6182
5332
9167
9407
7987
4026
8972
6153
5825
3704
1196
2579
7687
2089
8907
380
9197
5068
900
9352
3393
5881
9223
7840
6802
1373
1209
2156
1258
2666
1923
3682
8689
1919
5184
9716
3233
4504
6720
7110
933
4608
3448
5873
4965
8475
6436
4884
6112
8927
5445
4760
7535
255
9600
9968
8002
3313
5914
6700
9613
9785
2500
4487
1115
5784
2386
3073
2463
3059
193
3601
7257
6040
4273
1504
9953
1885
3093
2409
770
7178
7013
9848
251
6728
2114
5734
3466
9575
1968
3513
8738
4156
7653
9707
4960
4948
3398
4993
6391
9025
597
8502
938
1464
7164
5931
6458
6096
5860
1496
9282
5197
7211
8522
2423
4341
2493
3519
4429
6968
5174
7800
661
3157
7075
147
6013
8718
9340
763
4807
8764
9646
7092
5610
9882
9554
755
8555
5474
7160
6921
9641
3629
6623
858
7196
4883
7069
8193
6148
7687
2925
5552
8748
5681
1097
8786
3115
6614
4864
5785
6780
7309
6033
1059
844
268
5529
4698
1913
8589
7515
7318
2418
2475
2391
8939
3739
8293
9187
7026
9764
7964
4179
6588
8583
1125
3459
1056
4723
93
848
4801
9110
7608
4833
2003
6545
6529
448
1532
4216
9945
3201
3094
2350
2331
9738
5363
3650
9495
4092
2097
2979
5702
1292
1619
2716
6814
9419
9485
424
7746
3444
5665
4774
6289
3381
7090
788
2757
8905
2561
2346
477
7179
9285
6617
9189
2266
7089
5176
6199
6426
1389
6797
7973
2725
3974
5827
9007
6340
7470
1079
372
9693
4974
4223
697
8270
9929
3077
4939
7226
8756
1197
371
5949
4644
600
3216
5614
4149
2652
3455
3763
2298
6441
4243
7701
5377
3269
6725
1677
9724
6942
8618
6656
1806
5774
5189
6953
3325
8677
6257
3066
7524
2256
5023
133
2559
27
649
3313
2921
8457
8839
5117
4125
8793
5703
3577
2214
2367
4919
2324
6918
8742
3805
7668
1110
3598
1718
7743
9028
2677
1952
2412
2105
8796
488
5415
9436
8410
5550
1303
5078
8021
825
7549
6332
5106
6524
488
478
7543
2861
8847
4215
8645
7049
573
8685
791
5103
1911
5454
4695
1100
4831
9017
7215
2313
8913
2666
7615
3141
6511
9157
9197
6601
2207
6995
6399
9319
3543
2111
7508
9925
4602
8422
7571
629
9680
1635
9709
500
4369
7513
7015
52
8954
2396
4522
7938
1884
4884
4823
6787
1831
9983
6909
3298
1514
1700
9972
101
1271
9596
354
4609
5938
9220
5710
9983
4245
9638
3334
9380
4032
5006
8734
3924
6403
6879
612
824
3168
6157
7825
3915
9146
951
2446
4353
5267
8225
4450
9892
8763
4012
5866
9194
6751
5271
5417
3090
6858
827
970
7468
6091
6459
9705
5567
646
4580
8078
364
6016
2041
1834
1132
4700
3048
8154
3186
2154
5607
6602
1207
1767
4798
1181
9616
3245
2649
2982
2782
5487
9516
8955
6335
2162
1713
6393
3462
8609
6558
7381
6000
3329
7690
2886
1734
1998
8736
2650
1812
6839
4687
7827
3108
4426
7432
4446
7177
7511
6773
6539
7645
755
5813
5691
7777
3418
2451
9939
4865
4906
3564
908
756
802
4477
1486
852
6912
3882
9171
8099
1704
1488
7880
1622
307
3270
4916
7004
4083
9500
2896
1308
9025
9626
3028
7101
9354
8262
7681
7788
1516
4255
4219
3648
3182
1428
6418
7106
8723
8145
4359
8992
2381
4859
1376
7514
3929
6616
8326
4956
8080
9288
4596
8378
6290
3190
6946
9272
7885
7840
3018
6144
5867
8941
5871
6313
3373
5382
9620
7921
730
251
5160
3688
318
9813
4027
7710
6482
1546
5220
1507
2303
1763
3001
2048
8735
5484
4002
3508
8177
7623
7893
4542
873
5284
7732
5394
246
1778
4326
1915
2296
8969
6460
1191
6578
6526
4513
888
7579
3202
7238
7448
1725
6207
9716
9640
2724
3948
6359
6199
3762
6590
1080
780
7582
2924
6124
5381
624
4345
2495
4430
7470
8904
3251
9953
2239
6151
5863
927
843
6826
3844
6291
9252
7803
7459
6066
9251
4118
1673
5160
3030
3549
5029
6872
3160
7097
6260
871
5044
9019
9423
4513
5322
1520
2563
9063
6949
8458
9912
5152
9475
526
5785
962
1780
3576
8362
8577
1990
8879
1819
4796
379
3233
1346
3460
9187
7275
8588
3327
4399
9598
9585
1385
1704
3368
1829
4104
576
8614
7923
9053
558
5396
8260
147
6650
9879
6637
5723
2430
9837
3930
6411
5509
5084
6512
7028
5859
411
233
1749
9665
1645
6077
8780
4383
2897
1504
4016
6219
6526
8511
8483
682
8789
5404
5417
3535
2401
4333
3972
6033
5394
3457
5169
7347
8287
6205
4161
7570
4007
6049
9570
8488
8696
4884
9240
4134
6559
1679
8597
9419
9512
1472
5929
5103
7213
515
2625
8919
5911
8544
1196
9722
1678
2372
6104
7461
8031
9595
5025
5404
1512
9778
468
7816
3030
3475
7888
1394
744
1796
8280
8805
9308
9148
1251
2496
2594
6735
847
1864
8624
130
4729
3509
7138
19
1945
3486
5578
5602
2154
3924
9607
4903
7489
4477
6514
6670
507
917
105
7209
1938
4606
6331
1975
2012
4189
3575
2631
7455
7531
6371
502
6415
6781
5025
2163
6741
5795
459
6478
6397
1092
4096
6129
129
1612
3825
6499
6725
5421
721
1221
8680
8217
6804
565
8657
3751
9066
5139
112
4960
6857
7469
6956
5321
1642
4635
4191
104
1680
7196
1225
8811
4005
8156
6099
1428
7855
9173
971
26
419
8795
9335
3468
4333
7638
1895
5972
8667
9729
2821
5399
271
5431
3765
3046
4266
8607
7706
8470
1957
8892
9050
7684
510
1794
2107
3725
3366
1044
213
7002
5594
7680
922
3521
8201
5846
168
4863
773
4638
7351
313
7631
6946
7931
4179
2995
6673
4305
6923
6465
4729
2661
8377
3468
7366
36
4988
982
5579
4941
764
4966
5916
5602
8920
7311
9398
2838
3727
2293
8762
4136
7620
3102
7120
4243
5275
9062
3458
9188
6463
5695
5457
4861
280
6889
2017
8148
7817
1074
3478
67
7992
2240
4693
5071
7148
4127
910
3018
7467
449
8450
3193
7258
8412
8729
3247
9561
7447
6926
8680
6728
144
3184
7741
4207
2987
3645
2903
4396
7034
1801
6359
1965
3513
1358
4164
8382
2722
3318
9464
7464
714
9028
4365
3690
6541
6219
5429
8217
731
3040
1297
1432
5267
3737
6433
6419
861
2967
4789
352
5411
4200
5162
4925
8709
3307
8052
3984
3200
7368
5029
394
5280
8989
8051
8723
6190
6394
7565
2854
6905
4875
85
1719
7629
7629
8309
9157
9947
1173
1302
1774
1411
3902
1014
1792
9809
199
5083
5282
7103
5145
708
1409
2583
2446
3213
9693
1002
9735
9568
4662
9764
95
2984
6401
2734
567
4633
3923
9382
9002
1647
7914
818
1490
2498
6885
9735
2352
4902
1685
3645
5356
4886
5561
9910
9524
5650
7294
7745
8999
7493
2030
7567
3279
2411
3838
3411
8797
8245
7992
4825
6506
2965
437
2447
5964
4348
2642
7253
3649
6827
2639
3917
7535
1962
5832
4212
841
663
1863
7369
7299
9810
2840
4146
2960
7867
8818
4583
2711
9139
4110
2117
222
1307
4298
6467
2528
5312
7514
5922
6461
5361
8113
7791
9228
3821
2443
2964
6690
3041
1300
1133
5784
1307
9735
7436
5301
5855
2513
4853
6438
5525
2467
1212
5528
4395
1639
3641
7294
1380
9896
3240
8799
4055
2161
3776
7231
350
4553
6074
2869
2429
5302
6698
1961
5734
4194
7951
23
5945
9802
1067
9818
2566
3197
643
6342
2010
6126
302
4404
1152
6632
6609
2824
1348
6274
4660
6342
2207
8228
7119
5776
9164
7464
3743
474
861
8104
4243
9229
3043
4608
5156
8694
5793
490
8851
8898
8820
2612
8727
8800
3880
3160
8776
6967
9270
6190
8298
5845
3367
8008
7792
8283
3373
389
9298
1084
5899
3315
1598
9349
7468
7731
7038
2690
5155
6566
4547
8874
7124
1161
4081
5950
3091
9846
6819
7185
2460
2943
1766
2450
9867
9282
4377
6766
8628
4775
6946
1761
6192
524
6556
219
1966
6208
8306
6160
5198
5329
8028
8219
3798
4301
4211
9027
8819
8117
9335
3122
9502
9896
3113
7120
3178
6751
6511
9034
4511
6345
8926
2174
2094
622
1137
8261
951
5082
5732
1202
4079
657
3642
2978
9760
7797
4061
1383
9888
9494
3755
2294
9563
7361
3692
4628
3716
4277
4515
7497
8587
5111
3936
4388
4972
6357
3171
7232
8326
1860
9675
603
8978
934
1363
7108
4280
2463
1118
595
5688
8773
1847
1745
8159
5865
2746
108
94
4215
5890
3292
9453
9634
7042
4245
2213
6692
9246
5987
6570
9795
5736
9221
7144
7979
877
8912
5975
7964
7743
4334
122
9783
7696
1986
5483
2924
2016
1000
9509
8660
7301
4687
6589
6872
9352
8083
857
9932
540
5101
4192
8063
5892
6527
8598
5358
7869
9127
5748
60
122
8927
5938
2125
4913
1984
943
8041
5618
2165
7841
6262
4261
9246
4061
2677
7896
2714
1536
2053
7581
9871
851
4871
9556
6983
9073
5966
5161
8682
4864
6172
1104
1859
38
7739
8459
8629
7889
7246
6768
6971
9249
6018
4225
8064
4769
2545
3237
7087
3818
7452
5892
3335
8296
4339
8203
8221
1576
7625
4960
8908
8257
5366
6766
722
672
5151
6626
7922
8224
1485
5293
8360
3224
442
5592
6497
2092
8884
1685
115
5064
4036
9262
2640
7903
1285
5081
1892
3589
8600
5483
9820
6082
7781
1318
1469
9337
7303
3720
6094
7772
4813
5992
3442
4840
6097
5861
7647
5180
7083
55
3047
1099
4479
3218
6295
4028
2243
8519
7904
9824
7960
4069
6469
8417
1322
720
1697
3453
4634
9629
2014
2768
7970
9097
3748
8450
5909
5519
6301
5982
998
3823
264
1568
6668
9226
2009
9148
4866
6619
1648
7560
4477
5315
4664
1116
7783
6594
4385
95
6033
2445
9431
4011
7675
3628
4064
7677
5424
9807
4799
1787
2074
6213
5772
3234
9955
3547
558
4655
4452
9672
5685
4805
3988
2442
6263
2567
7062
1530
1878
4210
3069
6434
1368
4614
6817
351
4525
3300
5493
8605
2132
4649
161
8463
1376
3135
203
2050
2940
2255
4251
8669
9779
8351
50
8267
8795
9097
2147
8003
8058
5077
7807
6951
7335
1479
6479
7879
6749
9802
413
9069
7669
8081
806
9937
9705
593
5468
3862
2492
7071
173
2680
5886
4498
3660
1552
9725
4870
4794
9620
8572
1927
9848
9269
7707
4493
2579
8444
1991
2265
3459
2357
3247
7656
995
5274
9482
8298
8781
8652
8289
2277
9644
3930
1918
500
8650
6323
898
3725
8651
2101
1458
3600
7605
9207
6058
721
7366
9009
9469
9266
3525
3310
5546
3644
1170
4527
203
8118
9236
3139
6429
3259
1800
9901
9760
4180
365
3004
452
5121
3849
1733
4298
4073
1113
389
602
9362
320
6403
6664
3510
7309
1489
3478
7798
5777
6191
3060
8773
9037
9664
1262
2901
9849
4196
9013
9267
9919
3038
359
1144
7248
2729
3028
7314
9427
5479
7640
15
6315
8250
837
412
5178
5268
3938
8676
2395
4148
1624
8461
6898
386
6976
7708
6258
7519
7814
4216
9079
5398
5126
4554
2566
2211
2891
4849
8244
2143
7344
1759
9975
6588
4555
5389
5833
8683
3435
922
4039
9551
8701
4080
452
4325
4143
5135
6040
693
9318
8237
9661
676
8778
2869
6503
8537
1092
1309
9350
6449
3319
2173
8846
138
9579
2441
5256
8769
5049
9291
3923
2429
4761
5326
2381
8787
8155
31
6803
2749
9416
9982
4555
2643
5516
8874
7528
8507
2822
4524
3871
1602
3087
8135
7838
5877
1461
6367
1949
8849
7953
7729
7074
4620
5629
7787
204
1088
3747
6707
3100
9477
1443
1254
6272
6615
6313
6933
7923
2769
6081
1487
3287
5067
9482
2954
4793
1388
9136
4399
8167
3720
31
1142
5547
7932
5854
8105
6739
9037
6874
260
7288
2955
4189
7005
8580
4681
1754
82
2270
8250
9342
9485
6347
995
5019
2173
3312
6720
8519
5062
7522
5273
3680
6026
7189
9625
6807
9175
1062
9792
243
2902
8487
7307
7928
2983
7314
5864
5076
8582
1475
2507
2474
8398
6654
5174
1585
2119
8871
2578
4052
4389
694
3899
1982
4753
1712
105
1812
9693
7957
8000
7761
5487
1964
4228
905
5718
3811
6636
9196
9355
1626
4823
936
2056
3776
8190
2623
6351
3797
2724
9050
8513
266
20
990
3626
9890
9480
8251
8719
4106
4223
5653
4924
7560
4194
7078
542
3038
470
1182
8297
215
6273
4521
8226
743
1072
4326
8270
652
7458
2135
9645
8393
4021
9712
2581
7162
4747
2473
9330
5993
3343
909
2744
4133
5004
6258
8355
9049
2656
2583
3032
4425
6626
6708
3725
3911
1434
725
9268
2585
4138
9090
8064
3245
4457
4133
8516
793
8847
3848
2821
2277
9273
5460
8203
645
65
3905
2749
6512
1692
6594
9759
524
736
1286
3620
5653
8956
5173
132
3119
4057
1784
3396
9543
679
5820
1003
5350
1672
3964
7239
2219
4419
8953
7669
8610
1874
747
8936
1286
8802
6172
1248
8831
2241
7161
861
8565
8290
6376
446
7139
2973
7966
6548
5744
7743
9376
1079
7088
8810
2044
9195
5174
4469
9462
327
4097
1175
6067
1074
155
2036
5023
5638
237
6700
7905
5077
1494
1743
5386
9086
449
2540
830
6392
4453
3358
7380
6032
7
4215
5288
2033
4565
9553
8025
6257
9111
4753
3809
3541
419
5796
7981
9983
6833
3880
6264
7294
5986
4290
3171
9353
2550
832
7446
3168
7934
8455
5319
1065
7771
5534
9778
2025
5372
2777
3300
4495
791
4817
2308
7161
4045
7479
4634
6501
6144
4637
2643
6854
1033
5224
348
7728
8802
603
