-32853
8891
931
76510
57464
-62478
56224
36699
33191
-79561
72579
39650
-52813
90299
51725
79589
17970
-80674
41080
-93071
-17840
-48122
-63918
-22977
-2788
96441
96193
2495
-92331
-25048
57084
27143
86337
-6040
-27048
15450
75064
-64849
10160
-82089
38337
61671
-19974
-10936
-87062
87229
-72959
-97287
55805
-44983
39036
-70590
-97417
-85831
48725
-6519
35858
-21775
37470
-90470
-76317
-60493
-18145
-73087
94243
56073
-20620
-23939
38879
-25754
-39477
44904
-27181
41718
50591
-71355
45395
-37696
-32339
61319
93104
-24350
66512
-71512
46211
-49309
99889
73843
-60948
-12704
26391
89981
49126
-63122
-9725
-43654
-1709
18965
-8184
-84561
90153
-73933
92176
-96890
62579
38643
95345
62662
22699
-97702
1360
-8183
20735
91795
76156
55847
-9522
-63320
82319
-46619
-46249
-76115
56214
42083
-28571
-85922
61777
5911
52762
-91792
-85822
-92958
-98632
37517
46474
-25476
17457
7197
-38372
-87800
3664
72625
814
84422
72454
25320
92373
7454
-69194
-96345
-34687
65183
23115
11287
-41958
-9892
-85838
14878
-62264
31421
-43046
53060
-15179
62637
12398
-7842
86800
-59381
-75826
-50731
-78060
43934
-84185
-22357
-56681
83517
82245
66173
27766
10885
-22657
-12561
70575
-39297
-41930
75845
43626
-72001
70030
-31065
-30254
-87938
99707
-76627
19806
-42030
-34119
5829
72735
23358
10965
-7289
-213
-87285
61769
94073
-91855
-457
-12403
-82501
61261
53584
15442
-59579
-20340
-27086
-43947
56339
-50162
-19311
-87231
-42511
-69865
-83740
-12121
56385
13074
-88544
-6833
-98797
-33906
-22742
84137
67542
-43090
-72987
56403
-73910
-38300
36660
89904
-15696
-19643
49276
4544
20909
46218
24482
38700
10925
-75392
-78699
29619
66169
-27950
72187
-99298
-35819
1924
-12386
-78016
94650
-39966
-94702
-38760
38612
-38943
-18497
-51972
67045
66840
64309
-93493
-15263
-92818
65206
-24949
36687
78418
21572
-50466
-372
-21114
-36460
-57527
22647
-4035
96942
1230
-24368
62563
-10658
3887
88673
11240
-76254
-31894
35323
81473
-67295
83642
-15723
82031
-98682
89741
55465
51517
-59404
-8230
-91844
86904
39143
-75867
38424
-26030
13200
-40006
84338
82096
-92578
47639
-10272
-39115
24119
75513
-51716
66667
-49114
32051
-36072
-36609
-89043
37389
-59798
-31555
-85344
-94731
21267
76009
17922
78701
26181
23387
19258
-78941
-63942
-42339
55489
5609
-59905
-65011
-38847
-16966
-41039
-35620
16421
-5297
2485
85038
92525
28713
26539
-80268
88374
97495
86228
-44313
-7312
-29526
-43102
24072
14707
6223
-17747
-9170
61675
13855
32727
91122
-72900
-25151
-40775
74190
-70420
-80893
37126
-97887
-1424
27239
45810
-85149
-25825
-31242
-98817
7699
-93590
66663
98959
39165
28371
-77007
-77159
-83571
-82092
20728
-53364
6865
34228
83752
48130
32162
-28258
-90659
-98610
-70611
-35247
-45397
86777
23577
-14764
-25712
26646
-51035
92004
-11098
-38260
42052
92625
-2438
64479
70088
52993
-8456
36735
-90695
39600
-83285
-52678
-97591
-87759
39870
-11969
-94039
-74183
14487
-99004
-57474
17663
51407
7567
-67889
34076
81294
16537
-15950
31273
90581
-80809
29147
55125
64098
-7610
30478
76639
-18566
16130
-97154
8720
-89490
-11994
-80056
47551
42715
-73460
63417
13178
36219
49288
-1544
42032
58272
24350
65471
-49039
26631
-8388
-46011
-8976
-27739
36743
89727
84599
61278
-17674
45651
-2709
37256
-35271
89397
-28492
-97579
-82445
9594
30577
-46415
-87022
26012
27604
65470
5695
4285
99976
-799
-45248
63259
29546
84299
-65350
-65270
-66914
22710
66107
76061
-95920
73557
98889
1708
16256
-37958
-85541
-75680
-37514
-30356
-62462
89871
36579
-54173
-82608
-35511
39727
94936
-78315
54062
-93792
-2147
-18915
62684
45063
61290
-34473
-46027
51945
47284
-53097
19018
-85788
-87404
-84238
-11644
-30827
9161
-73919
15595
31653
-92812
-11019
-8525
78510
-63371
57610
17615
32241
-32434
31680
9046
-17647
59151
-65685
-9622
-10916
-78457
-90448
60794
3496
-39487
-20355
-33544
-85765
96516
51811
9893
-60717
-2879
12622
13271
15740
-53807
54337
-57128
26975
-69430
76638
-16139
87561
12687
11018
-32860
72190
-8572
39557
38568
-21882
61060
-16711
57107
24581
-43164
50224
36889
-25745
-10166
-44777
-34778
26649
-47020
32386
2387
65295
-76710
-81730
-68571
-7455
-199
-34857
-5366
18677
-22166
65945
22360
28139
52855
-30468
45368
-96619
-83502
-52142
66260
-1118
-23563
59328
58277
-97362
24023
36033
64883
-4461
59614
59014
-62838
43627
-86902
-19330
73271
32720
22322
94241
66766
-48823
42666
86046
-28105
63858
-58048
11425
-88761
-46678
48942
13142
-2252
-28255
-53187
-26032
87343
-55299
-42154
21136
-40867
-68647
-28651
-5532
-53352
6483
-74723
-17111
-50697
57954
21328
50595
19419
-47991
-9438
-70744
-62015
38888
25769
-18546
60715
68521
35377
-35321
-15087
24516
28308
-53517
-37881
95198
20060
27386
75626
1401
73324
-21170
44629
70090
-646
-44053
-97388
-37271
-53038
-549
-32836
29665
41048
58766
95657
-14228
27202
96732
85325
74020
-45723
7288
-77097
-57619
-71717
35748
39874
-41602
65398
94964
6968
5708
-60990
1674
60626
-24348
68655
-39882
19985
29410
-86016
-99010
26008
60293
-71591
-95448
-20812
84700
-80551
36631
15645
20202
-48198
60096
47736
63581
95409
21249
-24175
31130
15472
-20177
94174
15219
-86277
-89989
77070
-20470
-32069
55644
-73069
46950
35648
51126
31913
35702
88153
-57566
-99273
31839
81816
-63887
-82670
-2582
74365
-40580
85576
-94439
23086
-2666
-79138
-18061
-12830
-6834
70349
33486
-32442
70535
52896
-14795
-38984
97994
98589
-29025
-50173
-91048
-17041
-45198
73488
-31742
-68813
84225
14443
41126
81794
-58324
-37131
-51578
-98227
67979
71526
-22087
-39069
-66444
46614
-25519
10777
-4178
11409
69880
-13309
46304
89748
59168
-46907
-1452
-29152
43468
-51591
-67830
-57216
5256
-5243
-8706
51566
82100
-98727
-95106
-11477
-44224
-20808
-41297
3797
76208
-70576
82768
76859
1241
76496
82144
-52800
-49191
76640
58223
-95010
-87162
60355
278
91934
-71606
2825
-51399
79885
14625
-51438
-98507
10364
-37522
86183
30053
-82044
78211
-95802
29633
84725
27328
70587
8683
-99655
-36259
-82129
43172
94340
-80973
-40920
48509
-4370
95923
62916
76287
-8120
7735
1872
-99176
-78641
-42683
-57556
-75732
69021
-92232
-2485
79693
80667
-92945
61973
-26250
40859
-47918
-53960
-38619
-16133
-68119
-9155
22501
-26138
-14856
38227
-24988
6579
81296
73071
50733
17999
-54993
-74407
-8509
-84509
-97114
-8221
-11423
-16995
17138
-37204
-43607
64276
-14757
-28932
6559
-11829
93124
-75233
27003
38190
92339
-96379
-92386
-16077
62635
-659
28862
11241
60189
-10607
-27814
-61798
23138
2197
80411
-21727
51730
-6691
17659
7577
10241
-22681
16135
-16071
7460
-90309
30627
33955
24334
-29116
-12631
91524
3187
-78126
-56255
45093
-60869
77970
-90932
-32881
69769
57940
76960
50520
-72484
-34019
11519
4612
3834
85028
92929
47359
62566
22931
-40715
-28932
83165
38165
-99237
-15581
-44471
-52539
-82529
7217
-56810
-67602
49631
-43951
4262
-93282
9724
17675
-97780
-79264
-96080
83706
-48626
-48511
-67305
-35505
-66070
-94457
48416
-62001
60519
-95010
-21877
-42827
60755
1470
-20236
56080
-24154
5181
-53223
89643
-91319
-97146
-26742
82836
-56700
72928
58148
86635
15638
62429
-98592
68650
-59326
-57722
19729
-11103
-22503
79691
-49271
68203
38681
-50426
92345
-56474
62515
80400
-7972
98837
1379
-11107
-46208
61511
-8206
-86030
62694
19571
82820
97803
-40654
-1877
-73072
77468
-96550
-51033
-77136
30883
30477
90459
-99112
-20800
76271
97309
57045
29555
-54318
-97801
-19135
52872
42349
80396
10396
-93642
44983
-52155
28077
-83138
-68451
77954
92173
88793
-3496
-1760
-36050
-1609
56759
49566
41325
-84631
-61819
-97642
-38468
-6713
1481
19823
-3915
55389
4821
-52972
4646
-23816
51683
75802
2559
-9456
28113
36716
53678
-22741
-63031
22705
-23439
-46446
-88569
-22187
-63843
-47564
-69996
-85999
70811
22408
-14042
76829
93047
-46464
-26109
97416
71776
77314
77779
19175
67683
82028
18004
97278
18007
-80148
-2867
-67790
88258
-64678
-14113
38883
-97617
58718
92595
88515
67994
-9203
-44323
-76483
-74073
96237
24103
91617
41713
14349
12625
-62576
90344
-79318
97133
-12179
55800
74606
787
-15759
12073
-30664
45117
17628
-66564
-55935
-38448
-4825
2584
8825
-13524
-20661
-64069
-58980
13662
21201
65191
-69593
10246
56034
71798
-92951
75744
98542
3715
-78219
51004
-46743
56289
-43676
9294
39841
-78453
-21280
73127
2829
-17891
16893
-28266
45918
99644
9927
-81122
66370
33268
-20841
36050
-29958
-31587
-56056
98147
-30538
40934
-7270
-207
66298
-91414
-2831
57825
86915
82013
-3172
2556
49592
-81119
-23212
10428
61056
-35413
85973
-38744
-34062
37365
-24457
-67929
-36618
-98330
-58203
-43396
-16612
-44162
-38167
-9321
6034
69183
-21873
-405
-45302
22285
73275
509
-46733
6774
-91926
-56187
56577
-40612
60356
-47715
90912
-81843
45506
70074
98337
77200
-94343
62628
-10569
-89632
58359
82344
75294
-76089
11916
6435
99988
48891
-95458
20010
52171
-24534
61497
-80736
55868
98686
27545
-56662
-41124
68428
90358
68319
-88871
33821
-60418
-63981
-92772
-22999
-40722
-84087
7249
-43974
29922
55574
45592
-4857
1692
52286
-42367
78977
2267
-92340
-63529
31631
-73382
-30142
85539
61930
1980
-24263
28083
-45114
-22416
-85766
-45407
63669
22474
66242
11067
-30462
-4362
19811
-30595
-52156
-15069
-88826
6721
88272
-92040
-55613
-59168
85548
5321
-17719
-73194
66796
35745
-27269
1661
85512
-10646
-39710
68009
-65150
-87
-63501
-75329
76104
64043
-518
-73774
3215
-45206
36442
-6065
-61340
88133
-66187
11522
-70752
-29250
-85444
95228
-95858
-13840
-52880
-61044
-85692
-8908
12233
-58219
66749
17531
-69365
-84240
31893
-63781
-8699
-6089
-41242
-20679
-26360
-84288
-8711
-68536
-65095
75743
-16922
55931
53339
98600
-76836
-28375
-25809
-52377
-47775
-18133
60505
94757
-56464
76378
83354
-99731
-48398
28044
8753
-88262
-87753
71445
1418
33305
20372
41288
-69517
-47049
-57311
-80063
52634
-45342
-99328
4117
62283
-93511
-5007
474
-62536
76118
-75399
-95624
24841
-36121
91982
-81116
54537
-39960
-47163
-7333
-92762
-55911
-90012
-74724
-74528
-71766
-62726
-27482
-79216
56103
13597
-935
-4006
60438
-27964
-47283
-99303
54264
-94642
-34203
-843
93989
-65098
37917
3107
-34858
97918
30701
6
-50858
3526
-10556
29480
26733
-25366
-9818
12607
63624
10259
-19931
-43141
99180
94956
77052
42776
25645
-33852
53357
-73625
45451
5824
53973
97438
-82158
53587
12693
65059
-18499
5435
88513
17762
-86693
18058
-78297
25640
-94595
78506
-49524
63914
85620
92426
63534
67510
-50758
-87297
-84373
40194
49589
-87826
-6079
72471
94440
28693
74324
-40663
-31222
63646
55613
-34552
36034
-43226
-9774
69342
-22897
83649
-8194
92994
19778
89759
89167
-55142
-33679
-98908
-66966
82502
43112
14557
71999
74566
87801
45127
98129
51754
-73492
-87255
61913
-62393
-37548
-17209
45738
-80628
-34679
-90901
90300
-71545
-76965
-84575
-51199
5960
40005
-47693
6855
87436
-52983
-41648
-62324
-1695
-33312
81064
96408
26381
-30280
4233
67535
38313
22203
82233
72516
94282
6598
-50176
-61489
96127
86727
44358
-96403
22063
17769
-98540
-81186
-53445
-77879
56119
92423
-49539
-60149
20532
-84899
-2557
8059
-60399
42214
76926
-91731
64305
-94640
31380
69873
6268
30130
-12890
-47545
48654
-88294
-48542
93862
-81099
85308
53595
25974
-18807
-38821
63209
73020
-61421
65543
96891
-20381
-11637
-96283
78336
60160
-27103
358
-63913
5996
-88632
29085
-98187
13968
97643
67675
30992
78632
-7301
63000
2546
-87253
-93579
7106
91528
-39440
-94002
-60356
-53465
-57387
-64531
26795
53043
-41649
30558
-32536
-77062
33006
57122
-61424
-36346
-57928
37021
-57182
-53186
-97470
26406
-48353
-88898
3485
-47024
84295
62255
-90689
98553
46614
-25394
-16884
60704
66133
-23226
5198
-73341
47868
46509
39953
-28933
-41846
-95965
-60645
-87471
-70956
-16922
84654
-24976
-85668
-56848
-71892
-53326
-68912
-42312
-65437
4415
-87821
-51035
86867
69655
60330
97185
90549
-96312
-30081
67689
-94881
83603
-98799
94333
71920
13287
99528
88907
83901
77112
-95903
59489
22850
91514
11671
-69160
14757
36995
-17170
95589
-5606
-39164
-44892
-5042
84480
-43709
7709
83297
83858
30863
-58188
29258
93810
5192
24954
-60218
88220
13408
-93803
95306
81749
60979
-88553
-42328
56368
18003
-99931
53266
62109
79309
-1067
74850
-75653
4184
-93860
11033
52175
19529
95064
-17935
-26618
4280
24736
22024
-1778
28345
88246
-53530
80162
-60337
-2250
-18954
-46145
-23672
54135
37304
-58652
6498
-42670
-47602
-42656
49895
82990
-40343
-3598
22397
36777
48282
-20542
-5275
-54720
40865
34354
-74640
68895
-72211
-43520
73722
-11439
59960
78637
-40009
-12750
92415
59265
-89675
-56158
3222
-70097
-58504
40195
32756
75354
41167
51663
20842
-4891
-7238
-30783
-54760
-14980
-51790
-36436
11977
-28555
75758
-38345
92658
80368
54634
-15538
-48951
52841
-56377
76844
-94255
-10362
-72181
-31612
54961
-1829
-32714
62248
60059
40272
54788
-72019
30110
99288
16652
68962
-23349
-7329
353
55157
20401
-82619
20182
-80917
-65994
93025
19297
-76415
57868
38214
76969
17824
99706
90040
-76690
-4711
12332
-89475
-37675
66574
-10501
94205
-30598
86862
-96066
28487
47888
93065
-21405
46087
-39224
-13578
54052
-92738
-29631
38626
51640
-12978
-27142
51037
10227
-21294
89548
-66419
9486
-2966
72304
-89023
95624
-1220
28886
70136
-77539
24036
53745
-2296
-64423
-56425
82170
45965
-22706
61372
-87868
-78686
19751
11055
71198
-92265
-73350
74681
66348
90138
-20396
4358
-90660
62161
-39923
-57034
91658
46610
41706
59791
-92788
49217
-51320
-92851
88721
-4405
50970
88511
83474
-94216
-12849
35157
-62360
-5227
79808
-83998
64436
-90013
40414
-10725
-65469
51494
37963
-83921
38089
70129
-71788
47110
97126
-91708
92975
-37702
51047
47213
-33923
24882
-67766
-67371
77988
7377
10222
62589
48254
-12687
16183
5072
54130
-89685
24990
3292
40118
-70988
93699
67489
-38376
99883
-5708
8805
-5763
-66601
-47647
-30854
74702
-22594
26269
37746
-97749
-81717
-65502
-64091
20026
41617
95127
-22076
4115
92515
21894
-50760
82495
-20601
39831
14011
70479
38011
98146
-53836
-65058
-50357
-97067
-34409
-10407
-84850
35758
20418
77171
3594
-85586
8817
87659
27088
83436
65941
44502
98081
-76727
25917
-86239
-25081
17494
27023
95763
82604
-95233
23349
95185
-98180
12470
-15524
-98677
-38422
74470
-97300
88519
47372
-47044
-23046
79193
30807
-59513
-30239
-41156
51957
-30895
-16880
64273
-95990
35755
42408
-19818
-60306
-65884
5114
-31141
73512
-17507
-16636
35238
65124
44015
-96786
-11176
-6912
-64813
-10862
-87121
95004
-23245
63693
95266
56384
-57262
11260
77562
-57478
55072
98085
-3534
48276
-48999
-94018
-81384
39883
-88254
-80423
-52412
-46236
43670
-82985
43968
50906
85513
62682
53669
45042
34716
72081
-38021
96157
81113
-23335
-61599
82028
-37827
90483
97660
-46848
-56241
-91729
-28967
-19052
4322
77613
73261
40859
-97026
-88940
21793
-80040
-3085
-97185
-55150
71440
89065
-42064
20312
-77226
78692
16255
64364
-9711
5503
48233
-84000
36207
-89452
31526
-61096
83053
-43036
-26355
-73394
51583
-33765
30702
-62697
-25744
-48479
-58914
-64950
46836
-65563
81913
49659
42160
76041
10409
98440
44112
56056
-97474
6942
-86144
92184
-66835
58851
47668
-75624
-45343
97581
43166
-44270
53792
98671
-90130
-13566
-55145
-45600
-13598
93943
-60080
-63177
-17925
-87669
82127
29434
77378
-99239
21341
7275
59490
3990
-76196
16204
2527
-95976
35654
-25274
56030
29022
30685
81883
3725
-60267
63329
18160
-45041
78655
14525
-92729
-23015
92828
34784
-20064
87054
72203
-75737
-7430
-57095
68381
34564
61105
68269
-15185
32968
39103
28396
65666
-53939
-38262
-5761
-87155
-50152
29593
-37450
45385
66214
69375
93173
-34325
-35045
22786
87207
24794
29240
-14493
-99639
-74010
-83688
-44671
-22840
18725
-79353
19328
37730
75797
-57804
-70940
28776
-98553
-62994
-67036
85528
-25559
63674
-36012
84193
-77611
15383
86338
75316
42074
-28376
-62864
-63643
-73009
-23930
52750
76370
-27948
-85571
79408
23719
28058
-81052
-21441
21683
82578
76958
60274
-39818
1008
-68267
-82884
77501
54522
92003
-90772
52707
-83567
-22471
-10799
81690
44717
4642
96240
18303
-27499
49934
-23716
56013
31177
11454
-8328
-11001
-73305
14312
8269
-91915
65496
19566
40297
-6907
86471
-36793
7172
-88401
66349
-87088
-61755
95042
68975
-42371
-40463
-85275
67047
-7538
67690
-64798
-31129
-98413
-69464
22498
-93481
-27896
89688
-22873
21250
67734
55115
47956
-90584
35788
71534
69801
-578
-70036
35275
81172
40353
47222
-43394
20935
-13187
-95931
2957
71834
26241
-52703
95635
6578
-12380
-21882
78021
-70586
27737
59392
-43405
-70425
33085
65887
75908
7059
7194
22036
63801
-55492
83053
37642
96714
49540
64590
91151
-21223
24497
68470
-78275
-89821
-47093
-88708
-82819
44362
-64800
44892
-15626
-12555
64993
-42349
-61788
-86481
-19888
-45869
39023
-43631
17098
11960
-19244
35782
21893
11881
36151
12749
-29832
-84598
-9399
-1267
63613
37933
-40997
91433
36893
17785
19197
-36300
39039
2007
-25941
-42061
51419
82675
-12977
-75766
-50260
69533
2776
11718
57750
-31100
-57441
95222
47082
-56959
82244
82438
53894
39429
-68291
28146
-60722
50672
-24800
-9909
38957
27526
24890
-65516
-6913
-53959
-55632
-25964
-59976
-29249
-60477
-60376
-78300
7166
72023
52262
67538
5245
99268
-70669
37227
-49065
-40581
28311
12869
-93246
-16596
-33454
-35681
37444
19925
-92475
-23920
-22671
-40146
27698
48329
-28788
-42585
1880
15325
34542
24005
-91123
65563
33939
252
-83424
-7052
-34966
-83558
15347
-23968
-81298
-54974
97723
-55580
59010
-8837
96895
-81925
-21325
-2190
14568
90709
-24277
89383
82496
-48270
-79718
-34922
63579
5368
-60680
-21882
-30493
54178
-66104
-29660
-50314
-23612
40819
-6599
8224
-92811
73083
66201
15137
81229
-74681
14323
60385
-82600
-29513
38432
-10883
-70867
-12001
-80083
-15141
26731
-95119
23400
-49319
-26120
-54510
-36577
-36815
-33029
-54299
-35268
-54215
40827
-34433
-23940
55650
-1097
47033
-83294
-4803
-83572
-51179
41268
-21874
56779
49439
73124
32459
71385
-59073
-34322
5717
36553
-88961
-82263
-79863
16476
28647
-9436
42470
87563
-8161
-6179
37606
70183
40971
43458
-24923
60254
70557
-64365
45027
-4653
86723
36025
19774
23081
58873
-83788
-61964
92869
47462
52245
67867
94162
-41523
38725
54792
-90151
-85928
34135
-18851
66668
-93884
97490
-29283
59753
-35337
72169
78748
-89695
3388
64473
-59060
5026
-56538
76250
-52979
52450
15679
56085
9480
66298
-37040
73344
-136
-41169
-52196
-26038
-81237
34240
-23313
-37475
60038
10111
77780
-44841
-10184
-53037
60001
-41116
84934
-31318
-15775
-73354
-4857
90566
-41588
39832
-13789
87113
63097
5297
57550
-81186
-55661
69121
48161
-54378
20082
-23955
-82685
27885
-23201
-96084
57147
-61734
-8862
-64282
-86675
-86616
99807
-12300
61175
-61274
3278
-52971
54545
-42752
-55524
78595
-73681
98673
93621
-23807
99101
75869
-45013
1632
31720
-62281
-55185
-63909
5738
-44083
95345
21483
69390
-50117
-95695
-13254
-9458
-39999
-57642
-26188
6086
-30209
45100
57738
-46130
64829
88828
-86314
89175
-83202
-92286
66784
-31686
-70347
-23526
-61234
-10100
-64968
-82765
-90664
99855
-54340
-85771
61430
10489
19136
-62345
28921
-53977
13992
8972
91951
34354
28758
18968
-37202
6336
90978
49637
-19000
62438
-21059
75791
-81577
19479
-57071
20947
30437
95451
58376
57205
-38678
79042
-10854
83609
14799
2840
97415
-17760
90693
70464
-62460
98529
-35683
19989
-36468
-73205
-46606
65202
-90244
-51074
44791
-98442
74327
54513
86098
-59182
-11411
98976
96558
-68718
29745
-59079
-76845
94450
-91027
-82415
-49006
-54807
70655
-99857
50404
-5264
12088
53348
24239
46520
42012
45513
13782
54220
65883
42903
-92115
40152
-78295
98928
-38437
16956
-57383
-18746
45633
-72348
47825
82265
-12129
22887
-63872
-70480
99413
2775
93143
-68433
92817
79339
-31229
41043
48078
90300
-18803
-25216
-38393
80674
-3222
-42836
82317
-32867
41614
-39384
-89835
-36418
80342
-20864
-34128
-41588
-6380
42023
-72226
59863
-1129
97253
-97114
67310
14944
39313
26782
-38472
99105
-10894
23228
-40412
-50489
50903
-33326
45553
-42469
19235
58374
-38790
84137
-14307
-10503
-83876
-17531
69598
27968
-87675
49354
-67359
-48294
-10268
39746
-90788
-83168
-73187
-55906
3133
45194
8418
-38289
66889
62944
-48382
77629
15815
31170
-14719
-81336
-73831
24509
-82189
96257
39714
31260
14683
82528
-84305
31931
92018
73061
80523
-71513
-26517
29938
68370
72653
87604
-49236
4851
-16224
832
64029
-42865
-21561
-61704
-68357
42196
-53109
-36932
-89112
67183
-55685
57926
21872
78183
-70386
-18858
-24754
51715
-77149
-34681
-91886
-1960
-98070
-37474
30174
-10786
-52249
15295
-17530
-93752
65110
66916
-35565
68049
55280
-96927
-58094
-43445
-25551
-1274
47169
-74328
-2673
-78391
-70680
47333
54707
-48903
87522
-22645
65549
-90617
79337
-61871
-2758
48845
-36051
35364
64983
-47878
-28851
25211
46511
-41376
-23163
-54621
-70060
94053
32090
19115
-69854
87150
-1853
-3089
-41713
-60950
57884
-18418
-82392
30024
169
-92870
16782
-263
-98215
-10120
47746
-42352
-86274
-75950
40376
-25257
77434
-92818
-55697
-59882
-78600
54639
61913
-94972
-88683
-56855
-22945
24654
-97877
95100
-25723
56226
68769
-61346
-55633
45742
-30437
62986
84283
-18227
-46959
-37079
-19464
32127
77560
82772
-86014
64573
13266
94231
-40000
-96550
16340
-75643
-61848
-72198
61196
-21639
12206
-61998
-29248
57212
2202
-48741
43805
-76033
12290
82838
19035
-37465
-43015
-45476
35891
-86493
-83272
51195
-24731
-62035
-40690
-63558
32097
38985
-15830
95308
-57154
-54106
30609
-45701
58577
-65795
15997
3970
54034
10188
59640
24038
-3055
-10564
-24538
37167
60454
-86137
14728
-55246
53761
-69288
81988
89118
20154
41672
6370
-22849
15004
27221
-58415
-1413
71097
-71753
35300
91945
-39842
79518
76771
57559
-568
17584
27866
-98457
-14089
89877
48227
-79269
-91861
-18125
-42868
-64502
-27629
-44245
11256
27366
2649
85872
-60811
1570
89182
77666
-83099
-78695
-14436
40128
-85017
-80387
44858
-25630
-27948
-49144
20527
-36582
-85223
-51344
51437
-71994
-9321
-37894
62679
-10335
89974
-62733
88223
40455
-70278
74017
34797
13810
76234
38404
41771
57358
-81261
54092
62564
6157
50249
-95089
-98457
-58427
38676
94004
-68336
98142
-12730
84090
-93700
-83564
-67047
-12353
62574
11866
-49074
30488
66300
-7158
23888
86070
20685
-98360
49605
37136
-39292
-27357
49542
-12299
-91211
-20816
-54522
-25965
64522
-17223
58311
-88864
-298
-94393
15945
-80426
60473
94523
-86887
-72076
97125
20229
77562
58481
-99554
-74764
-4302
-59008
-99271
-63586
-70095
46282
68129
-62493
-12739
12603
-97371
-39832
3815
-24495
22000
2196
-21290
-21932
17414
47864
41672
-88210
58980
3617
5279
32556
-95843
-51984
-98449
-45366
45687
-93667
-98412
-5411
47654
-66237
92373
-39473
-83741
39412
-37444
65443
-40343
83560
54476
-81804
67596
87701
-36765
-56524
48450
-22699
72547
-50299
-37151
-75031
-41233
13340
22613
-76158
-57831
-1654
-9058
-77449
-341
-81732
10498
-48564
10402
-23598
-10435
-18594
69163
-79288
82120
57620
-53168
-91568
92040
-74754
25197
91312
28846
51048
-33652
29939
-68118
-81150
74077
-48796
61024
23783
-8736
-15712
-85049
-49382
42962
-62926
19214
-58259
8561
-5857
59768
93866
-61236
53027
-99469
-92046
-36758
-886
69684
-55847
-5042
-6901
30006
-72147
49436
-82982
98847
73673
58100
-21280
54810
-35700
-93774
31686
99892
-96217
42491
-38190
82580
-17106
65630
-80049
39863
-21448
-61372
5521
45419
20943
-81423
11191
48992
30530
98106
48118
56849
10819
-61353
25720
15353
-48350
40089
-48706
36472
-71240
39835
67331
8242
33614
12833
-66725
83271
-54722
-97855
-57572
28390
2762
44728
25237
30027
-2847
-18524
61627
17783
44185
-42289
-71361
-63566
-26622
-78018
-10919
-78305
85694
-37210
19995
-56600
-85489
-88940
-56624
26918
-35458
-18658
95173
-12372
-64149
-79963
-47770
-16396
-21577
69280
45997
12682
70880
17158
-43386
-65985
7477
86664
2537
-52029
-68596
43202
-7345
-66754
-37949
55510
-64118
24927
59182
97498
9734
-47046
74900
6044
-48911
92413
-13859
77330
-28556
32716
-91273
-54524
-90489
-28106
19027
-7903
-89493
-18766
99858
35823
-87652
35924
46501
-44652
71990
-17654
-89959
-434
45842
3729
-3655
-67115
15401
-52491
-63676
19454
-41428
-92759
-7049
-56899
72356
-54175
47337
-25887
-16942
-97341
71149
41577
57447
80244
90592
-36598
85647
-38884
-33475
2343
97973
-89526
51668
9369
-58480
85527
80487
89817
-86614
-15471
-91399
11390
22187
98414
-47765
-24065
47181
-21887
-47527
-87043
37316
80437
-81442
-9144
24768
97591
-59305
-52846
42334
79113
-41605
-40502
-30172
95985
-23353
29132
58791
26554
-34372
31240
-98366
48049
-54381
13050
87965
-92641
-67519
-53703
-73793
-99865
74218
79684
88239
-93283
-31035
31158
86915
36878
-14153
-37850
-41089
-81119
-42800
-25542
-75325
-25513
-37594
-73225
-34670
-64692
-70562
-72005
81390
-14345
50208
10066
30573
-11058
-84769
72393
-95107
-30164
73088
61462
97279
-54510
-92483
-12311
-75926
35316
-24420
33466
-23316
50482
-87992
38051
24676
25578
37236
-44114
-59423
24219
-64316
53316
-7854
83273
-31689
-20082
24545
87062
-35170
-31054
-49967
-57177
40134
-24461
-58731
54338
-60148
-21728
13421
72256
-53947
-82564
-50466
-32704
38908
96745
-84429
-23912
-4828
55220
72749
23824
47782
-97330
-32230
-91538
-3036
70157
17804
8704
68150
-77510
83110
56519
31128
-65671
-11121
-76960
64758
79922
-47523
-22519
-86152
18020
-4314
-81575
-6931
66852
34142
-34256
84885
-2779
79376
-6860
-20048
-35321
-37719
-4788
75493
5699
-57387
-63217
57301
-37915
-97704
83083
70117
79877
-16427
72434
36282
18526
-92057
-16276
66567
79067
46831
3089
81660
-7210
-96293
86592
-97418
34671
-67930
78895
-53245
-66172
58795
-43625
68048
-79237
98505
-85930
36214
-87931
-975
-62346
71863
-15033
80482
13734
-31248
24165
45069
20906
-2079
62058
91499
-32419
47332
70990
9819
-56859
-5598
84924
-44311
11233
-94141
-12436
84537
62601
-17849
51601
13794
-36160
52109
-95584
90967
65178
-91787
-9691
-65154
40863
86766
79889
-96682
4442
94463
-41495
-23732
-78116
67992
-82143
-85324
-19499
96972
60213
-63667
82963
-75929
29349
-22040
-18150
-1764
92174
31430
-66128
71297
-97742
84996
92245
12000
65563
46642
-54915
-18340
-53881
-29511
-60181
27934
-53861
-11572
23290
83622
-74059
37504
71252
-21910
-30440
90429
89974
-5361
19463
98871
-88130
18079
-59088
5185
-92589
55109
26316
-81575
56177
62847
-33230
88840
-56468
-69061
-82698
23194
-27213
37607
-2173
5733
-15650
-68048
-64738
23825
55773
-87915
-44988
-93353
91571
43928
1809
52565
72266
-79583
-28211
-22662
96936
96136
72453
-21037
-38243
59405
-39701
-18784
29943
82278
30166
45693
-17177
43484
-82415
-17768
-47143
59730
20554
81153
62383
-63749
89353
9547
29980
-88690
-23975
12445
-96753
90699
64002
-6779
-12439
44494
-54601
-65700
-73035
45097
67340
-14109
-81019
78059
-97168
12003
85226
-6315
57267
-57789
-13624
-3908
-94730
77141
-83073
52762
-90465
-25134
-91547
79173
-11739
2922
-34236
-4248
49872
55513
18843
51260
21364
-4930
-81707
71897
2168
41253
-9073
4556
-63980
54954
9351
231
61227
54131
92460
85139
7240
64509
27599
8845
46222
-92542
-53541
86509
-23062
97774
-73838
-50617
71321
6887
47808
-19259
85552
-62287
-42371
69495
-71160
37545
21442
-86863
79532
-37535
82361
-33626
-11918
93474
20460
77811
-8702
43794
39120
62066
-92375
-93010
72024
-23134
84091
62773
35130
61350
-22444
35372
68305
-42821
-63256
74926
41654
38389
-89939
89525
40793
18093
-88019
61145
84197
-42799
26336
90120
16200
37570
56877
-67974
-70508
75844
96592
65985
-12035
19349
-10939
-94469
-55871
-44291
-64629
-71736
-55380
99491
-1498
69761
6504
74488
27857
-22462
-90169
-69892
-30840
39884
82025
-34915
19784
-70574
-32864
-29785
96435
54639
-82445
-52076
-61651
26410
81462
-21781
-81532
-50995
40544
45808
-14546
6563
22928
-53285
-82963
32779
2044
22920
-94045
-99663
-26936
-48484
-48641
83891
-64361
-32632
76032
48242
37450
-49686
66308
66107
2121
-31117
-65082
-52201
-43370
6358
58283
11991
-34227
2634
-34076
83515
64452
-68350
-49249
17725
51125
-90097
-77661
65732
-68920
88382
-98174
90422
-38346
-75930
-58439
-21013
-45743
77890
12807
86697
82698
-19095
81339
56188
-99269
19233
-75788
41009
47399
-7982
20967
85303
-99299
29849
400
39757
-13038
-82294
11683
-83384
96012
-72766
-16681
-15482
-5650
2523
87824
-93159
-67212
-17830
12123
7999
-98069
-99015
-34809
9561
39342
-49851
30594
80130
18398
87131
99872
-2668
-18344
39320
55453
-21163
21386
76261
96370
-70898
62174
-91128
91637
-84000
-65954
35682
67395
-89299
-35593
85789
-64820
-59691
-14977
-96647
64183
12259
-56212
82802
-4257
56288
55921
57571
8887
-85199
-50242
-85803
91439
-9224
-64299
19277
-158
32619
-76907
61070
75711
2398
71188
47690
54339
45405
-40612
74627
-15555
51586
-76178
-9569
20922
84935
41478
14530
96382
-56372
2631
-32992
75670
-5017
-6132
-93182
38846
74934
-98953
72250
-15554
61922
-36051
12142
94298
-89250
87898
94127
-66391
61997
87651
-73680
-80180
41279
9649
60826
-53874
79436
-3266
-76984
-82013
38226
-77371
35723
95989
63499
-10061
86151
-2809
81121
64645
58005
72163
-40758
6082
22262
13390
-17006
15728
95972
-87831
69095
-71235
-10890
51366
34482
29975
-58328
91005
-49193
-39967
84395
-86119
94784
-71303
-56921
-65114
88859
-84764
4507
679
21904
90190
-85499
9381
-91352
-37678
75103
-66109
-20882
65197
-82635
30063
-2251
-24238
90622
61368
69113
-55681
-11240
97762
-19047
-95568
-52216
99146
85829
42362
-50471
-44244
-90124
-665
-83301
91673
-77520
-66962
-44424
31461
-67163
58176
11789
-57803
46875
89814
92227
-7016
23786
3995
-49099
-98617
-96381
59602
2216
-47130
2791
48717
74708
-53433
-51452
39893
11698
66553
-59281
-68600
68955
-56041
-82955
14123
-50720
-1959
44536
-65084
2538
-26510
-50174
62974
-13448
5424
31045
63311
34746
-6694
-15105
-93649
-39748
90020
50518
-26100
-43894
-74508
73601
66506
-24928
-6300
50817
12004
6797
-93946
16973
-94140
86045
53044
-25797
66363
51575
-6355
43624
-46937
-22979
33210
-55114
-23508
-62070
-37555
-99270
-84647
92911
-83933
15760
-48457
52605
88676
-26721
65376
99030
-86224
-41523
-31001
953
18238
-30166
70265
-84910
-34188
8550
86027
-26847
-29603
85548
14154
-66698
5989
-64763
50382
85436
-85409
-28188
-26190
-93331
-38127
-41775
-95317
-16769
-46554
95804
-75337
33734
69677
-66218
-29937
91181
51216
-48977
-10377
72468
-44709
-29829
-8298
55679
-97750
14535
58454
47601
-73220
-22218
32347
86250
50144
-13933
95352
-88071
46791
14225
-69787
-23418
4672
45075
-73266
79387
-52507
34645
56059
-26978
-223
96178
43678
99855
55317
26972
17172
-50235
-76415
-43679
-90855
74845
67095
-19808
25194
-55946
-50018
54465
-30435
-97276
-28081
14962
91583
-50732
-46058
-6574
-11196
-10656
73117
-1859
-42312
-74482
-29961
83969
19635
-20727
-87139
86499
-40472
91828
96684
-36901
95073
-61241
69328
15875
-13714
82407
-11950
83670
-63702
-94276
67356
77288
24555
-69767
-58506
144
14623
61957
72261
19357
13099
-33658
294
-58278
-19468
-17705
96625
4928
14414
-36148
-48770
-32963
-53687
69928
82743
-84788
17771
22211
-32409
20184
16704
82901
-13596
69408
-67387
-52264
-40332
62101
16770
-79115
54036
-77538
-57486
-17593
-32159
-76056
82077
-75934
63239
-82512
-19617
-78079
45246
43092
85790
-30543
96119
31913
-77849
59476
11822
-72926
-87783
13306
43222
23260
55049
94906
-13534
-75225
89675
-40391
69878
-95534
-91623
52634
-35900
-45817
68218
41647
69410
-41916
26031
5518
21239
-58050
-49296
53844
-82246
-50018
-29087
-71306
-30013
-18929
7197
-70055
82425
5224
55527
16225
34224
-85274
66852
20497
47416
63161
-55140
12830
-99639
73119
74931
38358
-30336
-77463
59709
82055
-17922
83763
9620
72274
-52050
-20899
14765
-86540
-97840
-25937
-88388
68530
-11380
25940
1661
78225
-33790
-21550
57414
-37640
-75146
12374
-92920
-99003
-56139
-93424
-7896
23340
21818
6515
2365
40283
4608
600
75665
-99083
-68304
-76408
-16867
73155
-1964
-97830
-61778
31093
-36336
-9754
-19605
58323
-21169
25210
-81876
-57450
-16057
-74832
-21460
18987
95488
74262
-79240
53569
73276
-5208
-44481
39294
64766
80637
-95534
41092
48185
-86279
17139
-43323
30708
-96087
36642
-64388
-19269
69295
-69009
27565
71152
-74453
-75378
-39126
-9961
18374
2691
-93538
-10648
-48863
-40627
86537
30482
-56919
75470
94990
48926
-1442
-31232
-64172
-41600
55569
55658
-14031
47151
47241
22932
-36141
-5238
30267
-48128
49390
-26400
26268
47155
84820
89377
82299
28240
-90756
26622
-76739
17486
-52316
-49819
95523
36419
4223
-37013
-41688
51766
-28739
6311
5060
40035
63617
-29256
-11139
-38105
15047
-60494
-69632
2477
74081
82127
-9677
58747
1858
44371
52207
-8691
-72832
78466
-32120
-6518
85131
58721
-79827
98305
-10920
-21702
-94948
-25647
-83368
-98067
-63374
-47667
-24633
39388
45443
-38123
94902
8160
8562
85839
-90774
-75957
20979
-85378
-41904
-13562
45244
47043
59893
-85172
47454
-84595
49595
45619
-13878
-15592
70311
-43725
-14257
-90678
-6583
-64797
-18635
-14373
16954
-84230
-21918
-97808
-10327
83119
60977
-54835
84852
-9114
-67141
23670
89062
28049
-94794
-68291
-3503
-19922
51059
88324
7397
-32461
95537
83596
-10660
-97268
-30590
-72718
-10883
7803
60217
19643
22439
95972
91434
99370
-77006
-96308
-9262
98395
-39527
-9786
-49416
-66414
-45189
76550
86545
-47932
-80944
-32671
54805
96461
51650
-19748
-96166
23747
-19271
-7436
-95435
76890
-20843
-36185
-69347
92909
-59576
60610
-99672
-635
-23263
-278
-56009
-27893
-36233
69808
96364
-14356
-48043
-4173
-59945
40810
-39672
48124
-12373
-41193
22626
-24134
59316
47904
-13400
42410
13711
17220
-13959
-37514
-14065
-50527
60324
-50768
-57961
95829
-26656
52970
-85088
-52911
5902
-31955
-62952
-45281
-46825
66846
-40518
97572
-77641
-4221
-18371
24506
-46408
-54387
81819
79184
-32952
94183
-49621
2490
96953
-49483
57441
19001
38867
-56342
28363
-16641
-6690
-67288
689
-72621
-94027
-9321
47532
-8256
2331
-76590
26906
-74036
99288
62571
-44334
-11240
-15483
-43888
-36211
-2839
-83627
68648
-85375
-36606
-25343
34365
-3554
-32909
60375
-44873
46972
-97298
-49807
13130
-99436
34415
12187
4490
39676
-62571
-86445
-30538
-17801
-67121
-5222
-83042
-56613
65721
56308
-61885
37875
72334
15978
24428
-34525
80400
-65135
3962
-1262
-25161
52835
63466
-28791
-78695
66533
15134
40859
6665
-61809
67152
96460
21361
-22661
69421
10565
-95415
-65015
-48729
42786
29990
-57587
42406
57591
-37494
-99267
47148
70422
-7071
-24711
-31794
-92382
91806
79334
70957
-18013
-82649
68381
68644
-37793
43790
45517
-84165
10402
-93963
14740
90493
89807
-8050
49461
-25163
61379
24760
71975
-391
-78962
75733
-25728
-68584
-34371
-46509
97420
2789
-55568
-30288
97355
-93706
-52594
-7213
97809
-20752
-61371
59242
78661
-18585
91520
-3984
-24480
34103
-7041
41117
47540
38168
54197
-11499
-4451
-99288
90133
-74358
26321
-71979
97274
71
-14728
72118
49986
-10526
-92962
82401
-1762
-78894
-6329
-64645
688
21480
58626
-2021
-73765
-78184
3091
44926
8117
27994
98109
-51644
63345
24805
59407
89803
-14494
10891
99228
-4072
-34137
91495
86840
89099
29695
-59159
10844
66097
-78940
69799
-60920
9086
67291
-32767
59745
-68871
80619
-32674
12511
6571
31236
63580
49249
-35406
6942
-15328
-9970
-92159
-76090
-40557
75004
-34847
21039
11151
-51237
26541
-74876
-8188
-19232
3297
86001
24899
47924
-32015
58565
91505
-74910
-80253
86500
74795
-64017
-5342
39278
-38891
7603
-83024
-95788
52816
-34952
-21826
44512
-29298
-15096
20774
5210
-40060
-46094
-28939
-73853
44741
50384
31878
20517
-51097
-58901
-67126
-81116
-19603
-70822
14258
-30883
-82658
-9714
-28862
25020
5752
71526
10373
-87169
1864
35847
-77802
53947
86580
84651
17261
80747
62773
-48998
1880
-76015
-84953
-84373
18131
-69154
5777
-4687
-52651
-65455
-17584
-82531
23259
-23702
-8621
-7592
52017
31208
26203
-98361
-45640
88278
-21285
-78634
-20159
-71265
-51042
69649
29668
-96477
-44594
-70179
12464
47642
-88392
-29946
-57280
-8108
1424
52378
71688
59296
-12051
-17870
30501
-53292
5796
-94444
39809
31289
-94889
-93134
65464
47376
-13109
-92861
-10737
32711
-43445
99895
77744
-93844
-62234
77762
31296
-31613
-94273
-36087
48876
-66289
77652
-37833
70130
55658
74565
-59126
-1642
44836
-31917
-30940
73922
-38751
-81765
-82428
-64018
-31104
-38355
-71454
-41420
-76931
6407
-2753
60544
5084
98458
1105
-34659
77399
-24020
-51582
810
65061
-32357
95057
-6743
-35471
46052
39340
83332
-6275
88475
30760
14094
-18239
32841
-47539
95575
-11448
-39964
-66562
11268
31860
82876
88415
-14093
-24964
-98386
-49994
-79496
23637
-16800
12270
-76101
9645
30133
71707
2069
61057
71531
69044
-32435
44747
-9756
92457
64397
-75777
43214
-51714
56310
92543
14364
-64198
-32611
99372
64902
72018
-54885
94926
55767
-86667
-65380
-60115
-54504
-95632
-94961
-4424
-19536
-81797
50352
-17054
25838
-17526
24081
53528
16328
37598
-16065
-59449
15649
-67683
76631
-7034
-23365
90373
-3996
-72983
78138
17078
72367
-39197
74994
-29124
14807
49310
-26420
94705
47212
-23443
-80904
8449
8747
42902
-49070
19719
-10684
39828
91072
-82638
-51638
-28937
72747
-40803
97182
-25552
-76539
-91575
-19496
-65345
-10698
54906
37652
-57309
31772
-59595
-99701
90697
-16681
79055
37848
75124
-95857
17894
91776
-88721
-46795
-25476
9137
-36990
-56289
61735
-35600
48260
-63972
-37407
4548
721
-31677
-54632
-12092
-12191
55932
-25358
81280
-81430
-42796
18057
29759
-25755
64864
84524
73621
37229
-96797
-28430
98682
-21372
-80753
8007
-21514
-99981
-48462
-99422
36619
-88108
-24190
61828
-79092
69185
62580
61585
1063
-44634
18257
39850
91971
84004
30909
1079
-77233
36879
53606
-69208
47032
-16214
-23061
-81593
28898
-59848
71395
82988
34131
13458
55244
-45260
58487
91772
-65629
55033
86078
3269
31389
-57242
-14482
93826
-13220
-66014
28066
-16828
-30385
-9823
70883
12029
-17733
-73624
88766
-77998
33170
18508
-39076
31383
-54418
78571
95568
-78479
-46919
12552
-41528
-11246
-68375
158
-63264
-44845
26100
83944
72386
65841
-73526
65107
16175
-87678
-50499
-94123
2910
-9076
43932
-42126
-81512
13026
7512
-55436
11178
-61138
-55893
69262
24807
46469
94482
82964
-95713
21172
-52643
75828
-29560
-91993
24626
53049
-89020
-35458
2309
-95240
52856
-79651
-31787
19632
-55950
28551
70907
-94651
10273
32882
76786
23435
63105
-70538
-28946
94276
-17702
5832
44658
-62908
-76145
-81145
-21564
75138
-85870
-79843
58111
-9903
-9386
17250
43876
-68477
29110
-20115
-85614
-25954
8542
-25622
38832
-7122
50928
26671
57550
20634
14367
-14990
23729
16114
-66044
9864
-98640
-12661
-18470
62528
-41250
-72472
1381
-34329
-75436
16778
-86557
6479
25680
31180
79930
8064
-34794
55509
69212
87744
-46093
61068
-7923
-52741
-75662
48486
79894
18395
68538
16178
98789
-9818
55725
74511
92149
-60046
40107
31930
-70382
-91350
-87812
-27391
30074
11068
-50601
-85337
58281
-97260
-93001
-38631
55164
-21027
-87148
4574
-37375
-37903
13609
69707
42817
-79329
70680
67780
-37272
30559
-18853
31765
-44301
30936
44177
30481
93231
37356
-54595
94941
32601
-87080
-18809
-60940
-17892
19118
-45490
-11129
13565
-52252
-8657
27942
-88441
88106
-52019
911
30099
-20932
-32612
-67386
55483
80001
-35626
33563
-72090
58917
-90738
71721
-44595
-30327
65245
-13961
89632
35295
63044
-75423
16098
89747
89080
-23737
7615
96004
-6761
-92884
39021
70271
52154
58626
-544
-99542
-36939
-11568
-32351
-88512
64301
-49180
1016
-78746
90909
68693
84705
-91969
-36974
-12603
9352
-4550
-11991
-9766
18935
-72561
93163
-21276
38795
38127
3
88220
-70777
-79300
-75533
-11109
-73540
-89260
89216
-57324
-22364
69805
25372
89936
-82996
21756
-59041
-68304
-10422
53149
-3732
70473
-68882
83343
80359
18067
10930
51791
5656
73464
-43022
40582
-39711
31294
-7684
-24618
749
29090
60746
6878
38404
-22766
-33330
-61365
65303
46689
-78107
-40728
80872
-45445
-18630
-26724
25099
-31888
-33970
31619
-67028
-58164
19275
-32914
69468
-45874
-76950
48163
-70787
51598
-33161
97438
-582
-34126
-73953
94733
-29160
-45257
32748
-7151
52991
96930
-30841
35768
72430
72303
93769
-35494
-68039
89037
-87877
-33374
53730
-328
52449
-88209
31368
-3115
-19358
-4555
-96175
-42001
72195
60024
-31407
5231
-65582
-74893
-63468
24337
-79535
-1219
11569
85737
99988
-50197
13724
-31700
93342
58117
82821
-15598
-42139
90617
65518
-50925
4223
62387
6628
29441
7785
9055
96327
-87035
52769
-44961
90896
-88771
-97282
-268
-64821
-92346
-58511
-57473
-95558
-76837
-85028
-76496
-53406
-50573
47404
28349
-222
-16058
79083
29814
-36456
50724
98070
-38551
30481
-59278
-75318
-1495
27909
74314
17665
51427
52186
-72623
17440
-57188
-8973
66295
-81682
-67877
2751
-86390
10445
1601
64000
1129
-25064
42246
37714
-29011
-94357
6567
9050
31674
-86072
-8430
-93082
-27877
-22622
-78601
-54986
-53173
-14320
37292
-54399
-41564
-99793
14666
90350
84675
79820
80623
-59350
84006
28923
22358
88504
-80010
-3513
-59198
-76986
4331
-37537
76461
-89264
-95676
69180
89216
-17097
2948
-99656
99747
-74863
-18722
37095
65873
96000
-54444
30623
67103
5029
22596
23518
21284
-38866
-19127
39116
-68547
-36475
93330
-52290
-14314
31626
-92649
-37919
-60762
-18506
-80585
-69411
41234
77261
80508
-24038
48265
-46719
-25130
17977
-15311
-34332
58411
-45613
-99674
-39880
-40901
40041
-54444
93712
92341
-44354
67287
1288
49958
83528
27515
35203
88394
-31354
-94397
-22506
53233
83967
96886
63852
24749
-22062
20131
73467
53817
-97975
-22449
24508
-34976
-12140
48045
-40990
67320
71758
86044
62724
-52898
4422
-98525
-76174
20560
-22107
67405
-29059
59606
79906
-14826
-8065
-5063
-95403
-92582
52629
-10040
-72093
97575
-13272
-98889
-19138
49283
-66953
66588
95842
-72662
-82371
-96943
-33766
51024
-92578
57603
-91639
-97489
978
37923
96095
19129
-64282
73012
17735
34876
-33787
81562
-50279
-65935
-80194
-38834
-7072
-48357
-32572
-94803
99742
-12754
-88564
-69450
-90011
28854
-182
-45768
-92034
-20667
-88837
3562
71506
82108
-64437
-31822
36191
-88348
-83961
-97656
24143
80827
-37255
-93922
-48970
45752
78525
14578
-36066
38387
28933
51085
55341
2820
-79974
55649
10606
79408
28810
3645
1191
-74077
72611
33663
-87204
59828
36087
-77993
41842
1220
61535
-65809
-77433
10824
39633
-60103
3484
30988
82299
-89277
37631
39893
75794
-83457
38771
93941
18909
43976
71674
17216
90874
-77948
18122
-48242
-32472
-89092
96479
-27034
54157
23508
99031
-73980
-62378
-34264
7079
17420
-52661
-92128
61401
-55333
-51975
-74832
79964
-85191
96063
-78682
2700
-78539
-70216
-57503
1484
60910
-41472
80076
-41362
-46819
-97308
27168
594
-41484
-60486
64751
-97391
5581
15124
52450
-11304
-4010
-40780
-85824
-69027
-5231
-52795
72865
22822
71278
5576
19437
44861
42279
-2373
90017
46915
-84162
-45891
-3049
8046
-49139
-64298
-71030
90649
17569
16197
78561
-97974
-74197
-75362
16630
44532
-5094
67334
-83737
-59172
62332
-34377
-5219
50659
-50511
-16571
48686
-71002
43097
54974
33523
25617
-58780
51758
-7630
41128
94955
28483
34924
-23899
-63394
18102
-66212
-65174
-4238
-79750
92778
-85459
-38560
87100
-75931
-90894
11616
-55731
65314
-21163
57626
75733
95592
-21148
74406
32778
45052
43687
55308
-38515
26183
67828
-7054
-34034
67209
20651
79054
-79675
96533
-15967
29922
-34351
-54376
28136
4374
58126
34965
-73467
-97825
83077
7850
42439
-95341
36242
87006
89030
91171
-99958
-69509
533
85347
78524
15553
-76703
-3729
-10374
49813
-99022
43369
86700
40449
-65780
3773
23667
-77801
-80410
-90719
92350
37330
-75273
89725
-36746
51034
49324
15906
77696
-23190
69490
28586
21957
-1524
14678
97330
96650
28020
-44200
-49731
25160
58024
-50439
51598
-13832
76281
24287
-14041
-61847
60773
21118
69280
-85574
-8525
-15942
-73743
23576
6572
8365
-40059
49087
-41666
-71216
27047
-17895
7303
-96005
30370
15619
-27070
-19527
5055
35973
31689
-38980
31313
2100
59761
-92476
78314
-45272
52259
90776
5415
-74471
-73700
-88625
8960
78
-47805
58344
850
39829
-64675
-28627
11733
-44200
16495
-25540
-52078
-52839
-91634
-54380
-85585
-71008
97338
-87642
-36442
-90776
-44019
-72618
-56291
38241
-57676
69145
-33400
-42347
-93382
-67686
-56267
-78577
-76749
-82283
-2217
31996
51016
-23572
-2104
-72449
-6969
46749
-19213
-15514
-62281
-50277
-38071
-62589
40498
-2617
16259
-85896
16136
12489
-29437
75948
87985
48193
76558
88987
29072
3773
-38486
15053
-91331
10018
94529
85024
-71461
5032
21019
97314
47322
-29302
-47814
9913
-403
-29189
-99874
42293
-3510
-80604
-88415
25
42126
-52163
84130
-32488
-3629
-64667
-95509
-6455
-1060
-47549
87403
93916
77184
35883
80861
-85670
-62363
-54120
49166
73336
76319
-85186
-42225
-80297
30721
-98424
22025
39849
-13526
-64366
-48467
-81275
97184
62939
38542
-34622
83371
31978
-7190
-52165
52888
-82972
71909
-18641
-79693
-44551
62746
54757
-80470
-20229
-36582
-49917
30177
65117
72392
65855
19199
28397
-25715
-51604
-16733
41526
52994
-58052
74407
-18101
9033
96845
86602
-94554
-34313
-92359
-94277
-26039
68983
-23523
46217
-48054
53909
61127
21288
-35239
-87694
15984
71624
-2471
29766
72388
63071
-83669
-35041
84364
3977
66204
-64111
744
20649
-889
39707
-66396
-50563
-52830
19581
-9171
16260
-83717
-21844
-33382
-4681
17082
28676
61128
-20473
-41993
49917
15336
-28303
-62035
36649
82699
-90167
-10897
64771
78443
-56665
-32454
56758
-55917
-4514
81037
7734
23889
-20742
-57279
92933
-15767
37694
93922
71050
28171
45349
-11195
-53698
-6960
-14632
-11730
47257
22635
13272
61887
-51863
74221
-58068
-74779
-71851
-62986
40114
-92750
-33681
-67134
35040
-49185
-57615
-66904
76756
-72106
-72310
-35343
73402
38252
40119
-12955
-68094
-11231
-91500
-31559
13187
-49089
63724
-96942
-51499
-63453
-43418
-5647
-19309
-98074
15371
21193
-55989
-99081
9330
51875
81498
-92505
37685
20882
-42822
-60193
61139
-34592
-39289
-46007
74562
-16101
-60276
32164
-32938
-34656
-86584
-98277
-69153
50929
36880
70525
-71503
-39478
-64745
31506
6849
32756
37686
44245
10237
-21372
-89185
-90314
-94499
11893
-70887
77501
-9281
94454
44865
78207
25059
41464
-55798
53713
98505
28338
50221
-15991
82128
-66236
-88772
14448
-11268
40075
47302
-25535
89186
-2103
-52667
96438
89938
-84814
-12873
17740
24036
-30791
-92409
-9387
-17163
80295
28809
-62780
65007
-95558
-17959
-80421
-18935
-36059
73275
13677
8224
42547
-10288
-28657
83055
-25055
15100
-70557
-89008
52308
-50699
78152
82286
42358
26861
27292
35552
-86699
51624
-34180
-55018
-51745
25874
12337
58820
-2376
11782
66325
97693
87036
-66145
-8936
-39780
59414
-61594
91780
983
91055
92497
94574
-70526
-18752
-66475
-42315
69557
-44865
19509
-72420
34882
41912
-92567
-96503
-9603
7759
-1162
-94666
41715
-84083
67045
-31316
66280
-72706
-55054
-714
-70241
12579
76677
94755
-1935
9209
40087
-80329
-12262
93772
82551
78344
23378
6242
-65314
-15853
-97882
-48545
-41530
22910
56686
81008
47788
37670
-51492
-22755
6713
37004
27649
-77369
-62443
31705
45222
-46903
-71104
-72061
-49441
-9454
40995
-61178
-97420
39150
-54145
61128
-40816
-68039
-50267
-30854
-41954
38240
52878
-56913
-57138
-85781
55627
61874
-34936
-12509
-51270
-25588
14981
4390
54997
-13578
76235
-18256
18683
-61550
-89045
-79961
-68192
6480
-3376
47476
26207
66489
-38174
85873
58566
19529
17802
80062
54488
53696
64386
-23705
-92111
13309
92970
1149
-67882
-69787
-35310
4467
52003
89876
48952
-88500
-88340
87214
-35053
28615
-8249
53413
50840
55767
-84462
7451
-64740
-50353
24974
-28387
94464
3483
31664
-93680
-85651
-92204
10202
-4590
-96524
-97147
-14993
74838
40182
-26928
-38922
9672
8589
54633
91584
-86526
-2930
-76836
37263
91498
78329
35239
59893
40162
14065
96779
-45825
16666
-36158
-94364
-8857
5356
-29633
23186
-41743
88529
37095
-92828
-47609
6064
-6248
-15708
97414
-64025
45563
-31602
-6276
-57481
17286
30181
-57126
-3651
13920
-38023
7287
-20864
44884
85571
22017
-56009
41381
29246
-97369
78206
-20183
35917
-16197
-55886
34858
-88401
-87861
64048
-67080
28940
87862
-22039
-14701
74075
-1656
97185
25651
-31939
-21620
71922
-66250
10111
15660
69532
-10876
-27747
72803
88972
-96557
3649
61358
-50251
-83726
-9405
22791
80798
-66876
-41380
-89617
28291
59563
72768
7191
65840
-62370
44899
-95655
55324
45285
-60368
74994
5283
-78026
73575
14744
60811
68090
55518
28134
12549
49777
3599
78190
-9991
69701
-32563
5398
-86189
-86417
-49655
17964
-40880
-15814
-42096
37935
80318
-2134
90527
-44894
53111
-53797
80130
29223
59089
-29506
37808
53259
-39090
25358
33382
-93736
43448
-95186
-25006
-15003
-58583
21704
-44654
46138
-69933
-43102
39201
98337
-32419
56195
4562
-11876
11820
35728
-72165
-58806
-54995
-46376
91549
-13498
53813
2500
76040
-44362
84570
6355
63327
11954
-333
-16029
-55073
95008
48598
52456
55690
-79085
-18223
-3482
36191
-95543
-94050
9353
-52140
13862
-70258
12998
97821
-15484
-63179
59634
-72673
-23639
-66795
91568
-27854
49349
26245
77044
-58009
-8475
-71328
15983
-75124
96191
-24208
37075
-73796
13333
-32280
-15843
34079
-18068
62154
-9082
-31410
52999
-23264
13993
71105
50026
-81145
-77264
40119
14687
21079
-46128
-27754
33243
-1779
-18389
85930
23495
-74949
-26849
-52430
95091
97111
-90336
85834
-37650
35855
7732
72846
84564
22079
44676
73637
-56948
99527
23415
18103
-35674
-77184
97847
-24980
92228
-31364
-49605
25272
-60504
-50501
61536
87984
88855
18479
-315
96301
-26227
-27755
-6168
-94530
19790
65136
-52262
-36501
29519
-31034
59185
-2331
73663
-53176
89149
42433
-71179
76711
73231
-61905
83129
-131
-84328
-65029
66282
-22432
90599
-96813
-18388
-73837
-98717
-25157
26280
85583
-27994
34749
-72206
-90161
85300
-83595
87502
15788
8327
98091
-43006
-10439
72164
-89560
61000
-11375
-97525
-64932
9792
34034
-14969
74294
30570
-63619
-68332
48534
74949
-42847
-52722
-67797
-5655
-75471
27050
-92724
-46110
-80517
42162
79659
84734
32928
-54567
-9879
75432
47309
-17521
-39240
-6348
-98447
35644
-31896
-4477
-80854
-56678
-44933
-51964
64565
-58235
76975
-52406
-67919
65984
-52578
14471
-50145
93449
-19668
-98086
-87750
-60078
-35632
-15955
20099
64646
-49251
87227
81906
44494
-42564
3009
56326
-39038
-6410
54401
1053
36862
-81644
-38749
-16746
3458
-117
-67535
-15339
97746
44667
22145
-20291
-69902
-23891
-4971
-68838
-50499
-19866
-49214
-61308
-65375
10685
-73183
75437
7997
-48312
-90991
51849
-89403
87662
58972
-89606
-86030
32815
-76890
92691
-45856
-85952
89566
-51174
61639
39690
6511
94531
6146
-20958
-45697
-78536
39131
-68221
-72409
-19617
66169
51715
28211
97139
-61498
-37863
-80840
96981
-12560
-37158
60856
15852
-79025
-2768
-16088
72809
-81784
38163
67361
2003
55286
43037
-81756
-4404
-6305
-23589
99771
17256
41470
46000
-47785
-13986
-90461
72307
-40352
-34551
-22944
77223
31053
17686
25984
79218
99289
91982
54502
71742
56026
12825
9714
1743
-74549
-44901
91295
-50720
4869
35214
-77857
-71070
53370
40748
-77432
94904
96521
-4437
81073
59003
68982
-96907
9631
89905
-82881
45171
94327
-9539
-45765
67962
-79795
-26493
-77336
78861
95556
11375
-67408
-50041
-51615
-83565
27795
-72853
16108
13143
-40666
15846
24988
4550
-60411
24550
71659
59263
-60822
56485
31529
29745
-35997
29256
5467
73732
89775
62106
-94190
-18872
20391
-8046
33851
35940
-4710
6510
-68352
-64506
20657
-3484
40845
-39031
-19600
-7010
58009
-82525
-51846
27388
18007
-2594
4491
23782
-9494
-49867
-65033
-35706
64536
62427
-6749
60585
-13796
28525
-52429
-67506
-47995
48821
6992
24498
-63086
-5225
-82554
-99717
-99135
89042
72485
-58556
84235
50115
49113
-2136
-63922
-38043
78043
-612
-80234
-11156
51604
-10329
-4591
-34186
69804
18740
-371
67714
37899
-65285
57457
-85132
-14022
-76130
-94922
12718
62082
9267
-15404
-96793
-66309
52482
77343
60875
23389
-36655
-55109
3447
-98885
69397
16843
-57150
77416
78193
77542
-8031
-1998
27572
-17969
-75989
-87886
-36957
-63578
-29420
-21469
31506
-83020
69607
71100
-75853
28905
66527
13770
18759
-86874
47633
-77280
-29959
70087
58545
6233
-4651
-26899
89713
80926
-8446
27164
-93508
68823
-93576
10354
56773
57889
2787
-31599
57690
-38115
32230
-49152
-33752
-88278
60755
37381
-95190
94338
-57541
-71307
7383
-7673
-41441
94881
-94622
679
-72411
52792
-93768
71006
63452
52723
-28461
-26965
37029
49528
-6351
-41151
-6907
-52772
68421
-74197
96878
-49498
19773
-58590
-22940
50754
-75172
24300
56572
-63433
31990
-29911
-95758
11196
7743
-41389
-15228
33529
41279
31914
-27535
6871
-18499
25280
67906
-12855
78327
-15024
62557
44106
-38493
-88910
47927
-52862
21510
89609
-2816
-10324
-35831
23539
99439
-89695
70980
37113
-99498
22146
-82686
75174
46165
99810
-51899
-71771
-34487
-82435
-33047
-1974
-3287
-95172
21677
92184
-15235
-5423
85844
-24708
-54800
-96709
55793
86716
22553
67995
-98480
-89538
17354
639
49571
-72478
35480
-13295
57757
-72109
-57266
-21950
-8446
94758
-33310
-14308
66593
33110
59293
27743
-3598
-10530
65720
80765
43142
79401
-45764
86096
-11764
95545
-40655
64720
33063
38574
36964
-18843
-8334
-9257
-82719
71355
-7961
-48388
-59418
-66519
47247
45094
-95067
-36630
39589
-33411
-95986
-11047
-27101
580
-59592
-79268
-61624
10424
-24527
67869
16030
5359
-8779
80255
74073
71671
27355
-53836
-61306
-42894
-92070
47030
14107
14006
-55286
-52138
-24025
62345
-59319
5613
-96623
-54633
-96323
-82200
-50645
66303
-82421
79344
19419
84170
-55808
18280
48745
69096
42338
-91031
-78380
-76167
78161
-63327
83388
57841
-18230
-96535
49895
12836
-8551
-55911
-13665
-38351
-68117
13568
71923
80940
-50020
15651
30639
-54407
73460
18617
72275
81087
-82289
-71049
37893
58503
85134
98018
-89895
-24083
951
81547
-3212
72241
-67068
-16568
-68744
-51080
-36530
33079
6292
-91048
86376
-73858
-38359
57691
-85673
73905
-28991
-44102
-28011
53648
77203
29357
52774
9548
-18160
-72274
65141
48741
62440
63428
-4142
-37481
-18183
80627
-36533
46742
-82391
75332
14331
9371
49717
-89596
-78627
-58076
-92235
69022
58661
44776
-98894
-78965
-23814
-93263
-61792
27401
77748
-27332
78501
-70739
-75999
72797
-15904
66610
45455
21092
67505
-72113
65766
72625
803
21277
-51355
-41254
50436
24265
-9562
648
45295
-87885
-68407
72779
-71962
-63169
-19488
-26955
-28869
-74594
20837
-41722
61599
93732
64264
39583
-17507
-91106
14415
-44788
32437
2054
-82135
24488
58098
-25995
6707
-31684
-24579
34350
-5786
-68061
-69098
82188
63605
-59174
55201
8908
-16524
80757
-45481
1215
37868
25122
-96471
9687
85820
-52257
56622
-44517
-26967
-43028
7159
-55736
19156
-99145
-98002
-27653
-54854
35091
22771
-63843
-43430
62669
36264
89367
41553
-44455
70241
-841
-9397
-66270
-14476
-51271
-54552
-48331
-97611
-37747
44455
-76897
-18238
-76823
-22859
-96657
-97649
43500
-17180
88594
43765
19904
-83534
-69470
29991
68357
-18400
-48053
43407
-85476
91820
-21906
21306
59621
-70847
-60128
-56532
-20478
-17069
22075
-88133
94011
13270
-57424
-36529
-87014
59691
-78467
-63273
7805
60039
45194
-33507
-31931
86482
-96251
-69779
77797
50966
-37122
-73317
-82141
-3536
-88367
-50518
98036
62595
24022
-52006
-36367
-1860
47329
-89307
89614
5115
-42572
-20179
24712
2586
-97994
-37559
64235
-65267
-14330
95391
-32295
-56771
-620
-54013
20136
-21776
385
-83687
-9584
61700
95818
34157
23258
41374
77221
-84343
11410
81290
-650
-75028
25986
-90093
-32045
13408
-57204
-50850
91490
79541
-43046
60673
-77755
25344
20961
-63330
-93868
8446
-89369
-79892
81670
-81731
-82995
21468
76244
23766
-26668
-48664
65881
13377
-57182
-17617
-69076
77323
44514
-27091
-31443
71438
-34390
30084
-74122
-35740
44382
59952
16135
75688
-69849
49058
-6643
-25903
-60807
65545
97403
41714
-36009
-79485
-46709
-62038
85697
-40598
23856
62506
43928
-45391
90178
-97413
-30820
74918
-98843
-25530
-87466
-20343
-31071
11261
47700
-36348
-74733
-91523
75142
-28079
-58154
-91233
-34339
-22649
-20528
90864
-98256
96631
85277
35107
67224
29592
82907
-30218
79916
-68870
-50127
-53510
35026
87382
74972
13822
76131
-552
51179
4195
45603
87302
-12726
-50336
49663
56818
-93871
-70902
-21749
-34321
96705
64684
-92991
-33243
43844
-78001
7441
51958
8276
-47219
-65432
20344
-28285
24510
-43771
-59750
78722
-82936
31311
-14236
13686
-11869
16144
57172
-86918
49798
-44071
-47660
42282
88683
18215
722
-78181
-33097
-67940
-18648
52079
97896
67463
-87888
70674
90954
-78707
63643
56272
-42587
-77119
33376
-31281
30556
43766
-71095
-3545
57908
94661
95925
67202
-481
-5052
-40567
55847
-46385
75052
-14492
-89943
71313
-45167
56311
36723
-16862
-47830
81989
952
-74671
76900
-94519
-37095
-47878
75017
-35092
-29815
-59886
-47277
-26005
54036
53352
-32477
-71485
-58867
-56003
44563
-66609
90363
46504
18326
-96294
90436
75512
-39595
-71027
32776
67426
74396
30254
-96928
1307
19885
-7894
47599
-57948
-97305
-32364
80082
-43546
-38863
31727
-22221
-67991
-75114
-93296
43119
38595
-36448
-14849
-95751
66604
74089
29849
-67324
-2664
96518
-82208
-24425
42944
-60458
-8879
49404
11361
-71723
66706
-7554
87629
-99270
57016
16397
-78564
-92927
92900
-68343
62821
-31505
20546
75876
-37509
-47028
-15973
47342
-75081
43093
-20752
-12232
-51810
-95375
28081
32844
12196
-77547
-84303
-19743
-47504
11295
96817
71646
-30253
-2203
74048
-21508
-86748
54092
-18183
-14220
-53562
-17356
34776
86095
-75682
-57940
-64898
42249
80874
66567
-12668
84864
78218
-77130
69832
69970
37784
25764
-93975
-32204
-68655
-16288
-93735
-27515
-63017
-59307
28920
8572
-78177
76186
30196
-82943
12288
-29502
-95052
-52412
89726
47329
-29780
-25013
92282
5684
80071
51440
31835
7279
-30024
-72607
-52754
-65348
6494
-94236
23087
-53581
99692
-89849
-2720
-65363
91386
49902
11388
-73955
80234
62686
-79933
-86120
-40785
-66023
-2787
91024
-11460
25421
-78108
69825
94216
-881
-79596
-20403
-15938
923
2904
-11692
96972
-52418
38887
-76453
-24240
-87489
96169
-91577
-2095
-16303
-60634
-21627
-58556
38584
26267
-60032
-64732
2277
49001
-6173
36072
-47913
-31200
94193
-31238
-81340
-31192
-82114
61390
-84089
82609
-28960
-70749
-96911
3537
-56726
79669
51033
-23021
-71255
72938
-30404
73717
78787
-40181
31588
10327
62159
-21208
11046
-83458
-9173
-5382
76873
16183
-74106
-91266
73120
-37949
81993
33653
73902
-81847
-25643
32428
-78638
38349
24552
82709
54832
21296
41701
-96725
33163
9687
79740
-30439
-90919
-88784
7709
-77633
-85826
-94922
13509
75656
44084
-69476
12321
48268
57969
28369
50363
61807
76888
9762
-83358
-62799
-4327
-55292
81827
-172
-85445
43961
59810
63885
-25125
32491
86874
20229
37901
86051
42557
94549
38401
1380
-85984
64051
-80251
-96494
-77065
-93765
69501
-26242
85709
16784
16928
55009
67143
-96454
25050
51081
-81346
90542
87289
-56800
74020
-38890
-16725
76717
-89273
-72939
44253
28759
75071
18418
42896
56420
9759
7659
14071
-68583
-66216
-61778
56990
48820
-52866
-94503
72557
12872
74156
48255
-7775
-58591
-15812
-78042
-67824
-52836
41117
-77835
-24562
33188
8587
-23427
-39266
-83040
36403
-11239
-37059
-42872
-50632
-46017
84950
4906
51014
54106
-32210
71504
-36557
37580
-18339
-98231
13998
61698
10723
83676
85444
13188
-77621
-67229
37188
-29425
63858
33457
-54042
-30966
-79839
-30881
-39403
-79626
-48364
49879
-31248
63913
-8240
-47605
-52068
-85600
-87901
-79983
-32981
33393
61118
-61593
69774
23280
50764
72848
-89601
-76330
-98003
49120
-21399
-39549
-84373
37636
-5801
-2162
-18881
-57891
16187
-37447
-65739
-13638
-323
-29185
98370
51573
-39758
-33580
-39460
22763
-79524
-61083
-96710
-19235
-64290
-93225
-76893
6405
29177
-94958
49838
52764
75518
-7812
-1560
-23806
63771
-59528
51872
16876
96435
-7477
-53457
-13840
-15159
27700
-86517
-61186
-93608
79202
44686
-3196
-26940
72213
57642
83606
56209
87799
-36591
61542
-29475
-81874
53506
-8403
-63454
-43483
-23074
43113
-32017
-92822
-66941
-42129
-30116
57121
81902
-34216
8606
-14526
-41520
99048
48493
-18665
-34131
-5288
40307
-44891
60766
-20728
-58057
-92539
16376
-15644
36520
92795
-61511
-61510
10383
-12294
-17946
-25036
72039
-14675
15374
43401
22902
56159
-48474
3095
21820
26272
-10293
-70549
-50166
-18656
58
4777
97388
-62973
-54470
-2144
-71058
20695
-56792
-67852
58619
-19232
23601
-43065
-15282
84061
37170
55464
65570
69818
95726
-40307
24529
82542
-77807
64135
-85449
-98621
-2474
54023
-68620
-56974
67904
119
74839
-21657
-33191
98603
49256
-63975
93383
-88673
41935
38020
38076
-93727
20146
-49322
-47836
46254
-91250
-28718
-64679
-81030
10913
4017
-51276
7578
-72605
81410
82593
-16150
30737
-6621
-27709
-81809
-86134
91629
-24812
63696
35397
-41736
48293
6766
-17871
-61399
37581
-84625
31608
-62053
95368
43941
1610
-32134
37859
-52871
14703
-52484
-99883
-24236
-75019
39265
58477
-5736
83904
-92411
92493
-55617
23688
24411
-25809
35846
89975
-75725
32517
-92497
-49180
57143
73742
42836
-84598
51653
12935
93831
43483
37738
-95396
53098
57392
-73865
91871
-86523
-51364
78917
-61030
60716
62802
12884
-53410
34780
-49785
-4847
-59517
44319
-87663
2841
-24601
74906
-96226
-96926
-35446
-40521
44000
-29560
86615
-8235
48958
-70499
-91618
76342
11630
-61716
95677
-80087
-71102
9213
-68517
17610
72974
-53203
8560
77746
28743
-11554
-18447
-66085
67182
89605
36927
27473
-64581
97715
-91502
-50638
-29010
58393
90884
-77444
-72902
6683
-20891
38826
-26668
17774
-47621
-1763
-85337
-2611
5153
15080
-23246
-26043
-56324
-62341
-66850
-97549
-47496
-37246
62085
14558
60963
35412
-54989
1869
-62209
24501
-63979
-21437
93640
-38995
8614
88330
11723
-33766
-79839
-61656
-55936
22983
-77759
-98474
-71149
-62509
-90559
36750
-5233
88740
-31715
47797
-32546
83708
27496
42209
-97927
86943
45970
6726
74635
-99080
15511
-69656
24539
77514
52112
64755
30023
-87885
-87263
-7332
-35577
-20179
18116
-1971
-19099
-54276
87744
-93430
48068
-86828
-35039
77587
96520
-75955
19537
-52626
82286
73414
30296
20858
-20040
-86000
-56230
-76860
16781
-85193
69320
92830
-26553
-63055
-52680
58750
-88584
-39293
-20047
25276
25290
37299
-38468
52522
-48817
-86372
36957
52475
16733
80478
8031
94896
-99104
3057
31237
67382
21425
48877
21593
-71327
82485
-93066
67207
10581
-39204
-56388
89804
44015
1427
95005
-79673
-4805
-33208
-83940
86512
-65325
-78045
-54397
-14515
87042
2652
-74867
-42348
52656
-85989
-61309
37603
34140
-70629
-72019
-69139
-33192
-84279
54608
-70203
-56665
-49105
-65900
-12786
-840
96208
-59067
67293
-10741
-15970
1261
41483
-19352
-58344
55709
-53629
99395
-64632
37649
97382
72770
94870
23899
78772
-90775
-74822
371
66877
64233
-92451
-75768
30479
-19066
97595
35444
-30218
17846
-63845
-37132
-39573
2575
-69967
-65807
-31178
78212
91783
-17403
-8105
20320
45478
-41746
-7415
-66158
4189
-37786
-47405
40225
32901
83095
57584
-30088
60697
-84672
89508
16179
-57357
-9755
37706
-89251
-691
38708
75342
1830
-8075
-96181
-51118
-56172
31791
-20208
73575
29062
-90475
69946
-17253
-22100
16857
83604
-79885
49264
12369
-45614
-30552
78236
80488
-81885
-3083
-1751
-39650
-5389
-51337
91071
66866
88907
39939
2007
42764
29369
48951
-32773
53897
-90661
-81860
64154
55383
-26869
48342
-96433
-67465
-29295
71619
-59619
66210
-98397
-12753
-96945
-51168
-11755
858
-42263
35685
69154
91332
-96314
-59883
-45101
-42012
-25870
70865
37373
-45990
68211
31425
-86827
10666
15677
90663
-91159
-38895
3972
-87614
-85386
80919
-60707
-47241
22589
-78430
10893
-73831
-89771
80894
-1579
-89688
8566
75935
26629
93656
9415
-49750
63110
-90963
-39598
33544
1013
15260
56483
-61427
-42705
51092
-46172
-3481
-11540
22951
26136
-65650
29205
28290
-56929
-5333
53632
64961
93943
50158
11983
54931
-13979
79744
-50459
-65990
64873
-1596
-98091
-40818
61697
11869
26445
45582
62184
6385
2359
-64704
30394
20228
-97083
-91987
-56684
-86022
-10659
66741
-67810
-32958
80251
-83062
71868
3918
22220
-87567
17005
-17050
74226
5643
-56336
-99335
27832
24190
-7836
77737
20022
-57537
-95002
-17422
-75133
-83675
65020
77948
70774
36944
82697
31193
67490
-20628
25514
17055
-29256
47020
-42423
17943
9059
28122
-49359
38613
75309
-75185
64648
-1697
94179
-23610
97179
30209
68416
-1046
78908
20085
19547
-33005
49956
35598
-87939
-96389
12432
-64495
-44490
96664
22400
-70759
-21300
60061
-88034
45980
-60029
-45751
-24035
-64617
-40489
-117
-58681
4956
-84535
50320
-38353
66308
90341
73134
8186
-92704
82546
-41905
90198
93639
76618
33939
-86826
19101
-73153
66601
-48386
-10443
74991
7447
-52129
15170
13071
17396
-98387
-27482
-46686
-80411
12368
2641
-59243
48000
35005
-56717
-90980
85949
-42814
-68711
59686
-93604
-3072
50625
-93093
-43502
61161
84218
-13820
89607
60617
71348
-84564
65954
-3575
-23168
-27598
3742
-31796
-86448
37122
24918
54
17929
67880
31506
-39267
58430
2066
89476
-59928
-95077
-86810
-30237
-43741
1298
58687
52748
11324
53163
26010
14270
-59042
-63587
-66268
32814
30687
84022
-60272
-95270
-68169
47597
-24904
9432
58960
94220
66182
39874
72614
-36358
-96853
-88331
18486
-43193
96060
41366
-31333
76684
-56640
28922
21100
-37738
-69579
35001
-79757
13235
64531
-67172
-20190
47753
-97605
18173
-5226
-4184
11149
-97558
-68504
16612
41975
-26549
-88288
-15937
2479
-24216
79511
19257
45841
-25439
-52838
-30649
-5924
73532
81239
-28550
7028
66509
46657
81905
-71913
-50022
-24732
50279
-29971
55334
15621
22337
-97879
-22595
18736
83920
-49583
80978
-24063
-34468
68464
95373
-53119
31658
-19137
-15357
-77095
-96375
25991
-26572
41880
-88690
33116
73475
87705
97624
-38651
78357
64666
87089
71176
71754
71527
3477
-65632
96134
-67893
43049
3645
-60610
28427
-98607
-90189
-56460
91004
-80450
-11998
-23256
-94542
31680
-64661
95001
-46781
-79069
75387
-78266
-87143
80322
99192
80428
-9876
37858
-63955
11368
19374
-42667
-74922
9731
-78832
41825
-54345
-10599
84003
14467
19719
-28308
-25060
-35526
-29625
41651
76048
74051
-66971
32198
82789
21516
68227
-7665
-83871
5705
698
35291
-29950
34024
-14412
-92608
86351
79764
5644
58467
-36252
83959
85204
21645
-25242
-32685
-36706
49753
11721
38204
-24097
30889
-29460
30327
53826
56588
-80797
-98770
-69019
-10482
-35065
59666
-52134
79911
-66215
-88633
-41417
-72259
