1000
619
657
224
665
184
38
957
957
980
433
130
277
11
726
817
3
825
47
104
376
716
966
792
578
890
848
218
564
421
40
213
513
532
596
677
387
286
3
724
199
509
674
672
411
202
88
53
779
526
399
419
440
880
888
307
556
950
355
175
251
603
20
939
165
214
11
823
86
895
417
871
54
657
738
379
801
64
969
26
664
240
792
100
574
938
164
273
814
440
171
854
370
445
808
67
111
50
748
944
776
25
50
494
970
989
430
270
194
292
944
714
150
952
725
291
121
196
579
583
793
90
321
503
821
854
258
173
456
850
239
565
402
14
516
785
99
283
587
155
524
601
59
290
119
214
422
415
798
691
58
635
591
581
555
756
706
247
528
807
678
195
789
330
999
274
324
657
182
780
288
662
634
928
216
578
647
735
105
563
243
391
702
29
132
677
336
276
583
146
618
78
655
205
110
443
624
688
790
86
163
635
454
664
233
646
441
215
693
280
199
949
233
389
28
297
675
97
609
692
500
649
461
750
637
242
921
697
122
280
443
686
201
362
226
627
731
218
144
697
167
342
732
896
118
786
852
281
348
768
287
562
942
433
36
561
654
292
913
912
706
113
29
345
17
55
430
920
418
453
205
773
318
82
727
735
760
774
25
62
612
307
936
934
557
37
907
791
736
155
409
102
363
49
709
270
293
642
134
3
529
983
461
440
743
193
867
790
521
8
967
496
871
405
103
66
296
253
129
90
966
236
308
177
411
538
232
681
935
37
394
351
489
240
145
986
785
685
650
331
727
414
92
967
129
427
251
281
625
290
611
475
515
547
370
573
732
418
730
739
926
88
341
42
517
391
142
262
752
738
62
75
203
505
63
219
992
132
301
261
227
368
416
363
80
752
662
27
152
645
21
303
629
217
51
563
439
482
699
458
901
167
51
255
688
114
94
410
409
377
111
832
808
554
478
550
647
22
739
843
630
853
512
683
926
848
295
499
725
467
120
270
812
634
562
597
973
513
452
924
690
639
961
747
524
664
453
658
543
484
269
842
733
45
41
804
773
502
71
978
515
975
293
38
346
909
905
673
1
302
742
525
261
384
370
888
998
607
162
933
45
14
63
539
686
88
313
72
920
802
398
170
633
337
628
456
588
936
243
532
225
65
580
70
663
276
723
135
618
795
12
755
426
372
903
812
7
262
628
423
248
478
672
570
134
651
453
872
345
754
168
138
661
816
534
164
545
971
442
63
448
663
152
517
597
981
308
521
698
456
618
315
194
327
839
797
568
135
945
127
372
609
361
148
746
145
112
889
123
507
600
879
457
393
557
523
330
623
838
763
204
985
762
185
617
710
51
411
578
789
106
605
871
102
42
42
322
300
897
761
239
495
148
697
565
901
397
7
815
325
149
209
362
921
518
73
147
34
607
780
299
677
133
443
497
286
401
463
629
277
552
48
162
907
239
627
786
361
457
916
548
814
354
141
808
260
345
311
813
266
79
99
127
640
806
266
545
984
816
725
508
9
914
922
304
989
768
25
775
830
734
611
510
868
341
810
579
193
684
536
22
737
820
775
470
430
53
638
826
889
761
622
770
799
376
919
25
547
393
389
581
733
835
172
811
477
801
81
196
532
536
54
273
7
856
759
924
763
459
300
681
427
100
412
904
295
452
43
183
14
348
159
517
145
463
123
94
898
589
873
242
972
723
116
298
497
550
79
25
925
202
462
900
560
259
862
741
159
831
145
602
196
899
699
407
579
578
619
193
870
970
453
628
706
904
773
713
434
901
440
749
121
117
938
311
444
315
422
984
924
327
24
870
935
693
907
95
465
954
42
931
528
375
187
889
406
246
101
166
339
639
407
69
444
917
976
724
959
936
843
639
142
183
353
606
351
105
162
182
875
427
372
993
667
378
418
32
294
533
653
283
465
820
948
163
825
5
156
497
79
987
878
697
737
519
453
508
183
728
545
349
232
448
393
103
52
448
80
485
896
731
836
711
171
926
211
232
653
916
775
527
889
553
382
645
767
794
783
495
665
61
671
798
178
449
487
494
381
65
391
23
885
478
774
90
131
317
966
546
231
660
308
128
12
139
441
562
605
216
533
615
400
355
309
82
649
651
496
150
504
299
961
509
348
507
616
838
548
929
396
387
716
656
116
10
777
919
476
137
672
123
241
970
751
8
324
447
930
337
991
899
761
279
454
990
265
436
553
732
746
817
561
347
119
92
41
381
765
389
436
103
988
550
569
884
415
625
282
51
33
614
774
124
170
324
200
530
505
175
665
972
