1000
539
41
36
34
901
416
288
701
984
993
401
249
689
336
122
338
75
411
861
131
182
564
547
475
945
857
895
295
173
830
763
100
146
2
834
119
450
385
456
586
712
49
270
586
900
727
570
675
51
274
954
41
47
944
347
346
320
730
480
465
557
835
207
769
252
774
422
503
62
229
73
850
459
388
680
335
604
726
750
894
756
482
857
578
517
571
542
309
347
586
782
819
480
730
213
448
933
231
377
109
71
606
477
219
824
247
788
408
836
223
936
186
864
86
354
564
320
964
336
276
90
655
275
447
942
822
436
504
43
318
789
917
980
939
968
553
962
280
597
122
732
13
771
990
494
123
560
403
164
66
384
602
127
461
663
228
582
401
585
943
264
907
494
876
132
880
562
118
783
523
850
247
583
759
896
123
353
869
116
453
835
725
628
852
681
633
433
228
885
782
805
408
640
374
381
988
217
402
350
332
742
402
699
961
109
740
433
535
409
940
462
20
352
293
994
246
878
184
690
971
703
325
617
816
875
276
709
950
411
385
172
555
623
709
460
747
768
781
872
862
548
53
806
581
135
698
158
849
884
930
998
921
325
635
750
446
568
855
940
988
357
313
276
755
564
505
683
823
121
755
129
605
556
419
447
294
639
912
814
787
624
775
968
386
295
762
264
697
426
848
983
706
767
402
414
497
742
717
34
194
524
304
96
141
399
199
101
209
822
398
360
147
993
647
899
611
454
751
76
720
644
528
41
69
594
225
813
769
548
233
808
719
459
170
828
916
245
936
527
47
955
756
425
473
755
288
558
839
114
776
49
629
328
561
654
282
214
942
467
392
356
889
884
790
461
17
342
960
721
351
242
920
91
777
516
112
188
382
536
41
81
788
262
395
715
60
104
48
307
787
472
850
255
212
18
699
194
155
220
44
51
624
349
964
722
242
70
877
309
870
275
439
528
388
347
535
579
640
810
401
938
175
673
821
574
607
915
746
856
108
606
121
240
621
539
503
311
773
837
80
421
627
688
568
945
830
15
11
726
190
39
797
7
392
382
49
484
454
344
348
907
408
267
771
304
747
621
666
982
608
819
213
43
195
862
656
202
356
489
978
968
232
478
394
130
241
106
570
911
705
75
625
46
166
566
160
794
867
209
358
851
274
768
895
881
76
306
610
329
712
470
288
381
594
309
974
603
681
752
445
590
953
115
22
785
855
506
4
48
642
627
988
266
807
545
463
199
539
516
86
610
923
963
641
70
168
655
136
754
281
831
107
584
45
804
813
76
78
987
916
436
121
874
285
678
112
220
448
118
244
552
194
604
611
847
139
171
475
39
815
762
116
233
613
996
565
816
808
430
314
632
238
87
616
184
42
218
826
746
372
106
363
803
498
365
560
443
658
425
440
609
657
914
774
671
496
921
807
552
980
727
470
568
284
548
823
949
313
130
250
757
65
206
911
994
19
187
542
213
843
772
993
862
886
685
192
448
703
108
666
627
475
748
3
676
693
365
286
978
738
978
446
977
151
17
484
1
860
338
840
508
299
107
515
529
36
125
359
794
686
533
389
493
779
24
104
598
174
964
878
191
90
181
191
976
789
230
399
862
818
150
782
270
309
966
725
725
365
951
519
243
803
951
658
662
737
539
621
572
188
209
921
86
423
442
793
85
64
982
650
924
704
20
892
510
153
585
952
395
704
521
379
262
885
39
667
636
924
596
315
965
328
601
736
484
348
660
839
852
970
717
791
914
248
906
253
159
69
986
46
779
633
109
860
569
689
456
423
991
769
519
738
642
185
705
701
30
270
418
135
903
625
492
230
1
453
302
80
410
285
59
907
398
602
82
478
311
239
794
726
561
469
909
814
958
965
944
450
520
492
422
403
716
237
660
679
26
350
358
561
517
738
273
25
145
92
751
864
442
489
669
779
877
994
198
308
57
13
96
491
555
811
74
695
920
62
774
465
679
797
984
718
592
87
730
109
693
341
743
893
604
643
552
348
330
252
180
468
988
940
99
725
429
762
812
1
363
123
402
806
413
928
109
389
154
154
160
399
799
827
579
502
139
489
370
940
674
59
899
141
239
93
849
781
337
601
712
900
139
340
75
484
474
564
865
351
68
29
931
799
147
500
862
526
450
456
986
459
503
852
733
357
282
865
541
680
688
232
732
884
478
355
820
300
534
380
753
786
684
112
529
556
65
130
640
280
140
504
961
526
781
331
41
865
808
286
873
189
254
425
573
481
361
525
353
979
424
545
407
630
857
929
507
631
228
804
844
289
815
919
