1000 123
179
124
741
921
361
802
165
249
1000
978
443
391
637
329
597
377
531
661
30
552
468
939
732
341
471
206
261
516
916
753
388
965
834
231
5
298
808
724
191
130
585
487
135
888
344
828
306
146
191
985
163
270
852
358
302
600
387
939
853
665
855
346
261
617
854
199
486
341
618
597
183
736
368
883
178
662
987
666
90
334
262
867
172
351
346
648
241
945
333
690
524
164
526
59
159
540
375
135
719
760
251
690
162
173
830
455
703
995
187
841
724
193
265
307
641
867
804
104
718
765
3
201
724
307
440
339
503
234
141
615
852
105
971
800
210
911
424
533
408
939
503
274
113
653
263
36
289
680
559
88
705
286
168
263
633
900
29
120
694
886
507
303
307
732
278
575
804
228
699
732
421
654
104
805
618
460
531
657
541
802
233
712
302
719
57
855
919
102
818
391
131
347
52
603
532
25
929
922
202
20
614
639
377
89
807
691
706
346
788
301
811
212
299
168
973
942
182
329
761
347
912
315
930
910
226
814
932
660
788
147
725
440
869
374
82
861
191
635
512
443
824
454
371
837
770
11
395
612
376
153
597
26
272
702
193
809
814
121
500
157
124
858
229
277
753
91
201
397
159
899
249
436
737
588
306
311
980
736
414
77
724
45
390
101
294
188
727
577
408
799
740
452
241
623
199
357
311
826
584
717
341
264
860
971
747
902
148
881
741
41
499
681
845
795
348
837
721
905
504
26
360
118
727
281
354
178
391
616
741
175
60
592
404
925
935
811
112
705
656
39
388
217
516
286
946
820
600
575
285
98
710
161
803
775
234
614
887
82
337
720
855
473
27
720
7
734
370
382
403
711
715
40
208
545
610
49
133
901
160
856
488
346
76
86
980
16
903
195
546
863
204
203
232
459
878
152
823
921
243
679
477
194
674
760
397
98
578
514
521
295
232
456
508
619
446
608
537
700
159
31
841
689
404
223
242
389
898
95
714
237
306
973
869
840
938
224
61
371
858
88
187
272
825
483
794
265
279
936
772
83
615
316
447
940
546
409
563
386
636
102
458
812
954
550
966
516
235
446
906
984
677
53
766
422
203
450
220
507
295
857
443
557
441
523
907
121
599
610
119
661
793
69
72
718
184
988
105
796
484
986
397
801
999
520
186
88
829
786
143
721
471
897
376
908
880
174
166
288
327
722
206
293
66
405
794
750
331
854
514
904
431
768
235
889
654
939
767
829
639
414
423
632
455
671
91
899
19
961
911
812
72
181
179
844
143
141
585
435
185
354
361
950
690
93
249
394
530
934
690
444
99
71
795
782
959
702
708
933
407
80
473
236
730
987
287
394
515
535
976
101
804
220
438
11
575
435
192
821
564
858
457
499
517
692
463
764
396
62
645
692
908
874
704
704
603
521
730
658
919
742
590
274
866
343
276
21
524
584
462
722
674
299
455
970
829
58
781
170
990
352
458
729
176
690
896
271
250
707
504
643
191
785
646
649
946
479
504
25
192
928
464
124
423
12
533
567
16
793
599
892
504
772
434
97
604
369
282
481
71
925
842
577
704
271
743
358
371
210
366
501
669
99
35
123
973
890
186
855
475
887
807
830
998
916
384
656
833
606
348
995
224
206
303
762
500
954
823
718
279
541
763
586
145
606
231
945
458
919
566
586
261
327
427
495
579
888
317
204
198
29
456
521
494
11
162
670
306
694
281
250
776
881
18
867
723
852
807
221
870
235
637
956
50
255
191
566
921
171
189
814
59
552
58
395
880
713
346
713
933
15
43
769
816
598
838
278
59
954
866
390
985
976
172
636
918
406
912
151
432
780
520
271
398
851
73
572
969
603
865
566
354
508
902
556
604
886
271
471
688
446
936
962
375
838
779
660
545
752
904
801
429
165
82
416
511
285
938
779
21
199
158
579
60
592
387
807
540
283
190
372
216
740
933
352
351
369
229
402
427
331
258
635
723
641
136
695
306
892
12
815
240
336
518
910
54
818
513
698
288
841
523
823
795
695
334
668
669
715
280
679
705
515
209
412
872
121
737
44
714
882
215
886
544
350
757
135
48
327
310
309
982
130
70
906
582
715
375
930
468
413
263
864
267
328
727
134
780
768
870
706
399
556
81
225
42
373
9
569
608
75
976
721
665
924
919
559
261
990
218
494
962
328
236
777
205
179
792
281
655
874
324
461
731
73
264
416
568
54
321
372
934
694
398
864
205
890
454
493
684
652
243
180
554
134
670
495
779
736
16
446
71
69
177
828
255
919
381
524
927
120
