1000
8
427
456
957
745
641
530
555
54
140
962
186
515
280
152
767
825
87
410
727
723
145
145
417
160
274
559
825
257
610
606
814
749
615
433
868
957
293
866
970
271
805
546
161
544
252
963
747
315
577
767
865
950
594
609
242
555
231
701
645
676
235
401
933
624
429
846
877
16
357
862
640
834
644
428
639
388
910
962
888
665
187
743
508
679
430
864
424
248
212
392
327
48
696
78
494
850
798
752
772
144
290
569
900
795
930
870
719
571
522
538
188
533
222
92
748
417
105
788
103
84
244
649
535
104
560
454
551
96
120
576
913
75
518
598
356
115
195
569
233
245
234
636
592
401
408
542
277
336
902
600
955
408
440
107
13
140
501
663
574
835
988
98
441
984
823
450
115
436
160
744
240
747
720
702
386
280
300
657
959
330
500
389
894
976
129
848
181
342
275
535
939
399
115
761
905
628
283
623
63
472
673
821
335
308
135
537
600
4
236
956
832
223
54
235
753
18
859
192
363
551
763
217
588
735
135
794
804
198
904
610
200
450
404
86
949
975
788
47
896
883
620
796
319
212
276
930
309
637
53
115
493
743
542
252
500
533
949
946
486
225
96
214
846
639
602
659
819
278
845
215
781
349
928
994
898
784
43
564
266
786
17
403
136
332
502
23
660
185
315
817
41
188
996
424
895
149
204
930
799
63
317
950
186
932
553
717
131
685
367
131
308
61
466
670
114
462
57
516
892
494
405
226
472
787
25
8
847
895
144
899
594
675
820
618
922
732
769
470
838
777
943
437
990
97
224
757
204
293
740
844
523
784
749
253
36
7
241
899
989
730
637
826
353
470
940
422
524
618
392
831
502
79
553
979
938
554
293
382
146
788
521
702
451
254
123
606
391
190
200
82
527
138
662
151
398
258
210
266
131
228
916
453
339
650
499
389
794
79
232
10
544
846
65
723
822
431
527
306
260
677
267
568
530
678
552
331
63
152
349
834
712
481
6
139
810
872
584
419
655
50
375
864
898
342
718
752
398
594
489
302
862
323
953
304
372
497
507
582
981
86
531
692
805
656
287
696
208
639
181
852
550
482
195
424
64
115
297
798
331
615
798
54
758
717
773
896
886
621
812
408
920
327
986
844
94
586
104
142
64
590
98
721
959
944
484
817
643
822
298
774
190
597
677
626
412
514
30
197
409
932
332
803
322
510
660
227
515
627
167
216
874
31
534
24
112
174
25
916
10
303
992
773
8
638
591
502
601
600
118
711
342
249
921
265
697
91
176
87
152
574
683
773
516
422
603
208
808
422
638
315
812
488
770
419
400
409
33
605
16
485
256
604
28
165
57
627
95
94
235
905
712
510
818
329
566
589
520
858
277
672
58
661
3
476
525
97
162
834
662
480
564
672
662
978
280
765
150
38
522
918
826
135
666
323
245
213
926
679
151
901
252
106
619
291
830
530
83
975
275
707
924
641
542
451
651
537
556
181
715
153
632
6
368
5
995
391
703
293
564
911
524
620
142
969
6
986
309
633
843
520
514
723
849
561
886
949
511
622
477
146
237
663
207
61
441
537
754
681
897
250
807
293
187
72
778
756
451
198
744
689
472
294
108
207
754
835
554
475
33
220
577
928
419
755
68
140
787
580
326
405
577
307
653
116
587
882
67
324
428
365
794
42
600
662
623
736
57
608
833
1000
750
112
904
18
337
298
122
799
199
375
348
92
349
434
950
613
897
308
513
251
597
755
593
788
900
916
608
775
714
280
536
226
134
99
451
222
90
810
271
26
452
582
95
650
979
409
495
59
458
203
246
697
814
33
946
317
440
43
498
491
529
786
935
318
698
292
13
541
72
961
143
853
130
755
843
628
759
871
993
444
707
468
280
782
30
312
797
904
491
358
509
518
241
195
721
722
13
621
122
113
529
863
968
249
511
6
980
525
361
132
575
236
839
231
786
710
252
84
316
854
490
569
818
751
762
563
601
418
519
686
135
853
785
521
70
201
747
455
540
621
23
624
464
640
567
669
761
45
448
820
504
588
444
866
212
468
146
67
21
382
648
36
706
855
271
364
43
437
757
349
721
217
153
967
281
29
75
726
162
102
116
319
612
69
872
362
196
254
57
230
827
986
255
77
640
425
413
28
467
320
300
851
208
622
277
502
830
436
791
47
385
871
129
59
291
475
96
335
546
797
930
368
678
504
45
820
404
447
726
60
972
623
73
403
822
618
990
560
460
449
291
753
922
510
923
901
50
797
382
945
616
889
283
498
739
520
996
59
811
