123
1000
450
671
264
923
572
453
122
33
421
378
302
3
43
796
6
953
400
442
201
357
831
985
972
245
734
127
384
722
73
267
21
66
830
722
877
678
464
696
958
520
769
689
289
892
469
936
186
332
690
173
228
645
168
843
707
686
780
586
610
32
444
312
895
796
235
904
471
420
650
527
782
270
307
302
351
876
544
525
884
25
642
864
593
957
897
749
223
748
351
658
815
127
817
14
749
61
190
58
450
560
449
925
78
695
32
934
501
5
847
632
533
949
822
955
569
98
930
821
994
1000
435
156
801
174
6
274
997
896
1
287
202
640
706
820
745
499
358
598
533
822
25
430
589
959
157
339
593
437
289
62
50
649
476
807
309
65
398
624
906
711
859
913
740
433
750
75
203
785
243
902
905
199
534
510
771
524
309
887
531
419
464
530
362
284
372
429
876
154
557
867
474
60
675
383
912
264
973
207
126
532
56
417
204
289
515
678
704
917
649
451
190
264
31
36
982
121
247
67
521
645
895
868
160
92
666
833
698
247
300
263
967
310
244
24
548
876
7
788
531
153
788
969
676
137
558
593
47
636
70
35
217
582
616
641
710
126
196
917
57
286
480
981
913
974
982
657
35
624
956
59
548
782
350
856
553
905
220
555
486
934
370
929
764
886
218
34
349
405
707
868
836
294
382
849
294
510
22
609
790
695
97
477
503
372
673
953
658
9
868
487
699
884
276
83
945
389
132
134
656
555
577
930
394
402
999
257
211
114
527
399
936
391
196
941
457
826
2
657
219
617
136
888
328
731
226
140
498
579
60
903
615
633
507
133
160
494
608
186
436
526
820
790
59
891
229
201
477
523
461
43
812
75
915
295
353
903
347
845
575
759
845
565
497
505
498
51
75
85
908
725
785
103
917
948
505
691
53
684
616
118
965
8
769
525
377
378
54
753
64
192
444
783
436
36
942
248
954
806
627
105
13
356
294
84
909
411
269
654
622
789
660
401
262
840
271
850
554
830
466
794
542
317
595
940
804
452
601
525
413
89
975
231
787
844
526
503
572
586
982
819
315
320
310
149
400
44
671
347
820
418
663
787
237
797
80
276
135
691
566
782
704
743
548
134
938
719
579
552
299
94
726
604
115
454
891
825
240
830
380
886
408
691
235
340
837
862
192
488
405
965
909
333
443
343
667
926
114
112
490
78
725
419
513
488
833
292
14
196
520
521
845
860
224
5
862
369
656
343
262
396
592
819
871
290
17
338
868
621
367
242
196
111
496
124
359
53
254
345
661
429
557
342
90
298
278
44
362
220
684
409
919
822
374
84
657
115
860
467
605
658
797
621
850
65
835
808
643
627
487
932
647
223
540
748
389
614
621
744
478
943
141
180
811
933
714
514
910
379
695
862
833
118
990
585
300
375
635
174
999
622
747
743
666
863
376
823
735
6
222
199
310
376
819
447
489
184
618
158
274
434
381
996
109
502
42
332
386
377
933
853
857
318
701
368
299
764
923
250
825
478
235
409
621
104
3
78
170
60
326
191
539
393
762
231
574
560
358
714
289
634
138
604
855
825
180
76
717
998
973
628
810
147
93
339
166
127
846
519
983
168
947
332
532
883
208
644
240
461
393
575
515
880
160
224
693
703
475
599
811
581
456
841
485
608
434
496
554
952
413
581
32
381
626
971
817
59
678
229
775
23
446
305
792
466
168
895
526
898
314
312
547
474
524
725
185
906
163
872
3
609
911
573
814
48
808
496
243
226
1000
502
511
504
74
891
423
959
548
339
597
107
392
734
323
599
778
560
802
600
176
169
947
490
645
812
967
714
384
403
285
689
333
344
679
932
823
37
309
991
888
951
441
564
937
36
282
358
444
775
792
446
667
667
262
519
369
694
37
637
626
55
132
333
262
790
66
857
233
373
257
616
261
859
738
341
170
629
30
929
531
153
682
802
863
799
229
939
152
57
181
456
368
131
724
127
33
458
984
98
392
990
988
754
722
832
913
269
962
637
156
888
494
142
483
602
305
170
190
492
326
358
524
453
541
556
644
551
57
432
824
902
718
981
340
741
186
968
77
442
980
206
122
977
276
949
354
359
701
179
525
671
330
951
394
923
941
73
345
752
841
529
914
247
84
310
53
166
116
892
297
134
426
163
863
124
783
634
967
556
854
793
173
511
625
100
417
413
330
40
820
738
489
810
793
133
218
414
313
891
907
459
396
175
796
997
630
566
690
221
825
906
240
667
837
679
934
209
50
139
772
580
796
733
323
104
825
550
885
366
804
415
