1000
647
635
2
421
224
991
393
203
165
194
410
746
623
639
315
1
246
671
450
230
486
41
294
419
229
797
884
245
383
801
111
875
292
537
130
655
819
491
503
390
675
644
984
148
835
23
706
480
348
902
150
712
840
292
216
907
451
242
740
287
823
761
928
430
328
156
989
995
862
207
88
224
269
354
65
452
89
773
506
475
292
491
532
442
457
357
323
803
775
455
526
670
531
824
411
106
150
628
843
240
752
264
536
843
522
837
310
960
305
288
95
264
812
219
763
863
930
978
258
268
58
158
883
819
521
47
532
859
447
34
733
719
948
250
4
495
170
759
29
57
510
261
956
98
947
615
721
97
609
133
353
454
313
184
459
282
892
248
181
922
295
176
103
809
708
626
919
406
19
708
641
522
778
148
965
114
542
315
729
904
465
104
599
285
906
482
306
465
2
533
355
278
697
202
954
924
650
80
280
346
583
716
916
232
377
864
319
7
40
480
701
272
327
576
245
365
4
313
62
953
220
792
38
579
21
158
772
45
578
454
99
624
402
566
172
80
694
231
361
603
140
863
306
512
391
250
396
196
600
293
733
261
632
69
346
298
943
362
401
373
187
815
315
623
214
72
738
701
199
13
568
385
570
89
702
968
905
111
584
803
335
733
928
285
622
579
334
301
119
253
325
718
838
274
715
629
830
503
94
288
86
382
933
49
131
624
621
492
101
577
634
885
783
724
970
479
629
682
496
585
825
719
683
748
120
326
899
980
593
790
443
586
328
481
949
841
66
731
707
706
236
518
871
812
388
459
158
507
968
433
987
782
904
105
227
867
808
185
371
609
667
953
302
268
18
171
827
890
626
504
120
135
228
211
961
242
510
494
988
518
886
190
976
935
119
24
83
583
203
391
315
56
467
774
77
772
756
582
907
141
732
22
844
809
198
708
864
15
709
55
190
310
723
952
359
278
682
865
918
456
753
758
410
457
922
309
427
318
515
758
39
533
979
478
964
102
536
324
903
743
76
620
842
757
212
75
580
867
828
49
184
531
613
626
369
783
86
750
1
552
203
466
53
952
718
700
428
998
685
461
958
903
450
703
740
83
121
904
615
509
685
98
628
891
318
271
903
582
630
664
650
843
61
512
793
600
370
339
109
400
34
697
848
177
105
655
762
795
793
181
929
227
619
537
643
797
839
710
156
823
69
467
911
53
138
255
210
540
92
743
938
13
20
514
764
93
998
341
752
232
772
869
372
648
75
333
296
41
535
954
993
959
654
655
175
43
776
799
196
66
737
48
378
79
39
153
20
21
554
843
701
382
176
940
511
451
453
905
236
348
539
173
246
773
285
321
268
959
3
933
155
579
683
290
346
884
561
388
863
490
434
720
942
231
13
475
439
758
333
777
607
490
458
363
119
902
304
482
32
767
532
2
878
535
760
562
965
579
477
25
246
398
121
5
486
770
645
458
393
579
895
445
674
879
39
810
220
943
715
921
397
782
51
49
77
326
881
880
326
848
860
998
642
521
478
279
277
415
920
661
250
600
494
10
669
213
116
516
109
364
651
960
226
872
797
493
234
369
185
785
965
500
633
281
361
644
733
80
530
915
620
7
510
641
881
221
701
984
869
143
211
711
362
114
644
498
489
353
660
105
640
342
831
369
320
680
604
273
554
638
801
752
546
593
758
831
680
784
906
494
301
601
85
792
538
310
92
134
572
848
475
609
860
772
303
403
734
552
605
758
808
386
868
190
163
124
975
588
121
430
860
725
100
437
480
971
482
993
428
88
642
880
69
874
222
513
669
384
931
489
977
840
779
213
270
881
221
873
595
929
994
532
965
680
613
112
71
751
36
575
832
317
315
362
992
334
894
285
271
454
313
739
67
265
452
970
531
121
272
982
422
895
990
461
184
9
187
567
852
912
592
428
95
422
461
791
332
377
512
129
279
284
575
285
202
282
17
755
704
737
726
679
268
688
660
516
187
925
705
597
490
771
281
422
146
975
339
154
118
618
880
453
804
904
678
773
517
218
585
500
118
806
3
940
576
659
222
364
681
150
215
468
701
378
41
394
825
501
775
972
826
341
465
472
782
892
376
528
250
738
612
122
879
299
494
393
829
601
677
60
369
149
832
260
625
541
53
937
672
664
504
370
828
287
794
274
450
500
177
929
808
818
48
51
87
150
447
168
879
340
278
133
910
411
122
404
841
329
374
252
829
577
107
379
542
660
30
296
724
72
76
632
27
822
128
857
309
281
528
714
208
365
859
284
845
692
453
402
388
493
