1000
193
929
891
233
591
136
532
83
429
394
569
617
76
128
779
159
700
161
419
954
747
783
235
273
587
126
959
317
71
392
136
60
273
574
186
619
579
57
448
679
343
712
274
592
995
565
515
704
805
507
949
41
107
849
600
285
84
465
595
245
543
601
824
648
445
324
210
726
282
642
57
920
28
654
593
58
399
251
724
59
539
82
962
716
79
721
861
80
128
427
596
916
975
645
52
638
639
701
746
477
237
842
5
96
984
659
448
331
214
559
927
518
246
566
778
402
408
906
768
466
726
313
433
591
98
382
178
595
411
472
976
590
413
779
793
650
155
613
509
918
874
145
739
918
923
471
975
329
768
222
446
663
743
561
843
277
434
656
536
576
569
487
656
986
433
829
582
939
240
482
668
283
289
955
571
582
411
837
891
512
216
7
807
300
37
913
655
880
551
763
151
349
937
14
960
980
183
364
320
774
561
12
748
381
37
507
669
825
167
20
410
567
617
781
146
439
296
432
322
351
302
711
740
756
658
962
420
624
908
542
138
703
921
459
506
331
60
4
143
423
224
671
504
605
345
400
514
452
418
739
729
994
868
184
353
417
570
573
830
46
978
975
159
868
110
989
336
688
884
600
10
607
660
439
352
932
840
155
564
109
215
549
19
3
31
376
667
631
507
686
295
543
664
149
360
53
614
74
209
998
182
558
418
860
902
175
679
49
27
95
651
433
926
151
936
944
94
323
929
870
133
829
95
16
813
386
25
302
575
659
794
894
164
214
340
60
312
983
960
408
152
119
215
566
107
38
812
365
880
678
724
81
60
221
600
173
213
450
122
321
923
557
167
502
430
996
999
260
449
316
643
806
240
178
186
131
106
714
482
939
442
415
812
469
214
870
632
474
779
856
431
322
538
729
89
787
156
13
816
763
123
894
756
590
940
543
495
483
138
980
859
264
850
859
868
40
904
640
514
621
178
784
968
282
285
341
440
210
546
427
618
854
407
284
662
249
329
74
650
66
315
747
5
920
472
841
566
897
447
468
867
137
2
792
1000
719
456
776
542
611
551
454
805
810
358
90
989
183
837
180
858
728
691
293
824
846
183
387
969
423
497
963
34
669
573
311
443
485
237
758
536
840
953
260
167
369
457
771
910
624
29
701
39
632
39
72
190
46
180
112
71
71
604
89
935
727
210
985
216
438
25
240
478
787
509
668
428
332
418
751
97
772
838
685
911
209
567
701
301
203
76
665
671
273
876
817
106
774
406
863
908
785
784
364
991
579
254
363
172
406
817
883
861
906
604
38
563
258
520
366
72
420
638
175
924
475
329
161
572
525
54
647
585
118
554
120
932
787
193
45
888
147
988
167
167
663
859
2
849
607
286
397
433
424
721
121
836
389
591
628
146
593
906
38
543
312
586
914
726
340
949
504
46
195
505
40
445
189
604
154
948
12
849
466
883
975
112
632
465
195
209
389
271
892
367
674
826
174
317
511
669
882
718
80
582
897
757
845
468
555
866
669
396
982
703
629
496
362
116
920
189
900
319
414
668
153
204
747
179
432
716
275
611
792
685
170
366
907
285
760
453
5
812
56
609
768
826
42
396
175
252
811
38
557
33
991
407
552
535
476
915
366
555
490
244
485
681
156
929
489
243
264
527
719
301
138
218
777
443
383
99
853
272
967
711
283
900
379
969
208
863
801
879
279
696
530
296
843
136
309
74
705
314
806
578
895
617
876
898
906
283
269
542
560
321
558
908
347
114
762
354
92
557
709
965
644
48
559
178
866
575
110
612
925
126
6
525
557
957
807
776
812
115
128
940
463
214
314
846
277
542
913
920
245
124
292
889
680
223
958
306
580
681
231
71
61
511
624
341
494
411
849
279
510
49
401
893
199
821
998
486
960
625
273
748
566
432
197
589
435
192
724
659
498
47
875
605
522
842
21
762
719
329
835
881
433
784
346
241
513
742
418
851
388
594
174
11
824
327
454
611
532
137
990
400
295
641
301
848
751
89
222
151
314
530
836
951
634
926
145
518
125
204
950
369
109
246
713
849
238
293
157
314
945
543
772
515
878
929
178
600
259
600
824
563
706
660
334
881
917
686
229
977
373
301
328
224
832
450
144
653
433
251
293
2
1
898
481
471
425
913
501
113
470
671
632
525
729
810
190
621
677
763
440
39
15
739
261
630
226
128
366
913
619
117
168
72
597
535
653
69
365
72
169
592
598
447
680
965
828
816
233
310
101
241
616
852
713
495
767
135
637
290
227
643
734
37
640
155
296
