1000
119
270
614
321
296
624
207
761
615
647
338
620
142
837
81
82
536
584
848
388
207
64
364
279
886
310
295
86
180
520
506
937
599
363
3
589
428
331
560
996
846
360
784
665
906
536
903
33
321
723
567
255
958
671
303
608
732
464
401
438
337
966
56
954
191
859
642
819
802
588
670
970
516
669
261
177
637
61
204
87
310
49
226
967
563
760
899
70
640
671
86
509
283
895
227
338
674
310
805
310
871
719
643
16
948
846
173
218
747
491
977
394
375
787
171
978
884
926
428
340
337
716
186
260
119
493
150
377
952
980
611
634
693
750
604
511
571
573
290
348
672
455
74
142
225
657
93
458
64
564
169
82
940
691
63
697
896
816
637
554
118
1
891
109
358
120
608
857
174
559
763
452
8
680
334
345
987
917
433
164
355
981
839
251
239
750
947
316
2
114
470
94
243
429
482
181
832
429
990
602
641
129
185
176
351
68
890
248
237
676
342
767
56
749
796
137
173
432
584
634
616
99
965
138
268
741
301
486
639
803
468
879
185
258
193
949
459
588
890
527
897
308
504
577
530
549
291
985
665
510
795
335
782
218
330
961
305
445
701
602
960
929
91
107
713
617
969
637
338
82
835
559
82
581
476
951
276
588
805
507
107
637
929
234
920
175
422
801
255
428
114
502
59
56
663
695
921
512
528
922
707
874
305
931
498
711
170
581
803
393
432
20
629
384
62
640
386
985
786
321
212
168
166
809
32
171
519
323
741
130
752
954
26
250
84
228
970
14
40
91
648
855
282
996
833
928
445
421
515
257
489
995
500
919
458
18
471
876
604
716
74
770
78
691
136
525
444
558
668
932
932
332
368
63
441
828
253
332
91
855
380
393
350
250
617
410
934
348
503
985
539
121
295
878
839
246
881
27
851
230
407
624
921
387
281
503
573
681
84
423
868
424
763
309
356
984
639
516
329
303
283
431
95
566
815
346
711
223
461
923
900
536
864
490
919
639
648
356
261
406
45
303
62
431
884
705
748
532
913
415
134
162
766
149
677
718
555
415
162
492
527
758
861
842
120
387
28
794
125
153
251
17
294
772
852
107
505
844
675
592
427
361
24
540
707
613
766
980
238
948
133
781
649
742
628
205
430
878
149
99
731
596
466
748
89
430
686
334
982
344
776
390
42
691
221
273
564
735
692
719
145
410
840
674
721
73
320
159
931
404
535
385
98
710
615
684
257
580
185
802
297
102
259
25
665
558
737
712
751
579
510
35
139
157
690
258
276
446
828
347
217
842
26
361
159
328
150
465
685
290
900
701
849
656
677
186
478
927
560
661
569
549
397
449
406
654
338
818
772
480
842
431
913
147
754
403
676
279
462
157
499
832
508
207
275
899
449
187
78
304
417
285
161
989
212
932
420
450
500
979
804
202
569
185
968
908
401
722
985
621
371
536
994
404
665
961
867
511
555
312
162
856
438
248
508
683
932
883
294
737
761
745
817
455
661
135
114
984
856
633
689
682
49
201
370
896
709
87
597
87
800
943
962
788
73
6
813
700
354
701
436
860
770
7
94
570
950
491
5
936
293
500
364
574
49
878
371
170
488
22
531
859
779
895
309
291
317
844
216
528
982
76
205
931
321
909
978
195
7
742
610
27
886
930
819
925
531
661
235
940
940
15
237
464
350
717
26
41
548
227
681
273
613
375
54
344
943
889
24
26
343
640
246
492
490
9
423
288
629
308
761
27
829
598
539
374
622
639
129
458
299
236
669
197
244
233
941
874
182
389
493
495
140
514
927
626
265
97
477
581
486
261
856
429
2
924
654
980
60
208
435
452
231
336
574
636
230
671
121
417
903
167
194
21
233
35
387
180
68
72
696
813
515
808
844
566
858
523
666
26
79
302
290
115
538
651
777
820
876
131
245
72
266
663
567
472
797
969
636
650
108
562
391
735
384
734
955
502
251
939
179
395
410
662
239
567
422
524
4
625
572
610
539
115
575
576
515
204
668
933
485
896
704
3
333
874
32
717
887
192
728
138
74
995
288
893
449
134
41
639
748
623
919
251
465
895
564
929
689
423
111
751
906
120
889
919
360
299
906
775
567
320
391
565
226
133
354
600
952
722
230
891
34
413
133
207
176
575
863
919
829
896
630
489
499
369
755
363
767
535
198
750
577
233
430
299
352
759
601
863
204
649
836
614
320
161
752
527
426
275
686
448
937
592
931
298
991
267
28
471
562
158
816
669
343
339
73
286
524
466
299
133
880
907
575
730
200
961
304
137
