1000
652
544
932
871
986
400
965
289
127
479
457
63
164
804
99
226
164
822
225
957
714
116
434
515
698
532
205
424
642
252
642
301
461
677
339
489
476
230
120
664
127
777
803
938
759
371
549
283
475
782
694
114
414
808
36
332
826
654
893
32
23
713
197
679
153
801
226
712
510
153
547
996
141
776
751
426
704
290
655
196
88
564
596
683
140
443
478
910
270
267
573
268
160
159
982
366
162
115
26
406
950
350
33
545
171
110
459
27
25
847
28
635
843
737
177
203
734
701
267
232
576
834
24
254
141
450
605
498
651
514
387
277
425
775
57
591
296
477
726
170
129
96
753
712
445
924
372
369
1000
104
420
6
212
934
749
60
361
532
198
513
775
145
912
518
975
505
332
336
516
475
160
955
923
580
758
794
552
97
347
709
316
532
212
761
546
355
141
60
297
473
359
392
899
814
209
222
254
840
418
709
743
384
539
534
487
740
974
380
553
828
181
775
835
662
540
960
74
490
938
164
367
792
597
396
582
122
942
315
364
953
702
792
7
177
932
952
260
925
944
150
457
776
913
116
218
930
785
577
267
238
167
485
451
838
469
585
847
964
309
83
96
152
308
37
666
93
612
388
194
702
357
164
624
518
503
654
953
184
902
235
543
205
694
52
706
88
130
241
280
531
274
331
105
130
571
965
129
191
292
565
9
54
400
711
863
374
869
809
998
140
718
54
313
101
178
241
483
194
491
23
195
633
41
14
998
598
264
296
63
738
365
56
209
681
696
999
565
126
65
519
28
570
708
317
481
944
828
977
812
729
532
394
509
432
194
944
634
95
415
726
650
222
574
28
197
156
633
175
29
395
261
318
942
330
717
956
739
229
597
424
304
960
227
62
529
696
467
186
275
209
486
821
30
844
274
686
137
106
934
796
336
445
461
301
922
598
516
651
771
823
222
503
218
565
646
124
250
854
349
481
330
796
863
505
38
18
850
667
409
995
650
404
471
629
1000
350
770
939
808
2
776
762
174
50
6
473
105
437
274
233
680
879
809
147
607
483
815
983
123
673
128
495
821
526
149
73
555
351
166
918
501
828
65
254
136
157
217
181
888
126
105
736
312
462
209
65
351
461
122
122
877
419
584
802
116
946
44
972
842
627
2
905
754
675
365
626
797
633
17
508
119
52
62
588
650
347
437
620
908
94
143
546
647
462
914
273
464
303
765
804
639
316
121
898
921
84
351
582
315
759
1000
247
58
380
494
250
940
302
32
48
139
510
660
712
359
669
88
784
420
576
380
850
544
78
113
687
959
955
96
194
316
481
926
106
80
551
684
468
55
138
805
745
251
839
245
185
110
745
233
570
357
361
73
21
971
638
907
486
188
418
900
677
444
977
131
467
777
766
460
602
568
620
345
62
43
566
172
698
840
733
424
460
649
948
87
854
717
389
307
791
688
614
492
357
695
557
573
471
935
759
369
853
73
302
497
571
364
114
617
68
858
802
608
420
962
179
579
67
495
73
592
531
593
516
41
109
487
59
788
671
529
186
657
620
647
921
552
920
840
476
14
501
606
662
728
28
376
656
553
319
147
683
867
498
7
87
516
128
244
35
613
250
874
822
138
375
540
808
953
464
249
972
203
743
883
841
307
15
722
215
62
306
364
82
675
51
486
387
468
648
745
570
681
611
973
441
697
411
737
780
723
920
298
383
843
615
754
526
224
330
194
203
677
881
986
827
278
33
946
781
701
643
259
293
997
471
181
679
318
174
350
928
373
47
727
260
104
254
714
164
374
465
905
480
577
142
819
799
797
109
80
319
564
703
275
472
218
698
708
815
816
950
683
755
821
659
297
250
524
370
608
759
205
758
234
185
5
302
914
251
469
523
110
792
267
857
898
650
360
205
850
916
982
173
943
438
182
740
800
258
188
51
476
375
810
876
781
418
308
303
413
43
815
916
908
208
556
757
972
823
708
936
130
591
442
82
709
213
662
431
620
223
435
566
138
115
574
475
979
72
146
727
520
237
294
392
33
485
573
82
997
483
170
945
394
12
741
266
15
839
103
981
45
713
534
573
665
422
515
792
695
160
403
62
67
642
284
907
86
172
815
146
804
488
171
810
639
232
423
648
839
831
415
73
115
79
914
531
915
224
749
815
322
560
14
987
361
668
943
905
805
601
497
438
955
184
789
580
56
878
246
597
61
730
510
778
833
697
805
443
985
315
152
907
52
144
954
545
399
601
857
69
911
154
908
713
729
986
706
320
545
616
261
570
989
346
510
767
415
758
