1000
752
681
238
150
244
625
214
634
357
134
847
907
96
309
917
619
902
70
633
95
591
736
57
996
965
908
424
478
764
298
359
934
452
897
150
111
714
311
233
351
539
368
315
759
179
188
19
639
31
602
81
679
39
979
215
496
196
983
330
458
635
349
246
781
711
723
441
337
363
651
219
101
675
582
514
660
169
703
979
229
637
230
94
475
206
993
291
828
337
614
127
472
794
561
722
845
198
509
668
870
430
302
230
762
787
414
39
93
806
231
953
720
224
555
758
332
300
152
451
252
198
121
961
657
820
107
188
890
248
720
560
816
625
469
726
353
962
660
947
679
283
558
645
539
537
240
627
183
862
716
844
406
293
973
321
578
637
729
451
173
130
826
57
516
149
391
716
957
196
282
823
197
959
937
683
717
431
362
823
713
68
249
545
941
100
702
418
798
163
699
700
446
745
388
82
484
756
349
10
90
198
610
367
211
276
640
974
106
306
247
892
139
144
610
206
298
814
123
703
723
822
556
725
536
746
441
883
3
206
707
951
346
512
931
94
928
536
151
533
682
813
541
42
139
73
223
477
380
7
659
83
274
264
676
173
20
639
740
1
954
845
497
82
616
104
892
710
849
358
333
37
58
616
184
846
630
460
30
75
56
479
780
823
318
87
727
721
289
828
249
297
466
136
989
322
885
397
787
593
381
109
867
414
833
952
338
937
207
429
503
216
779
715
741
385
891
214
358
330
72
993
736
13
991
124
777
309
999
561
961
783
18
746
463
589
506
890
565
856
824
17
468
274
465
743
922
671
505
299
959
572
706
156
545
342
881
178
580
525
927
885
150
233
720
833
645
900
24
41
256
595
207
114
469
882
489
853
51
955
973
654
811
422
656
546
785
47
435
206
854
623
822
543
144
319
89
69
629
112
710
730
740
221
426
441
201
953
509
755
854
748
746
153
627
606
318
564
417
737
778
975
99
390
295
438
377
992
414
447
502
21
82
434
246
28
304
721
791
852
656
29
185
701
170
884
31
641
326
329
944
527
836
308
13
490
345
655
753
108
850
841
602
831
685
41
132
370
379
928
553
904
453
38
636
308
240
703
163
949
249
507
716
856
522
113
376
869
70
149
157
369
326
586
760
113
98
683
423
363
310
639
353
739
592
171
694
809
92
718
383
506
777
434
919
490
739
170
46
889
185
603
359
937
478
416
463
210
397
534
153
77
363
393
552
960
252
780
506
315
266
560
168
116
596
684
959
818
341
125
861
722
211
616
125
462
353
653
589
485
155
777
48
512
867
781
279
58
221
859
65
463
765
44
635
120
983
369
520
845
798
460
864
646
267
983
480
479
219
293
571
296
422
187
540
953
870
493
160
528
916
911
845
305
852
539
191
488
270
245
552
851
583
489
204
992
412
313
167
412
491
105
576
644
784
558
536
348
882
77
188
523
831
477
981
790
900
569
148
638
747
989
620
435
11
356
598
640
127
194
621
358
885
223
953
847
509
45
743
268
959
817
980
143
886
939
842
589
185
627
450
117
44
841
805
655
417
455
712
380
240
15
567
544
761
805
50
209
960
547
457
443
203
765
769
640
21
409
927
96
810
92
710
937
905
276
250
140
20
646
595
154
491
122
822
347
119
613
611
278
846
960
415
53
339
959
163
382
724
683
158
847
265
628
679
932
163
455
902
900
735
770
45
762
419
495
121
14
313
81
209
96
905
523
548
856
408
57
318
15
92
341
633
258
80
216
489
265
264
697
451
659
58
850
515
412
926
904
295
901
323
130
805
709
166
236
830
131
588
297
769
671
671
421
871
6
275
446
505
447
946
355
533
470
751
823
69
830
669
796
553
158
411
978
66
793
803
155
353
339
180
62
663
666
348
142
861
619
590
14
349
305
230
84
100
516
299
193
86
782
331
627
894
598
62
774
742
866
301
895
72
238
554
535
884
979
879
31
733
827
202
956
937
50
632
74
263
324
805
959
621
19
453
321
718
791
802
484
653
656
763
439
560
41
775
743
644
133
152
752
143
9
601
976
953
88
798
51
535
286
954
64
360
936
170
304
856
831
223
432
85
873
918
417
188
490
189
460
792
337
170
4
327
206
623
595
588
277
504
822
515
595
949
301
380
516
695
270
613
946
622
783
109
302
162
150
429
651
384
883
615
901
683
836
513
461
124
346
481
28
901
784
684
643
196
446
688
323
854
994
282
681
102
333
988
568
632
248
604
278
249
5
787
848
955
288
38
612
718
495
126
703
27
532
167
479
418
528
327
272
194
