1000 123
818
808
513
551
47
608
595
568
618
552
520
10
323
573
277
840
146
914
867
692
250
374
435
104
163
204
504
404
612
209
668
724
636
320
920
473
457
105
388
668
341
131
909
706
686
132
298
15
540
709
901
910
444
883
627
890
763
463
922
582
375
201
453
670
253
601
21
86
816
865
862
536
540
35
521
37
63
991
485
479
257
127
828
306
430
550
967
381
623
129
357
100
656
84
756
833
686
156
782
65
932
539
927
597
499
697
970
569
265
680
303
887
546
740
456
125
929
255
333
575
912
972
143
21
8
364
912
452
169
594
18
224
707
70
803
113
47
474
729
730
908
518
226
346
671
698
284
918
735
785
790
966
792
735
680
640
94
94
3
287
188
35
78
41
921
652
808
685
920
374
645
541
324
697
773
605
90
141
274
755
103
52
730
554
632
63
655
20
179
891
133
941
3
342
662
911
860
425
146
975
728
221
386
441
621
874
830
917
711
916
495
588
103
618
400
186
723
418
36
125
960
835
193
68
392
565
297
824
902
289
96
497
113
324
569
867
7
938
988
397
68
257
949
189
610
166
767
82
540
63
580
448
475
648
190
815
282
70
800
378
163
286
454
861
796
610
621
866
789
274
163
779
851
36
833
52
57
483
627
658
541
589
571
465
948
154
52
239
637
311
855
319
259
926
471
499
861
222
927
874
6
108
292
764
283
95
191
598
995
852
538
132
261
713
477
469
348
991
368
415
503
111
822
477
407
159
600
174
693
344
479
517
1
138
245
166
802
934
356
611
653
291
953
410
608
970
801
944
267
954
743
405
901
72
411
338
306
571
693
566
859
125
839
792
194
742
307
39
967
600
927
92
736
101
50
3
317
441
163
786
770
286
740
476
872
506
740
803
995
426
172
477
669
129
49
445
272
559
883
52
890
302
523
951
592
66
858
179
438
524
950
97
127
13
926
133
670
145
40
890
485
532
329
168
815
845
590
959
824
913
290
329
684
795
617
927
292
819
729
675
54
611
686
728
726
715
960
391
216
190
778
657
348
267
145
243
62
50
493
379
571
355
709
914
139
533
106
290
856
999
390
881
286
557
930
612
22
271
5
87
300
252
157
369
966
516
527
395
915
218
838
449
712
21
213
835
362
362
538
336
346
31
712
441
807
626
29
374
934
473
640
363
880
499
117
273
932
16
546
423
536
316
813
59
117
13
332
853
866
270
693
917
728
63
820
307
598
663
74
50
295
431
344
18
384
475
143
155
6
24
210
720
978
880
228
5
19
130
365
701
151
463
896
324
218
887
74
553
403
403
512
905
421
413
282
725
323
245
677
223
334
194
585
194
271
929
820
438
573
618
551
156
825
389
80
921
697
766
922
93
617
466
275
638
5
911
253
311
762
50
88
437
202
404
223
1000
822
712
17
814
907
381
995
943
659
845
334
591
702
768
96
819
42
910
35
329
788
596
133
508
478
541
650
609
84
91
981
903
243
915
541
342
962
181
114
607
578
161
738
477
199
502
650
354
54
615
583
591
249
23
239
188
408
672
338
930
400
137
306
463
774
761
493
790
532
400
137
681
613
77
665
835
624
905
905
518
957
233
1000
409
304
776
38
251
990
585
711
643
991
622
314
836
651
857
887
241
260
616
603
769
383
786
301
22
898
190
241
463
914
497
834
735
323
429
880
168
883
231
672
137
152
888
529
630
694
424
220
101
228
369
523
943
939
863
463
190
145
81
462
817
49
304
238
233
960
517
409
823
511
160
199
478
484
407
656
914
705
301
220
933
107
103
668
25
86
664
179
114
43
234
976
518
435
186
202
89
742
330
753
599
949
477
71
225
457
640
972
534
638
197
556
181
958
160
479
680
506
189
773
671
456
800
835
531
401
45
151
955
125
504
15
450
590
883
608
47
140
365
595
93
810
177
294
159
205
206
380
979
125
336
267
192
632
865
931
917
378
507
524
33
28
596
654
600
127
292
346
665
339
557
827
257
662
202
673
446
649
624
324
16
706
852
296
871
199
606
322
906
856
994
580
270
705
412
979
590
768
691
853
458
171
396
941
232
654
662
707
768
448
245
913
795
907
377
161
448
651
563
71
952
636
342
243
126
828
356
802
62
851
902
565
447
492
681
998
663
355
993
640
245
472
164
191
783
235
41
147
91
256
430
923
734
806
367
531
816
72
486
870
360
276
799
954
456
33
572
23
358
771
837
606
464
518
734
60
521
202
608
655
127
80
811
476
222
858
881
472
598
131
227
62
882
36
290
861
695
373
124
656
89
