636 123
2 267
4 931
6 413
8 743
9 919
10 991
11 425
13 162
15 224
17 406
18 721
19 907
23 369
25 581
28 100
31 739
32 370
33 337
35 873
37 256
38 822
39 455
40 264
41 47
42 734
46 688
47 800
50 314
53 111
54 70
55 932
57 795
58 685
60 790
63 292
64 46
65 211
66 403
67 267
68 441
69 1
71 437
72 685
73 638
75 908
76 590
78 290
79 464
80 69
81 619
82 848
84 894
86 505
87 541
90 592
91 963
94 152
95 400
97 893
99 338
100 335
103 208
104 978
105 581
108 508
109 191
110 812
111 211
114 305
116 128
117 407
119 647
120 298
121 975
122 6
123 95
124 220
125 893
126 527
127 528
128 289
130 728
133 410
134 576
136 670
137 484
138 303
141 858
142 45
144 223
146 550
147 730
148 747
151 763
152 275
153 438
154 110
156 302
161 110
163 438
164 396
165 908
168 325
169 468
171 557
172 490
173 144
174 920
175 225
176 93
177 538
178 120
179 934
181 444
182 605
183 505
185 574
186 512
187 187
189 472
190 453
191 264
192 338
193 218
194 972
195 921
197 258
201 490
203 722
204 37
205 993
206 142
207 925
214 866
215 879
216 194
219 554
220 457
222 844
224 935
226 769
228 280
229 828
230 445
231 168
233 930
235 111
237 671
238 496
239 12
240 137
241 907
242 874
245 546
247 830
248 359
249 565
251 936
252 991
253 247
254 486
255 849
256 820
258 70
260 12
261 494
264 971
266 890
267 801
269 739
270 937
271 603
274 555
276 162
279 579
281 302
282 93
283 723
284 178
285 423
287 664
288 13
290 767
291 866
292 516
293 742
294 223
295 244
296 397
297 286
298 275
299 100
300 950
301 767
303 107
304 425
307 683
308 750
311 956
313 392
314 192
315 960
317 695
320 904
324 38
327 287
328 448
329 989
330 175
331 527
332 302
334 214
336 9
337 4
339 184
340 767
344 60
345 306
349 742
350 537
353 547
355 246
356 568
357 468
358 973
359 521
360 725
362 80
363 218
366 658
368 464
370 221
372 469
375 630
376 209
378 743
380 955
381 989
383 144
384 66
385 702
386 371
388 519
389 726
390 38
392 509
395 640
397 144
398 713
399 504
400 872
401 770
402 183
403 972
404 725
405 469
407 620
408 799
410 803
413 166
417 957
418 988
419 214
420 478
421 208
423 490
424 851
425 578
427 537
428 397
429 763
433 746
434 557
435 156
436 22
439 631
440 135
444 574
445 613
446 276
447 880
449 723
451 893
452 297
453 449
454 636
455 392
456 368
458 132
459 106
462 660
463 447
465 203
466 878
467 734
468 204
470 603
471 65
473 643
474 142
475 242
478 260
479 162
481 352
483 890
484 728
487 713
488 829
491 894
492 299
494 304
495 760
500 715
501 648
502 32
505 69
509 914
510 605
512 713
513 760
514 267
515 282
516 68
517 541
519 700
520 137
521 802
522 847
523 48
525 99
527 745
528 275
529 626
532 735
534 329
535 291
536 262
538 13
539 63
542 823
543 917
544 745
546 788
547 316
548 632
549 449
550 607
551 89
555 803
556 215
558 718
559 330
560 852
562 270
563 319
564 987
565 710
566 912
567 754
569 367
570 18
571 65
572 223
573 992
576 562
578 224
579 509
581 639
582 302
583 266
584 816
586 233
587 933
588 722
590 40
591 67
592 959
595 884
596 401
597 911
600 320
601 616
602 671
603 280
604 881
606 425
607 299
608 219
609 699
612 110
613 219
616 972
618 681
620 286
621 395
622 669
623 906
625 721
627 304
628 54
630 210
631 750
632 535
633 882
634 743
635 267
636 660
637 67
638 984
639 429
640 363
642 796
645 154
646 251
647 382
648 141
652 580
653 656
654 248
655 685
657 217
658 55
659 888
660 764
662 936
663 285
664 204
665 134
668 189
670 576
671 133
672 179
673 410
676 332
677 365
678 506
679 907
683 271
684 709
687 295
693 436
696 456
697 195
698 285
699 919
700 93
702 271
703 939
704 453
706 315
707 110
708 310
710 467
711 635
713 16
714 3
715 899
717 375
719 295
721 373
723 456
725 265
726 257
728 79
731 629
732 317
733 374
735 295
737 408
743 470
744 700
745 404
747 272
749 125
750 801
751 434
755 494
756 95
757 348
761 664
762 205
763 538
765 518
766 214
768 969
769 364
770 647
771 335
772 710
773 725
774 638
775 273
777 152
778 19
782 353
784 881
785 925
786 830
792 349
793 175
794 20
795 711
796 606
797 667
798 494
799 561
800 968
801 129
805 657
806 802
807 455
809 769
810 331
811 8
813 41
814 771
815 204
816 260
817 56
818 573
821 621
822 740
823 516
824 336
825 56
827 654
830 606
831 908
832 217
833 891
835 439
838 123
839 50
841 136
842 442
844 903
845 867
846 619
848 63
850 442
853 254
854 444
856 497
857 848
859 282
860 11
861 266
865 308
866 288
867 598
869 504
870 193
871 781
872 384
873 391
875 46
876 335
877 358
879 783
880 290
882 779
883 684
884 282
885 61
887 387
888 795
889 575
890 208
891 113
892 639
894 336
895 636
896 484
898 935
900 498
902 102
904 650
906 110
907 976
908 775
909 549
910 648
913 13
914 302
916 275
917 287
918 975
919 851
920 18
923 742
924 606
926 937
929 913
930 307
931 972
932 588
934 78
942 857
943 204
944 449
945 184
946 934
947 955
948 801
949 243
951 304
952 823
953 634
955 111
957 28
960 351
961 29
963 728
964 60
965 262
966 951
968 345
971 307
973 246
975 442
976 507
977 785
978 138
980 700
982 604
983 635
984 362
985 493
986 252
987 779
991 157
992 906
993 238
996 731
998 501
999 948
