40  
1258 2245 1160
3485 3756 7912
4700 2941 7151
4290 1596 5496
4507 3778 3977
4534 1306 2358
2827 2348 7652
1533 7695 1472
6264 5348 1011
570 2420 1396
5063 6569 1039
7820 7268 6984
4979 1645 3626
5569 7281 3202
5911 1299 1781
4230 4983 7612
4561 6911 6539
5934 7672 1474
4246 3501 6908
5536 4691 3680
5731 573 7491
7049 4722 5463
2591 2850 4081
4840 2784 2972
5434 7943 2794
2312 2470 2249
4000 2829 1573
7075 3591 6528
4703 2453 6447
5244 5792 7882
2529 4111 6230
7848 5945 5400
4726 3632 6682
3680 3249 3766
1625 5203 7271
4561 2781 6829
4569 1441 5006
7840 7312 6914
5271 2737 4677
5215 3878 6619