10000	
2330	9710
8640	1860
2547	2941
3136	8
4898	9195
7363	6957
6416	3634
3620	6607
6846	4326
3086	3803
3387	5048
4964	9039
5852	3652
5596	4760
8266	732
4451	6034
2275	4952
7770	2294
6441	5475
3795	3956
635	3980
4140	7104
4255	7997
7672	34
5567	8990
1086	7806
7022	2575
2043	5850
9319	9083
1297	1852
1353	8283
344	5095
3350	46
1801	9618
9058	2081
6272	4319
4039	792
6779	6078
875	170
264	6876
4197	3557
3134	8185
7732	6639
3501	2807
8357	9104
6182	7540
2956	1796
402	839
7997	4251
6300	4941
8607	8492
7514	9492
3856	5262
2236	6096
233	4587
6934	1590
1409	5153
4721	4877
1340	7711
470	9399
7053	5413
6397	9096
6723	6264
2056	1869
307	8779
6516	5513
9443	6262
6036	6176
3974	8823
518	3631
913	7708
944	6074
520	3727
7946	4356
7554	3027
1384	4751
2219	5522
51	5005
8759	8652
591	8953
8043	7623
6686	1184
8462	2452
2463	1900
2828	2655
6370	4492
2087	3082
8817	4976
1526	10
97	3352
4855	8677
5817	9069
8987	7434
1463	5892
5194	9872
8343	7491
2671	7451
9963	407
456	8861
6340	9654
9829	8652
4534	4100
7100	6342
2063	5726
1802	6227
2513	4271
1324	3592
8141	3112
1478	110
4550	4064
106	6051
5907	4458
2220	4901
1984	5490
8478	823
8700	3410
1886	4705
3082	2285
2035	8413
1188	721
3951	3746
2828	4664
1477	7872
8079	9698
5976	2433
8159	5414
5323	5546
1448	3493
7038	5472
4047	5411
5476	3240
8636	2463
1790	3405
6192	5559
1352	4748
2036	2110
3268	6426
4151	1981
4470	9697
7414	793
6480	9837
4248	9011
1514	1425
4300	155
4197	7904
1827	8130
984	3580
7744	3912
6053	7577
2851	2922
5932	4043
3230	5381
8515	804
5167	767
7412	9440
9967	55
7356	4318
1364	3802
9656	1006
8573	4890
9954	5679
7629	2160
4926	9934
2117	5406
938	4973
793	359
2418	9476
419	8985
3111	6598
4258	7299
1787	7173
4152	1279
9286	3670
925	5779
1456	2180
4512	6461
9873	5926
3751	4550
6525	5802
58	9195
9754	2487
7978	6124
7394	5300
4291	8777
6006	7970
9636	5832
2552	3568
9447	7345
7449	2875
3214	7164
7576	3213
9831	5630
2584	3237
7578	1886
1110	5401
656	5361
2349	8832
36	4696
8996	915
9672	2377
6974	5185
4426	4144
7225	3737
8359	1740
8425	9693
3157	6845
2923	5890
7038	5246
1567	4411
4528	7344
9809	9148
2901	2667
5423	843
637	4361
3831	3159
2098	7364
2651	2229
1107	6398
2642	9853
2450	8916
1407	5884
7533	1600
3612	6957
229	7060
4421	690
4645	697
1623	1345
3890	2082
8285	6978
759	1915
1953	3111
2953	8537
3348	9014
3389	4414
8522	5155
3382	7775
5106	4443
9419	5395
1108	6190
6258	5154
425	9102
2862	4361
8529	7284
7780	9119
4317	8600
237	2766
2832	701
7541	8794
1865	2731
4257	4826
1689	4423
9572	8631
4536	4807
6921	8865
9519	9338
9150	7678
1940	2134
8728	5598
8618	5788
2893	4915
3772	9917
7951	229
1757	1827
9240	4024
2967	3304
7947	8613
2948	238
6770	2584
1449	479
3736	2966
3674	1236
1250	645
3624	6148
7523	2414
8784	1464
5070	7161
171	5812
6634	6565
5787	9850
5721	1234
3586	8652
7081	3592
6432	727
9133	4942
2622	5121
5826	8902
4937	4021
700	8310
1231	2083
2363	9554
3697	2937
6891	3026
7220	7312
4123	4886
512	7706
2532	3685
6071	6193
1878	2200
7362	3173
7706	5982
9806	4984
6307	868
5586	1227
5942	8057
6466	3590
6425	9028
2592	3841
3301	1274
8144	6298
6067	6933
8434	4088
7887	2439
8866	1202
7183	5320
8764	5379
5340	3190
9376	5039
2593	1112
3242	8199
7011	9098
4498	899
7670	1305
4941	2930
7108	5809
984	7209
1566	7958
8884	3040
6813	6205
4370	9541
9966	3936
7606	2462
9542	9328
1568	7851
7769	2774
6218	4114
6614	7841
3014	4038
2199	7815
2791	9583
2017	1598
6716	1861
3491	603
151	5926
7893	5256
4555	4826
5656	9479
6865	8158
2838	9574
5488	3592
599	5572
8131	282
9774	9307
6545	9879
395	6984
6796	1276
7092	8061
9353	2681
5926	6096
5505	4855
7282	6360
4785	104
1467	5999
9323	5803
9187	4381
6710	8016
3892	422
3212	5331
4808	9485
5081	4403
736	5628
6155	6081
8856	2031
3382	3787
7803	6871
1104	996
3047	3074
8424	7445
8896	480
6432	5677
1481	1768
6956	4337
636	8774
7818	9783
407	6803
6338	4194
3763	3502
4753	9099
3495	7887
5439	358
9486	3815
9281	9324
470	4755
2363	4583
9562	6514
4685	3142
8693	7244
1316	1159
2187	1304
1151	6977
6182	6490
7747	1471
9636	3300
8459	52
4930	8658
9996	2803
1643	4154
3059	4236
6487	6605
1520	6877
4097	7860
7518	3870
4168	9550
5599	1755
2871	8669
4201	6568
2695	3673
3954	2424
599	7484
5971	8274
8876	7695
2770	5609
7527	3002
5372	7285
828	2410
9002	2434
9958	8779
4103	9363
3033	8818
2953	8723
6188	1103
2195	4302
9494	6211
2766	8975
2010	7243
4261	3268
5433	8916
8118	4670
59	3824
2220	4246
5392	4882
6389	608
3705	6802
1213	4992
8869	5893
4098	3745
5693	9122
6412	9082
4864	2827
8426	9095
4076	1019
9031	7167
1541	7331
6091	1786
7675	797
6142	500
3737	2826
6407	217
9335	9363
7017	5127
8644	6813
6760	7225
8824	8095
1954	80
4144	9479
8806	2400
3947	5057
4945	1699
4059	6251
1056	9567
7793	7592
2873	8812
5539	7298
9435	3095
6306	3792
5886	7128
862	7030
6508	246
866	8402
5456	4461
986	2979
5098	6552
8879	932
540	1827
1851	8855
3313	1413
6724	6911
2070	3686
2955	6130
7881	9165
893	5867
9577	5866
7790	9045
7941	3467
123	1151
9066	8224
8575	3999
1226	7307
8658	4936
9602	3336
7437	417
2244	5849
6096	5374
8172	3834
947	5708
5333	1244
3653	7573
2941	7904
1192	4882
595	1646
2016	7078
7383	4981
5930	7314
2155	3286
7623	8430
5993	9459
7102	5155
6677	6595
4987	3850
2402	6605
6067	2294
783	4189
8470	7607
7272	9167
3216	5660
3929	5381
3151	9543
6262	5099
1277	2712
2681	3926
3781	7435
5749	2161
3309	293
6313	4583
8769	3831
4082	8586
6839	6701
9194	3982
2685	4679
634	7539
8273	9713
5766	3632
9590	2421
4441	1371
5726	4563
1586	1292
6361	7538
6824	3704
6494	1089
6161	7801
5919	2647
6676	587
4062	305
4867	3408
6391	9971
2065	4168
582	3733
9481	6022
1021	9799
8905	6893
2434	2379
616	8876
653	5093
6966	4542
746	7223
5917	6411
2265	8646
6954	4879
8532	9794
4484	7892
4485	7533
5511	529
9898	582
8460	2808
4769	3214
3915	5784
9066	6857
597	2189
8600	6988
7133	5085
8014	3297
8268	7614
9361	9382
4541	1661
1550	7924
5834	6537
4340	7660
4353	6373
6766	4906
9820	4240
7805	8439
2667	4077
886	232
7572	4092
2839	9474
6457	7680
7768	4914
1775	1488
8370	2997
4616	6914
8037	9729
502	8320
9988	2783
4946	3836
8199	4689
884	2532
1651	4352
4466	2709
7665	9161
6442	1815
1436	817
1689	8195
1976	2119
9467	2859
5594	1906
1696	31
1200	1838
3973	2453
9335	8651
2245	5227
9611	9127
3095	4793
1440	3463
4791	2111
6206	3204
3492	8834
517	8539
9138	8318
4916	5812
3101	7664
4278	9422
6436	9367
1290	5716
9753	3380
2051	5891
6142	7440
856	8945
1780	689
3468	6960
4120	7389
4591	843
7122	6120
4092	1862
4818	8414
4707	5193
6697	3561
8191	2083
6844	666
9831	4944
7538	5913
7752	7322
6461	2889
1572	8138
1581	3947
1501	4695
3851	9094
2484	8155
4448	5230
4013	3856
149	6755
5710	3737
5943	6006
4145	2155
2326	2879
5299	8419
8066	9810
1196	1907
5829	8167
5395	7898
6126	8700
8850	7739
7143	1371
7701	7340
4456	5214
5183	2073
5376	1538
2648	1118
2575	5173
8624	9994
4201	8438
604	1647
4664	5138
2610	4201
6583	5087
8626	2470
4775	3423
4773	6514
1679	1060
6620	1517
3777	1701
4979	8457
3689	6963
3070	5170
3497	9784
5499	4673
1589	1822
9835	9744
4840	2375
5560	5835
4379	470
8443	5017
4038	1983
1710	1837
4977	4196
5052	2548
3467	8757
3173	6316
7919	6420
3757	9258
273	862
6957	2129
2671	2447
9639	665
9673	4366
4486	8515
167	9829
3783	2142
1169	8655
2571	9126
8420	2333
5307	796
9149	1158
8493	7227
1147	2358
2600	6735
9440	1378
5905	5511
1497	6195
3183	1901
4377	6379
1137	8747
6484	5144
1074	479
1002	2461
7092	4446
1548	3426
5118	720
9499	5556
2584	4464
4750	1250
1027	3148
5757	5426
5654	2113
2917	5540
9425	9912
9811	2479
7698	7855
1232	6011
7022	1693
5657	8035
7387	9678
9451	9551
1818	3948
8723	8175
2357	1574
6663	8420
4382	5339
2368	4265
640	7763
5271	5052
7330	2296
108	8813
9404	4632
3627	9981
8830	6467
7234	8312
1951	463
2488	5643
467	5330
3531	8920
6379	7319
2420	5835
2048	1343
5106	5695
4279	8219
394	7529
6325	288
5453	3452
4631	5837
9207	3511
3066	4265
4920	8024
9934	8172
7709	6478
4630	8470
2555	1283
9864	7044
3621	8675
2199	3916
7718	7923
6872	6928
7999	9758
7831	6090
7196	4420
5923	9956
7460	1273
3608	6820
2631	8980
6481	8634
8240	3872
5588	9079
9689	7650
3972	6580
2664	675
8454	9388
6699	358
3160	6280
5779	1026
585	3287
7432	9771
7792	8053
2113	3375
7660	6162
4759	2245
465	3842
1692	8649
2802	6239
8569	1500
1172	8814
8445	4251
8751	7052
6432	5625
8973	1718
7090	5647
8898	3466
2055	5464
7562	865
4098	645
6769	6561
5960	1928
8075	8026
7318	5999
6802	5887
5670	4881
6923	1724
2114	9533
3939	6245
8232	4587
7029	8084
6923	3937
3598	8067
6406	3448
1902	8399
8694	1551
1383	9993
9572	7366
1532	4514
5544	1227
4061	3307
1291	9995
5059	7798
254	32
2299	5668
6986	9712
3946	5026
9134	5310
264	4996
8122	4310
3066	1740
7242	8971
1497	3294
4583	3784
1682	7142
6197	5669
5229	5640
1740	6259
5493	7917
3196	3494
9095	9824
6051	5004
7877	5356
4318	8207
5728	8992
7593	1577
7375	4097
4583	4827
4630	1773
8879	2893
9373	9567
808	2061
528	6476
2010	9098
5258	4429
6714	5511
579	1369
7337	5835
5059	4315
2486	6673
3220	1975
5381	9204
6372	603
3170	7961
7438	6581
495	2617
8024	9785
677	1820
6278	2256
5285	7151
9062	7030
4985	5817
6728	341
5689	8165
2892	8765
8564	5796
6228	2375
8322	5691
7413	7765
1061	183
5775	9907
8414	3092
1711	1638
7500	9546
4250	8707
163	6438
214	8792
9725	1445
8097	2407
3702	3910
376	3396
8724	2488
1349	4579
7972	5750
1129	5460
2429	3098
3775	723
320	7902
5377	6022
2082	8175
8051	6973
3957	9825
8164	1577
5782	8158
9437	222
7308	9981
8342	1238
203	1162
9177	1170
8588	8552
3108	8939
591	2669
4098	9861
5822	4632
8042	2807
2855	3124
2941	1982
9539	9020
9547	9594
9359	266
4474	5360
9858	8281
8362	5623
2126	2695
2676	400
1806	7109
6905	4378
4104	476
8158	1777
6152	6985
258	2163
9	3778
2130	338
2651	4634
9980	5304
2298	3484
3965	4979
5819	2833
3396	4950
3502	9633
6021	7822
5416	7412
7165	1993
3810	7326
674	3678
4009	8320
2539	2250
6338	7724
2715	8622
2374	2197
2381	2580
7104	474
7487	9101
2788	2668
8684	5415
4725	8462
5814	3416
6219	219
9319	5321
8891	3232
7932	661
2135	7039
2045	865
6941	872
9062	9639
5256	5215
9343	6806
5411	2967
4089	4633
8537	6653
6757	1081
8678	1734
403	7242
5166	5854
2870	6634
6689	2580
2357	5984
2401	9403
945	4647
4120	4024
2511	5464
6948	9930
6184	2339
1009	7663
398	8105
6880	5877
3427	1338
1131	4842
5468	5623
7206	8736
2668	9969
5614	5631
1671	7172
3350	8902
9319	5830
3643	8070
3242	2925
3094	5587
6291	5450
1469	427
2516	2985
6154	7735
2769	3727
307	212
5092	5591
3553	9561
1324	2768
6408	1549
6442	443
849	1265
561	1135
5653	498
5557	982
2807	9584
5722	6454
2471	4744
1769	9434
4136	6702
8476	6178
3764	2267
2524	7125
6320	6961
2700	994
5780	6479
651	8787
1493	3660
5272	8112
8218	9401
1908	5436
8430	4348
8487	2935
9625	3065
9861	8441
6746	1369
6955	4981
8115	4799
8370	7647
6084	9165
8028	6250
4733	829
5900	1083
5096	1111
5395	8102
5602	4279
1053	7969
9592	5958
4552	3421
6231	3040
6120	8352
4445	7692
1274	9890
1957	3354
3476	853
1788	666
5579	6201
8053	8237
3367	3651
279	7582
9589	1864
6483	4846
8266	9025
7817	4645
8449	7658
3238	2669
8297	5962
52	3558
4029	6735
9517	8510
9440	3576
3480	5074
6010	7712
6560	1289
5119	7980
2641	4635
6338	2452
2637	2382
7805	9527
230	4746
6135	7814
9961	9676
8669	4298
5204	1859
5212	1144
4479	7078
956	4938
568	4113
1072	9938
2756	8766
5528	5593
7134	5962
2395	3254
7548	5098
4678	6493
4056	4960
8809	984
8356	8062
8452	6551
3471	7959
3971	2241
507	2122
5305	6614
8560	8797
1696	2158
2911	8951
2264	7042
1502	1563
6027	3138
1521	6113
8865	7518
508	6616
7328	7351
3360	743
9902	6893
7089	8781
3977	6011
263	6616
2805	3593
8654	1254
4085	9438
7183	4350
888	6738
7077	7672
1532	2324
3807	8678
8010	7663
7638	9323
5685	3639
8432	4774
1421	3511
4316	6934
7055	9064
9698	7228
2478	2962
4337	3878
4697	4010
8346	7229
1006	2910
1707	6021
5585	773
2015	6291
1248	1859
1547	9703
4575	5904
7980	8695
987	2212
1250	948
9255	5034
5473	8383
2075	7822
5435	8722
9967	7899
3570	9813
5961	1900
4238	6086
3340	9830
8134	2248
9231	8903
4207	1212
9350	6932
6124	6923
3118	633
7075	1843
2804	794
5905	2420
18	5117
927	7476
8334	7654
150	7256
2134	3402
3293	1935
8236	6215
3211	1029
2210	9804
6085	3519
4062	6273
9421	6476
7292	3088
3419	3232
234	5572
4345	7888
1418	122
59	7402
3325	1628
5833	8474
9740	6558
5438	1512
5346	9772
2616	824
4875	2773
1454	1409
1775	6040
5645	4222
1101	5073
5838	1830
1555	1895
1716	388
2616	7178
5873	4788
1511	2338
6138	603
9028	4521
4504	9320
9229	3933
6311	2736
7667	4843
3279	9927
4912	3289
9835	1629
9397	4887
3361	4352
1161	5746
3186	2622
5545	5755
6945	5748
605	8459
458	273
6142	6987
4674	5293
4844	7700
3011	8911
4517	1752
4737	6680
2113	9818
2378	7498
6332	156
2054	2039
5420	7421
88	3736
1455	1598
6850	9450
5404	8898
6449	3206
5481	9607
5624	600
9724	6855
605	3504
231	9435
6430	9492
2627	8117
5415	9818
2263	7095
5573	5990
2291	819
4661	6749
8575	1
7049	5738
6080	2761
8198	7038
2087	7613
4585	6974
1660	5747
2876	1406
1291	1417
6188	1066
3698	4662
1248	8040
6497	5362
7746	8613
9490	4005
6144	9504
3917	5701
2844	1340
1206	5896
1828	5748
1556	8829
4333	591
1148	6184
7671	29
5076	6808
8019	3421
8498	8217
4043	980
595	9069
1420	1943
6859	9128
49	238
9939	1440
3120	9136
648	9193
3051	5072
6815	2330
3805	3416
8537	3508
6628	8306
1470	198
7456	1118
4476	9784
3527	2297
956	6090
7536	9533
7520	6651
6967	4487
4848	7670
6576	9528
231	3375
4137	5771
5609	6469
2475	8396
2024	3048
4936	6823
2632	5509
4200	8691
755	4923
522	5643
8745	6241
7009	9063
5519	8767
6842	8721
6105	617
7735	145
6991	2713
5693	9827
2354	7971
5975	9057
7896	5754
8010	8144
3828	3671
6138	6488
4257	6409
7908	2703
9714	9175
1158	7585
8273	2604
2993	9623
6869	3544
9445	3855
9208	1157
4177	7433
2926	9333
1460	9925
8772	6307
6967	674
4732	3902
7026	4311
4918	6350
72	8912
4867	3293
2357	7431
640	9535
75	2132
117	7915
5486	2632
4845	3035
8000	8311
8124	3265
2157	9409
385	7619
8309	3908
8521	6830
7757	2467
1076	9641
5639	5696
8540	1448
8889	82
8420	8518
5500	7404
7601	7597
5493	3994
9089	4286
9370	4897
4361	419
4328	2076
4012	7775
3066	210
1410	2122
4980	8666
75	3115
794	1505
1744	9232
6623	4702
684	6993
5714	2548
9841	896
15	3429
2592	4932
5513	4083
3294	6149
3361	1199
9622	4319
4119	6512
3805	5282
8861	5125
3881	7175
4419	5310
7490	8382
902	3189
4976	4927
4117	7566
4963	3581
719	8001
4167	9981
6984	3790
7733	4360
9607	8061
1142	765
916	9152
3777	3923
5899	6599
2722	3126
8062	3740
3753	4832
4161	1140
901	1539
3933	2330
2191	7327
313	187
9206	7571
6257	796
2398	6155
1450	5031
8347	9045
4934	8303
2550	1874
9069	1444
2613	2146
7037	7681
4674	4337
1534	7126
6333	5515
9959	580
1401	617
8690	7731
814	4132
1413	6119
6289	1
3106	1740
7168	722
7615	8006
2145	543
458	5874
5286	9509
3042	2935
7952	203
6628	3474
7266	2056
3574	7923
6911	2063
7358	420
9362	3120
8989	6130
3678	2195
5507	2424
8503	9779
7129	6267
2395	8069
4535	6876
2222	8999
3741	5614
412	663
5475	2946
9472	1154
6162	1349
1725	6524
1915	5407
3666	5337
9601	7440
9812	4412
1200	3119
1776	3174
522	8754
6889	228
2800	5240
3329	1442
1746	8085
5347	5853
3351	3842
9002	1946
530	7459
7868	8119
8702	2073
6951	4555
6253	1627
2239	5061
7751	3201
1923	126
1804	4708
5959	3188
6071	3256
8572	651
5241	7303
4348	2911
2823	2965
55	4058
978	8836
759	8726
3126	5305
6573	3660
9117	2584
9683	9582
981	5357
4633	4235
3342	895
8343	6763
7813	2816
6321	4336
3432	4892
4323	1982
7898	4450
5758	5789
7710	4861
1593	4007
1424	7744
9417	4167
5176	6963
8663	4125
5373	8309
6803	7340
3695	3145
1855	6072
8155	3717
7507	6699
2933	4846
597	1193
9273	8113
5791	6094
98	8236
8850	7201
416	3710
5232	5106
2046	96
9159	7679
2640	9415
1558	4746
4790	1718
9033	4427
250	3592
7948	3975
2840	209
5399	291
7172	4517
8936	7183
2041	9361
1220	5728
1253	6262
3262	7427
43	9224
281	2930
7105	6065
6716	7038
4188	5574
2759	8378
2553	7977
2668	3883
3950	8767
4515	334
584	9453
1198	4494
6406	998
9962	2655
8592	4295
9247	7462
3900	3260
8707	1019
6544	2500
747	8678
7456	2368
4789	2923
639	8840
1399	8330
4713	8041
9885	2808
6449	8501
9606	4316
2430	9372
6006	8624
3042	5038
3023	7826
1956	9647
9622	2412
1669	5768
1181	4650
7313	85
7980	5346
7583	6108
239	3226
6943	2373
949	6537
2628	1248
7941	460
251	3656
7212	6239
4192	1466
8301	3139
2496	6834
8802	2250
4595	3970
4798	8164
456	4920
9770	8400
7087	1665
9194	5616
6189	759
3392	548
1841	6380
5188	9895
6592	157
1366	6648
2034	1827
3748	9307
5907	4152
6918	7121
1850	1899
3791	4519
7550	6421
8553	9374
5672	5990
9105	6188
9409	6676
5483	6486
4693	3244
8721	4146
7667	5672
2323	1496
9682	8407
2992	2405
8240	1801
9859	68
7662	8206
4881	9169
2561	2942
3277	6901
3611	3400
8391	8040
7531	8837
8438	2128
4222	2639
1086	7941
3625	5402
8729	8067
2851	4252
1414	1809
6814	3758
8216	1822
9460	6499
2864	2754
1662	3380
8369	2966
8243	2415
2449	7272
7409	3671
9716	6941
1331	4503
1550	6675
4906	2771
6995	6904
7670	1762
604	1784
613	2008
2426	9303
5133	7930
376	6726
5611	441
160	6393
2470	7142
8869	8076
1181	1584
1508	3063
4808	4618
5317	7726
3300	203
2020	8569
7936	3257
3637	7687
9292	5787
1267	728
7493	237
155	3264
826	4128
6839	1034
4957	5434
4492	3187
6449	9502
3625	6097
2517	4704
5822	1245
9176	7407
7294	7826
5551	5896
1179	2530
8772	9118
1609	9002
3695	9697
4977	687
3378	5278
4254	3699
9249	245
6947	1324
3459	1835
7210	5048
8376	1682
2930	7138
4215	610
5851	5268
3099	202
2019	476
7997	1557
2485	372
8998	2829
7392	8169
7259	2952
6129	288
4782	5396
3248	4298
5461	3464
6082	5138
1351	2226
6232	6428
5851	9882
8175	4389
9167	2676
8241	8715
3961	9796
9055	3456
7372	6493
8377	5254
3939	9945
1504	9392
2668	321
719	8890
3910	6974
4460	522
2821	2888
8316	2413
614	6683
8039	2709
8705	7099
405	9851
5046	5998
9166	8241
8746	2567
350	4351
1730	9960
6945	6410
9978	5980
5873	1036
9718	5548
1516	2143
8793	8148
256	2155
6796	4680
2620	9480
2966	7581
4144	9003
4205	499
3419	1445
8089	6164
3842	3244
4101	8590
9071	9350
3761	4620
7189	4845
1374	2833
2127	8057
8579	2658
4867	6927
2777	6803
3525	5148
641	5602
7631	6148
6110	5263
4248	8397
3245	8468
2611	8818
613	8733
4066	2472
8428	9597
6938	3475
6870	2845
7325	7239
110	187
6772	780
7135	2566
361	979
6205	9042
1138	549
1586	4854
928	3275
8092	9848
1852	1158
2953	1199
8283	1249
3190	6788
8012	1889
7542	1746
8379	331
644	7044
5514	776
7319	1100
666	7
6961	9724
7993	7261
6360	1450
3897	959
3436	4993
739	5648
5835	7646
5859	2061
4126	8319
598	3170
4992	4351
8404	1630
656	7866
2710	8541
3048	3641
8186	5493
1858	4883
9517	1010
4802	3688
8349	7601
4111	4153
1517	8616
2395	9871
3934	5899
9599	6313
4288	8130
5239	8926
2089	3986
2861	8538
8990	6974
6105	2936
70	9322
6278	4936
7225	1730
2443	3754
6332	508
654	9016
3681	7562
5993	9486
7069	4504
2237	4702
9039	9304
9595	4319
1787	2718
5501	9564
2580	6464
6204	5250
231	4542
859	5137
4323	9525
6710	8306
5038	2140
8022	4005
5928	1030
7252	12
7008	7066
8015	2324
3723	2125
7050	3844
5568	9148
5115	7185
7377	6792
7132	8895
3917	1016
527	3743
8444	2156
4749	8811
2781	2416
8700	8125
5444	5809
2454	3211
4665	8631
2177	9383
4406	8105
8807	3661
8298	4518
9688	896
3849	8626
4491	1817
1994	4117
8657	6977
1911	7325
9367	3703
7785	337
3282	4527
1456	3890
7801	5085
4186	3150
4664	3370
3411	1011
2592	7907
6048	9866
4507	8618
7659	2472
5861	3036
7303	8209
8117	3679
9567	633
9906	5357
4087	4295
8536	8220
6720	1575
3842	3346
1781	7847
6762	6936
863	6923
6716	7398
5748	9519
5052	1808
1086	9928
4661	4389
1395	8660
7853	9312
173	103
7184	1147
7671	5088
4986	3620
9332	5300
1302	6777
4243	4414
9653	9590
6739	7130
9868	4001
7346	8076
7942	4077
4005	811
1846	4781
4517	201
4857	3183
8129	434
1078	9954
3070	8067
8931	5316
6620	4875
3369	4012
9147	2879
5592	883
5545	9379
1604	8468
2956	1742
7273	3899
9461	6303
8585	6283
6401	6003
3663	6108
4476	5354
8749	5102
5869	2696
5608	8116
1861	328
6846	9763
886	2419
734	9795
3171	759
1561	7148
4761	6299
5207	2112
1579	3777
4186	9349
4763	9184
1248	676
1487	3509
1436	3814
8387	2714
4910	3993
6297	7683
7699	308
2150	6709
8237	1695
6130	7953
1307	1697
1492	1374
5848	8536
7633	9236
1132	799
4261	8806
8414	5825
8591	712
8177	2996
4469	6571
9238	7887
7152	627
2847	6262
7172	84
4728	6870
2553	199
4697	1928
6437	2631
8540	819
4813	9024
4097	6614
5362	4680
8187	8521
8741	1658
2997	7491
337	5720
1989	988
5069	4864
9825	9102
6927	8902
7011	6761
2253	6213
2208	4288
7647	2702
8797	7281
6463	6619
716	5849
9188	7642
2271	3681
2117	1787
6033	9092
5463	5551
2206	2839
8630	8241
7669	487
2133	4009
7734	1162
4057	2706
6989	2730
9168	974
6205	4657
789	8297
9259	860
64	2483
1989	7351
9412	3494
9315	6423
6095	1646
6325	1085
4262	5025
1844	4191
6172	4708
2544	8547
6826	2313
431	3906
1461	8456
6067	786
3676	7269
5472	3902
1298	8576
9700	9682
8070	5202
6774	2686
7045	7574
6470	881
6071	2528
4901	9326
1049	1506
5105	2542
7852	5532
138	800
8538	4012
729	8971
1099	1369
4158	9652
8230	862
5490	6751
5292	797
8179	8937
4852	1687
1574	4779
199	7213
2959	3061
6540	2972
4756	2104
7358	9991
4589	81
4118	4891
3135	1303
786	9816
2373	6586
502	6254
2188	5432
2170	7019
9539	7982
4800	9359
6774	7169
3040	6680
2356	4712
6863	4133
3957	3975
3602	9486
5227	2972
852	6450
7410	1884
877	6771
5500	65
1403	2763
1466	1822
4682	5904
1398	7863
8689	7448
4958	8085
4163	4206
5912	4564
3677	5444
6939	1238
6941	9057
6563	6787
848	7789
6146	6646
5221	7672
7984	3164
6861	438
6384	6428
1795	9301
9425	8283
1083	41
2677	8626
7650	8586
7686	5738
5231	3027
1745	9022
8874	3655
4834	9346
3343	8848
6458	2178
1905	140
7194	3865
6709	6322
8898	2691
7413	8145
8281	4681
2282	6289
4565	3362
8915	4322
7806	7242
8094	5022
1018	5005
5910	7330
9389	1465
2574	278
5310	5957
3049	3295
5303	3562
4380	8566
2760	1440
4036	2526
2207	8008
3090	2937
1401	805
6441	9873
6071	9330
4135	2823
6035	4820
4593	37
8395	5085
1551	3044
7611	1525
301	2050
5349	7261
6746	6605
6922	1
4552	8305
8470	9322
1980	3564
8545	5326
3539	5966
7602	6052
5304	5057
7716	5244
5417	3592
3421	1714
3435	2718
7845	1316
1728	9933
7275	4804
6254	765
9756	5677
5297	207
1550	292
8556	6858
588	4812
6642	7425
252	5312
2562	2379
8200	9607
6709	3914
4945	1830
9060	1442
3634	8328
958	2311
4947	9176
1954	6624
7440	7211
3268	5498
8116	9711
2453	9113
2265	3487
7002	758
2362	4902
641	522
3383	3295
4399	4426
233	7096
786	2143
6815	9959
3107	8588
8584	7630
2029	6421
3515	346
3494	8966
47	2478
2677	9700
9	4583
9165	6499
7764	5399
8691	1957
6584	6621
2457	5202
9946	4411
2335	3150
4546	3597
9757	3068
8135	9264
2331	5700
5741	3504
7127	3549
8221	9139
6924	6344
736	5789
8256	3060
3154	2209
9545	4514
3849	6719
9024	1128
3286	6740
1789	3021
5784	9612
5639	1433
309	5712
3428	3936
8280	6894
3515	2664
4097	3308
1452	2003
8283	1616
3863	2351
2144	2014
5121	8201
9743	5905
2731	4538
1052	6186
9552	9008
9711	2451
1954	2872
7996	4615
8984	485
5176	3187
9730	5977
8589	4177
1964	5777
1034	7979
1937	5971
3602	7003
3641	1110
5194	6469
2379	2471
4914	943
9541	712
3350	7392
59	7755
6011	5518
7436	5171
9260	1148
2233	6937
6688	5063
7108	9474
1213	8528
3723	9220
1427	4933
4876	7281
7626	7970
6943	1078
4526	9745
5928	8516
7902	8882
6468	2268
9596	3903
2017	5147
7962	8086
2255	7325
328	9529
9584	3692
4916	5426
7903	136
128	5262
8813	5040
5584	8087
4574	4592
8798	816
6613	5333
5065	2856
8618	7538
1032	6456
1092	2229
6090	1432
7000	9349
7344	7300
55	5504
9163	3814
3686	516
6634	8703
1080	5190
3691	2958
4033	4344
6602	1683
5763	1365
2246	4131
1045	1578
4939	9751
263	2909
3310	6588
7341	8450
4155	7446
5806	9175
3132	4391
5380	3560
9542	4262
8048	6600
4158	477
1846	7704
2836	1358
7283	9810
541	2834
7191	5789
1362	8376
6440	5224
2811	2792
8515	1234
2845	3515
3037	3383
3262	5275
7518	7998
7897	7117
5307	7846
2279	1910
3716	4020
555	4951
63	3606
8793	6898
6152	4909
4660	2447
7297	9014
1905	115
7011	820
2800	2557
6332	2654
6181	279
3788	496
8812	3916
3050	2095
5861	2584
9402	4089
7495	1101
4636	3543
7429	5248
2071	7470
2975	3980
4766	9681
6074	7954
6240	6719
2209	3523
735	8129
4847	3653
2324	444
2371	5894
7579	7567
9124	4015
2647	6955
7638	6434
4714	4865
4782	7931
4365	9379
3667	1484
9589	7855
8467	9092
5787	8551
598	7531
4240	7523
3161	8315
1452	3675
566	8187
7176	2863
8676	3048
3192	3182
649	993
877	1565
6302	1083
5083	840
9724	8727
1965	9487
5547	2487
2224	836
7454	368
343	8079
9787	2490
2894	5165
8494	327
7313	1896
1716	6567
7201	2859
1270	9287
2058	5124
8431	1577
9359	7362
9034	2070
9921	3371
2145	4921
1229	7227
6041	7193
1010	8192
8497	5402
518	821
2603	1952
9874	6370
3507	2848
6884	9125
9667	913
5573	5764
9874	3112
868	7453
3934	3114
4282	5201
2972	3970
6993	3169
648	6696
7174	8869
3619	2146
1165	7055
1437	114
8919	5106
8104	2596
9142	9786
7666	3471
2312	2307
9322	8022
7306	3458
5010	1986
1483	9254
6478	3832
7118	4291
7097	6104
2262	5009
2730	3245
8135	9075
3476	1172
6280	5936
511	2674
6524	3768
329	8037
2510	1011
9822	6352
7284	1926
6046	8264
3552	5969
2394	8059
9111	5863
985	4936
3257	2098
1069	3721
5918	830
7363	5305
5851	8700
4881	3118
5629	1021
1372	8706
6549	1525
7460	2505
5476	9574
5870	7060
3682	4338
5943	7348
8297	166
9101	8702
4426	9162
2785	2891
9013	9934
4868	8750
3762	6278
6672	4468
9212	382
742	5656
996	3222
5763	1762
4080	1098
6256	2443
3638	1247
8797	2371
9908	1049
5003	3779
576	6183
6596	2488
1263	3383
9362	5549
3550	9941
8949	9532
6486	6061
3410	9942
719	114
6517	7121
5838	1044
5580	271
3031	1261
1655	1973
8081	72
9114	6271
2389	4794
7396	3673
5775	5610
8718	9640
8529	601
4901	3482
7979	145
8793	7483
2627	2711
5312	4334
2775	408
5482	7438
7750	7250
2995	4222
7464	1157
1935	4273
6076	5906
6678	7540
3856	9717
6957	9291
3503	9262
8504	5732
9618	833
3670	5143
1164	7898
4116	6433
6646	9641
249	5156
954	7673
1436	8635
912	2011
7502	6701
8567	7391
8710	5012
9279	4614
6610	1542
3577	9899
8483	2708
8202	7919
8063	3415
5826	3114
9971	9043
7513	7775
3454	1775
1087	9998
2943	4708
3450	8936
5624	7227
9547	8312
4625	5946
4074	2995
324	6199
7184	3892
6498	2188
7500	8809
3489	7743
7136	7968
6251	6563
3101	9931
8504	5118
159	2834
4430	699
2490	6754
465	6633
8599	2732
9548	5825
653	8604
9363	7384
273	1611
8576	8168
8391	2819
9001	2616
6812	797
7858	4115
1806	8326
2323	7672
7920	58
2532	6253
3116	8880
8087	215
2224	3267
9231	4904
2907	2727
1118	9069
3414	9955
6780	3780
4568	1795
7667	9366
7017	3570
2990	7814
6348	1422
9321	1908
7376	9699
5144	1341
453	2857
4843	7059
8813	1487
8539	9135
7941	82
6174	3085
6061	5730
9732	2393
1402	3820
9691	3238
7268	5562
5661	6163
2176	6865
3977	7391
6960	9479
9853	3506
1931	51
2369	4941
1287	1488
9939	1797
3844	3157
5140	9179
1937	5691
2788	3740
8106	5630
3212	4326
3379	6508
6337	2625
4682	1483
254	9802
2845	333
6856	5843
907	324
4589	1496
6858	6501
8723	5885
8129	2865
4142	3001
1630	1096
122	4828
210	3499
3938	6
4761	5255
1136	1390
321	3343
5010	9356
858	570
7854	4245
3229	5091
6798	7161
5949	9864
7692	9205
5244	6055
8347	2196
7562	8303
4789	2412
8738	1786
9744	580
9146	6317
743	1362
9121	5709
7936	267
4926	8939
8964	9208
9204	5185
974	5884
2056	8743
8908	124
2235	6106
3482	9840
7056	4909
3220	987
7733	8774
9216	2983
7010	8402
7320	3470
9427	1786
2898	7170
3037	4550
1027	6014
6592	888
8605	266
3880	7604
241	3323
9794	5404
8115	3764
8583	7860
3820	2906
7955	3076
2273	8734
6348	9335
534	6611
3613	9073
9973	2862
4522	246
9915	3133
9435	7920
8508	7116
8143	1233
3471	1972
7150	9420
9460	8093
4567	9970
9076	7516
862	300
3860	6160
5032	724
4217	7003
5320	8006
4253	3246
3357	1965
862	2742
9452	2957
300	1247
5019	4230
6783	9053
1635	2852
1798	8892
4588	4301
4046	3964
5877	2277
5166	755
8838	435
1774	4013
1229	3037
6159	2509
5567	9162
5978	1797
2409	8439
7847	5856
7797	9553
6888	1958
801	7487
8527	494
9543	9385
1918	9988
9987	2986
5460	7686
9823	738
7987	3494
5878	1412
9676	5841
1658	1610
1283	2759
6896	5563
3737	9280
3195	7028
1024	6668
7628	5546
6491	1781
6241	6019
3646	6546
5597	723
2452	2326
8300	685
6037	5277
5355	9379
8236	7878
5685	6748
4730	3359
3347	6864
4198	3102
2211	120
8270	4529
6879	4927
3010	849
6034	7975
5299	6638
6516	4319
5905	9281
6953	131
9114	1177
3040	2778
9448	5960
4997	4498
5296	9032
6356	9109
3764	1833
7671	3080
7983	9216
4565	2967
5428	9737
8500	5851
4517	4830
6008	690
8223	6922
9761	4079
2593	2209
9273	9365
5284	9681
9804	137
5214	861
4694	7525
7687	1972
5548	3874
9903	3230
430	6297
8077	2676
3490	3129
7201	5431
9279	7592
9473	3182
3636	365
1231	9904
7899	307
8183	8601
4868	4685
317	8000
3974	2205
7944	5771
4211	3592
1934	8748
9475	3035
5184	4330
8338	6479
3329	660
522	3712
3653	9963
5975	7885
1777	2835
9158	9598
9112	3908
807	8267
3596	6592
8374	6764
3133	4198
942	7270
9622	3789
5989	8803
7242	341
3506	8343
5979	8044
3928	9862
9359	9743
1081	7127
8167	6527
4255	8782
691	3802
8116	6163
5873	9866
8477	4826
5902	8634
9702	9132
9472	5430
9418	3127
7746	6289
6345	9034
623	1780
5581	4626
133	7789
5776	2910
1269	8092
6193	7412
6160	6770
6806	7835
4168	3638
6970	2189
7875	537
1636	4648
9137	6764
3873	9705
8590	7373
3561	1085
9394	6190
5076	2930
3258	3343
5575	3919
2862	3917
3140	2976
6489	9832
5289	5760
1479	931
1284	3762
5011	3394
9574	1859
3787	5753
8048	558
9330	8003
4345	2430
8993	5669
6117	3854
7739	4221
8550	3946
6508	8292
3760	5625
9811	3967
5963	7188
5361	3154
512	1432
4440	114
7670	576
9924	1021
1650	4553
5514	8912
6368	3039
1318	6350
1363	1641
2230	8572
6468	8252
6703	5252
9616	6131
5083	8417
8113	9029
7483	603
3587	4715
1634	3760
7207	4330
6249	1013
221	6537
5218	6345
5723	982
972	9355
9452	721
301	6079
4528	4142
1532	5703
1521	5557
9058	856
2620	9127
6680	4580
5763	8035
3358	6819
3211	5281
494	586
778	6267
9521	254
4438	7254
4426	7752
4064	787
2854	93
8613	3497
5126	7836
9962	1782
2282	3052
6111	6466
4112	7654
2527	643
3673	7107
9977	7761
7014	8002
838	1369
3200	5861
6537	3992
315	7571
6805	5971
8924	5767
6912	1165
3648	5731
872	6309
2584	3072
2805	2732
9141	8958
363	1134
9729	8498
6088	9261
2274	6503
7820	9604
6157	538
3143	7214
4495	6115
8571	7172
928	1258
506	4203
4735	7921
898	8474
5894	7543
3956	3321
6000	4814
9894	9665
5052	3823
5020	5992
3105	1547
7939	1090
1038	3709
2010	3249
3788	2479
5222	505
2276	774
7663	9582
689	9559
1136	9262
1594	8657
1622	6540
8069	4286
3354	7686
7319	890
4617	2462
9487	3256
4619	5637
1194	8533
8337	2654
8013	4494
8558	603
3986	9390
8268	3907
5018	5722
1207	5147
9806	576
9241	8978
4863	9369
6186	8544
3475	3340
3503	787
8084	1706
6343	674
6677	9423
463	1007
1737	6199
5317	5171
3830	869
6158	493
3919	6168
9835	7844
1407	4927
6530	8759
5235	83
3630	7483
8592	3760
5984	3298
1049	2379
3231	2930
2490	1775
4500	8583
3006	7697
6856	222
1432	819
5926	8477
6250	860
5967	5193
8123	8286
8215	3424
23	3221
568	5993
4790	2937
3872	7442
6669	2109
8666	609
8719	6646
1953	3623
8814	3182
2732	6247
1760	4555
3903	9860
2335	9540
9495	6663
8414	2919
8982	8368
4823	2245
6255	9526
9817	3286
8876	9414
7040	6624
764	4580
1910	6055
3588	9316
1787	2874
626	6112
6922	2660
8003	3894
9282	5366
2131	841
9209	6364
3696	3000
247	1748
8979	5799
8463	3547
6616	3577
8536	4858
6664	4236
3843	6449
1194	2213
3429	3191
9571	8342
9198	4738
1035	8084
6395	8458
9914	4883
3409	4655
1205	1444
3172	2324
6454	5613
8556	137
5626	7256
1979	8919
3941	9061
5048	920
9445	34
9335	220
6852	1155
6844	1451
2196	2832
3634	9148
8098	7653
9076	7136
2536	9880
2428	7979
3307	6988
5355	7264
5721	3123
9304	5602
3809	3144
8648	6834
9213	5458
2976	7838
174	6007
5006	519
2249	1700
7771	9622
9768	832
5333	342
6889	4953
5150	8685
460	2176
7979	8762
5187	8651
4100	5445
5873	5411
5244	4279
182	8129
2950	8670
3204	969
4757	721
8426	3600
8393	4029
5477	9288
2457	6593
8434	5777
3695	1973
5599	5109
6691	9836
6989	6552
7358	4522
5970	3017
4206	5145
7959	3528
2587	8983
4165	2984
2285	8151
7510	4926
3034	3049
1463	7636
320	2897
6201	8419
4446	993
7187	6663
2012	782
8668	5913
4209	2225
49	604
4040	1399
8398	7269
2749	1869
8180	6811
4240	5335
1075	385
7280	960
5667	673
7048	6516
462	3802
7271	9141
8292	1909
8424	7889
1411	8511
2383	1499
2435	9186
4110	9689
9214	632
2032	9174
1231	5494
8309	5722
8427	1316
4462	1334
1598	6634
6974	8881
4915	1267
3115	4346
9637	5338
6185	639
4642	1597
8220	4086
8649	7313
2414	3669
8429	183
3686	6598
2798	6466
9677	1658
8401	7655
5368	7836
3356	8980
7100	6342
8550	7857
5366	7754
6413	7139
2400	6824
4107	2543
838	5093
2844	1928
6338	4789
1533	8986
6841	864
4733	8881
5922	9438
6204	9037
8218	6636
633	4714
4157	793
3882	9138
7671	1298
9903	881
2647	1335
5228	5187
8549	6338
7673	8755
3759	5670
7269	9437
5473	7501
6339	4804
3509	2226
3169	310
1523	7313
2804	137
4670	9260
5094	115
9567	40
4578	576
631	4692
8373	5001
2323	860
4542	6593
4483	4758
7739	5606
6363	5022
9999	1078
3603	121
6752	2448
9228	8915
8322	456
209	9628
5831	1713
7203	5856
7198	4938
3756	8235
6347	1942
712	6732
5516	1041
2781	6971
898	9069
2793	3831
7485	7683
2903	517
5302	2107
933	1670
6036	1668
8732	5549
324	2565
2659	4825
1211	9134
4973	1998
2247	7092
8590	1030
4287	2383
1436	3745
2419	9943
6438	9183
7016	5365
7974	7488
1425	5073
5582	39
6358	8921
8491	7628
8837	6900
9009	1632
435	6736
8553	2703
6673	4009
8073	2454
9723	6714
6829	2057
8726	9165
2607	9342
1155	2152
8006	5250
3796	8405
7896	3520
1932	5699
4944	9433
5445	8019
8641	587
5600	6324
7449	5066
3441	4175
7626	10
261	3411
6215	7609
212	333
5367	3342
9769	6740
1642	3347
8145	1068
9085	4930
1137	6206
6000	5401
6210	5917
6110	9398
8126	9339
6351	1562
6369	9912
8181	6932
8774	6122
1338	6799
8869	432
7770	432
109	4713
770	1112
7337	862
2865	5984
5826	7372
9955	8638
68	1097
1445	9291
1053	6921
1253	215
5689	7171
7956	1613
2678	620
7317	7318
2596	2029
559	3280
1637	9723
1674	3725
2635	9381
5235	4261
2929	9216
2455	1224
4853	308
1273	5072
3773	5709
5376	5611
9449	607
6187	4867
9461	4610
7103	1403
4904	2149
5177	673
6442	603
5044	3910
1196	5881
4982	109
1287	7580
4517	5956
2589	5471
9165	6730
8884	2561
8796	7340
7788	9385
9582	9627
6302	3830
1469	1556
3758	8476
4817	624
2140	9344
8132	479
4218	5254
8598	3886
9246	1680
3700	9714
7084	9996
5095	365
5102	6398
329	5593
1547	95
8144	8979
4884	9607
4630	1107
5687	8752
3015	3595
3671	5803
3885	6150
4802	3096
7440	3439
3160	2026
2972	6262
1733	1033
4718	5883
9569	3995
5037	5824
7140	781
8899	2441
1935	6505
6889	138
1820	3353
7242	7631
1196	3747
2359	6340
2549	1893
2517	7133
3951	5139
6083	7176
8672	5417
6279	9118
2444	4636
7272	4901
6629	8214
6379	3954
9790	5199
6654	9953
177	3794
2760	9543
2986	8992
7650	7137
9975	9044
3675	7242
7533	5707
6113	7860
6328	4158
9575	806
3135	1753
1788	5123
4330	5745
9811	3375
7405	8641
7889	3755
9205	4357
2344	7198
6639	3510
9728	5554
9681	9550
4044	9216
5924	5990
7854	6947
8682	7162
3624	1460
1046	8894
1902	8101
7044	9894
3546	2722
5240	3408
6875	4509
6950	6579
8134	6347
7937	6546
8757	4805
8880	7771
2641	5060
6203	1696
9722	1124
5997	7673
4821	2809
3586	158
1161	5185
4843	9553
4143	7862
1419	4896
4660	4066
6878	2786
4419	687
6158	5798
8325	6717
6211	8933
1184	790
1992	9814
8116	4357
7493	4861
8019	14
5855	1990
8771	6427
7112	519
150	5895
1482	5959
650	2909
677	9657
7659	931
7448	9529
6742	1207
7364	5456
9056	1710
7014	37
9956	2240
3561	8883
9090	9538
3168	640
4827	8936
5893	9179
3900	4568
6805	5063
9854	6600
5851	8400
9158	2532
7541	4455
6504	5528
428	167
6472	7121
4188	5246
4055	9455
3365	2018
6826	582
6771	3105
2644	8201
9181	9401
4239	8343
8495	7814
840	5175
8323	7579
6900	9008
9605	3632
9065	5521
9773	5379
4789	7210
7381	1282
3476	9620
2203	8761
1874	6025
7636	3242
1404	2632
3048	7217
2322	8555
8943	116
425	8199
8364	8292
484	69
8895	8794
872	8000
8379	133
4050	2789
2504	2269
6110	1436
657	4031
4627	9533
9001	5135
1942	2826
9162	7094
8517	8905
6057	6733
670	2917
6514	1948
877	1247
2329	9318
4679	8728
3437	7140
5060	3691
4806	158
5238	1745
9397	9919
9389	6644
339	8092
8545	4509
4465	4242
4216	802
903	1495
8042	2716
133	4689
3972	9058
5439	9826
6013	6225
4855	1153
4299	2293
551	8570
4944	4532
3130	3685
1986	8141
923	1041
8548	5097
3447	100
795	6981
2964	6945
1334	6583
3686	9669
8561	6008
5950	3562
336	2962
4516	9365
6640	1256
4491	4149
2226	7179
5517	7312
7056	8594
8638	713
5864	2019
5213	1280
452	1773
965	3946
5196	8018
4817	1661
5781	7139
7426	8190
5932	3899
903	1427
8925	5071
1138	8789
9473	452
4777	6636
9247	9220
4067	6492
4302	8389
8988	9212
9756	512
8089	2371
275	7710
6245	5083
5352	4967
9606	2664
9716	4888
1701	6404
9618	7387
5637	8676
378	8059
4314	2632
7252	9338
8323	4143
2676	7341
2553	3359
5670	9207
8089	10
1664	9358
9076	8857
1253	5722
8149	8849
8935	4783
6449	4996
4229	7161
9723	8153
8390	989
4134	9228
8839	8236
773	8656
272	4092
9437	5325
6020	7860
1141	2952
9933	3071
9178	6696
9897	4074
1218	8387
6238	1070
10	2898
3399	3435
8337	6345
1129	6060
2167	6054
6405	6459
6590	8117
6076	7997
819	9416
4820	7244
3891	8197
4718	2340
662	1030
6195	197
951	2934
4397	6081
9478	4321
1660	8680
5711	3308
4237	1337
2305	472
9022	8594
3503	6185
1144	5701
5785	6785
1378	1148
625	5659
9652	8177
1261	7857
9423	1500
4184	4170
4076	5636
5926	3465
581	9734
2192	7451
6433	5996
7336	9527
1844	4689
7224	8921
1806	7336
9716	236
3885	8255
1819	9818
8899	9547
7336	6969
3256	721
9598	7119
2885	9445
2054	8666
5102	3718
51	6855
7284	1984
8448	7910
9894	2788
5456	2374
391	121
6408	6121
2938	4446
5767	4336
5444	4464
7696	7481
4754	4389
2948	7379
4474	8579
4457	3979
9129	1509
2424	7763
1013	9456
3143	3213
6237	9233
586	8616
9751	1879
6257	4544
889	3879
6806	3575
2989	7226
5321	4731
1332	6909
614	4375
2383	2738
3265	2796
7699	2005
5229	1590
6704	5730
9825	4285
3407	1299
1215	6345
4069	3249
6453	7929
106	3938
1116	2245
7460	8033
2909	8263
7047	5981
5101	8000
5927	1904
8299	8612
8266	3020
6771	6037
3077	1993
1821	2939
3101	374
9969	5632
251	6197
3775	6011
4124	8028
8908	3654
8010	9774
4535	6327
9198	3862
512	3826
1156	288
3651	8472
5258	4255
3675	4200
6288	2520
1933	1862
5056	4894
4496	5123
5670	7915
7412	6982
4733	7665
103	489
3212	9339
599	6842
4513	6542
664	8058
1586	1506
2074	3028
1969	5411
7975	4547
1112	2797
3449	1011
4691	4777
4056	505
2549	7734
8024	2025
3935	2062
2007	4736
70	3196
6084	941
1057	574
5728	34
3723	9320
9721	440
1284	6285
9683	9498
463	1331
2694	5257
1484	5216
1897	6909
9774	5064
6435	8351
7982	1000
2919	9402
9482	647
1021	6081
3283	5186
9287	9670
456	3796
4899	3562
9654	2111
272	2175
1338	8554
9139	1547
9734	5287
1724	4365
8955	2095
5577	4289
2454	2952
5172	9759
8513	4715
399	296
2807	6714
6070	153
5814	4819
7440	6337
5250	4363
1925	2512
845	4040
7014	4642
8333	2136
1239	5777
3154	622
7898	4279
2888	4640
5503	1859
3103	9874
5252	3594
3925	2015
2015	7448
3249	1324
4434	6059
4935	2206
9334	6694
881	9008
7210	4789
2368	9829
3780	6264
1338	6897
3169	6241
8770	7463
5545	6607
1139	473
8012	9894
7771	9291
2500	8825
7174	7035
9464	5893
508	8881
2631	5857
3512	6686
3257	5090
5025	4378
4783	997
2372	8217
6851	7143
3737	2007
1758	1282
5950	2100
2123	557
1624	9513
6788	6735
9937	816
7406	61
9461	3229
9616	5482
6421	4933
2335	3317
8035	3228
3440	5865
8350	8944
5820	4247
8935	9314
9608	1746
6229	7480
4951	2225
4414	5697
997	4906
9060	4870
1655	8858
2578	3649
6637	5792
7852	4139
6706	136
3283	8659
1390	4002
1357	3330
8544	5864
2376	8779
6823	9474
4196	3890
7035	8607
6968	7283
7993	2577
2030	2664
2214	2141
8300	7408
9655	1996
7437	1457
439	9693
2793	4223
6586	6935
5030	7341
3832	2431
6181	9340
8777	6307
9751	8528
129	775
9950	4241
7776	9966
1385	9867
8752	1952
2815	5692
795	1439
3033	3631
5785	143
8870	5377
8069	1156
1440	2723
3797	2945
640	9435
1007	1093
6568	3267
6185	1794
4621	1554
6395	3155
4154	4882
4050	4582
3947	1580
4630	4066
8590	7560
1908	5707
1480	4079
5335	623
6325	7827
8336	7736
1105	4109
9892	6465
9763	1780
8581	1754
877	493
3057	808
2422	3927
5708	3307
1978	7827
8668	3122
4726	1172
2704	6905
5776	6853
4627	460
4486	1250
8419	862
2467	6857
1326	4919
4783	1517
5063	955
5916	4625
6511	4968
1761	373
467	3061
3937	7071
4898	5787
2744	4906
1961	9487
4117	4723
5281	8490
7681	5924
2304	4419
8806	7983
7082	5869
3426	8642
5557	4947
6293	2567
5646	1528
4498	1005
9746	9946
6885	8525
5198	5861
1847	54
1709	5232
8334	4398
9927	409
4395	7152
5900	5135
5600	8540
9987	5774
7077	267
9193	6002
9614	8775
8937	2018
5168	4399
8654	74
8368	8930
8914	1955
7223	3405
8466	5759
8258	9737
2406	9860
1859	1740
3255	5915
9265	2515
876	9464
7322	8849
7129	4676
7437	139
3390	6354
7910	4498
3542	7842
6632	5338
9130	2540
7136	8956
6045	8737
6050	3735
4892	7448
3518	3594
9265	1841
7731	3763
1208	6641
458	1782
8010	9087
742	5328
4127	6905
1778	7124
9780	3651
4135	4609
287	7289
6308	650
4165	5128
8715	2305
5107	7605
5525	7800
9396	6887
8644	5541
193	9118
4662	6753
4499	109
7416	393
2537	3793
2599	9998
6239	4179
7718	8884
4250	6582
9564	5038
4446	1289
9241	6375
3536	8502
7314	111
173	5969
9698	5850
8375	2494
8271	1820
5278	5405
2043	363
9887	4737
4874	5930
1853	8892
6731	5010
5755	4323
888	1806
9470	2136
9959	6735
3434	991
3089	8294
5869	7704
7857	9040
9369	1307
1983	3759
5699	5320
3250	2702
9298	7971
1108	1755
4154	928
2911	5381
2878	7970
2722	6214
5149	898
4894	223
7197	8149
5771	5578
396	9759
4932	8543
6233	1951
6742	5881
501	6880
4649	2579
6581	9645
7573	6091
3084	4984
3872	472
4765	5043
7183	7788
2970	8022
7399	3602
5980	6662
7452	6443
7195	4714
894	9272
7053	358
6998	6180
6056	3529
5120	6502
8058	7937
5504	4497
2439	7632
512	1586
5015	9162
3749	7559
426	4258
9530	1572
2268	9440
5245	2715
2351	8051
5689	6762
1328	4102
5236	3648
2122	2691
7645	312
4543	4454
2008	6136
6845	9245
8404	9994
5924	3896
2848	4543
872	5371
3967	3860
9861	7705
9482	1264
4814	3926
6392	6591
8204	5380
3855	236
8410	6904
606	9856
191	218
5203	8879
5216	6288
5989	2387
2368	7870
611	6904
423	4786
8443	3392
7184	5932
9283	1586
6639	4478
7776	2232
8753	4615
887	7770
4488	748
331	3990
2209	1737
8485	9457
7689	9423
3918	8849
2711	1526
9981	1784
2555	5904
7771	7541
164	4883
3698	9971
7163	6094
3377	9178
8578	8382
190	2400
5603	938
6180	6072
550	6522
1695	9479
7448	6831
4282	8306
5805	7940
8095	5983
5936	8695
6113	5391
3550	5281
8769	8400
6039	6707
7892	527
3863	8464
3349	6367
4988	2599
8924	5005
8522	412
9090	9392
7485	6537
9911	2049
551	4869
5442	7645
2159	3736
3803	1091
6437	2597
9842	5631
1029	3840
2089	6852
4478	329
1181	2953
5688	4421
8433	6774
1417	3430
9442	3152
2782	6315
2173	3880
5558	7590
6076	3397
70	7
653	9777
3370	3292
8606	3676
6153	96
6356	6681
4229	5217
3132	4863
377	5834
3349	7989
4539	6516
3988	327
9503	472
568	1569
929	9625
5163	9995
6024	4146
7292	5725
7452	5043
1179	4997
5951	1812
5023	1700
2416	5840
3254	4281
2038	5815
8811	7316
6519	5704
3684	8935
27	4691
9307	3230
1542	7471
5649	1242
2289	5103
2903	9503
2990	820
1793	6177
4577	4733
6741	1866
9251	1931
4461	1577
7886	821
592	2274
9734	5410
7619	1200
3381	270
6752	6299
5594	4034
899	9295
7978	7089
6789	4957
9178	1200
1287	5733
4199	4348
3277	1758
5388	2990
4513	7954
8623	7524
2592	5542
4317	4563
5308	276
8203	8388
521	5649
1228	4870
360	8326
4352	6359
6969	1017
3851	5934
2159	1547
4971	5264
1488	4541
7108	988
97	2010
8508	742
7744	1883
1353	2675
4936	1633
7872	6362
981	1144
8605	5060
5720	9838
7843	9253
6624	3021
8985	6422
541	282
6001	1496
9317	1761
2284	4355
5192	5806
5954	5997
6720	8170
1038	8958
1577	2047
4418	6293
2321	7264
7297	5925
4272	9176
9245	4575
7826	9474
7879	19
7290	9705
7394	7418
5187	7691
2649	6962
3082	1244
1138	2681
9392	3509
1159	5846
5130	36
5123	264
3322	924
4522	578
5466	7507
4982	1160
4440	3632
6671	6349
1549	9460
4946	3807
2757	6487
7734	5749
1547	1254
9138	2540
894	6235
4307	5909
8871	7108
158	4841
8880	3952
5433	3358
4355	6069
2167	6582
5305	1983
6803	8511
8269	3972
523	2032
7628	2211
5106	7711
3336	1710
3720	6828
4846	7191
728	8108
6657	3172
6147	8357
3794	4024
3087	2729
9365	1013
881	4920
8757	9935
2570	6208
9195	5021
9427	5311
8525	1450
8244	3232
485	6203
1321	2764
6194	2431
5957	7656
3997	7006
3376	6111
8968	2477
4687	2830
1682	7757
6894	5940
3238	7143
3822	1106
3390	4760
7574	4061
9868	7227
5509	9862
8797	2746
2389	8573
5683	1084
2335	2244
2260	3199
5222	6338
6406	1189
5756	6167
6155	6823
7641	8921
9539	6105
6125	3242
9553	706
7323	4678
3779	9483
7576	8964
4591	481
2048	1701
7117	669
8868	9277
8457	6020
3432	957
4268	9620
5831	8148
5236	8008
7791	3265
32	1297
6129	3720
6107	7951
1060	3676
2201	3469
4217	5931
811	7032
1711	6600
8902	6228
6237	3034
785	5016
8661	762
2826	7914
3466	4533
2718	469
5804	2696
2739	343
9719	9485
8370	9967
4630	9287
5676	3869
8121	9717
7185	3919
7532	4705
6410	6507
785	3738
7383	6353
6104	6026
8168	5519
1880	9573
7416	677
3991	3593
2706	1009
322	381
4848	1598
231	3877
2406	2678
5038	7392
9121	8692
5542	8749
4033	5210
8609	7331
1768	8661
7724	1509
1220	3453
9642	4882
3794	4612
3181	2862
1923	7699
4026	8976
9911	6739
9083	921
7522	6572
1235	9906
7362	7077
3803	732
9038	5258
7825	7653
3725	383
7546	23
6342	8089
8410	1891
5334	7171
6281	695
7181	6579
6344	5782
3626	2234
1202	163
4039	8010
8090	1244
3131	8973
1846	5524
7444	3504
1904	4169
3546	7021
9707	2170
924	988
4268	8518
6292	7710
5974	7236
9974	6758
8198	1352
4990	8581
8332	1677
8297	1085
6875	7626
1847	9867
6671	2268
4333	9280
5046	4951
9107	3611
5405	987
4371	5558
5542	6897
6709	7772
8692	788
1946	4690
6419	8768
6595	7662
9769	3334
197	1853
2034	7219
2894	7704
4760	7299
2518	2093
8218	8945
2080	2170
3868	9110
5593	6639
131	8437
3874	7579
3518	2876
5814	6400
2885	7947
4201	1303
2266	9973
2492	4294
3484	9157
4577	6851
2413	3042
5545	5123
2329	4267
7309	639
6043	8518
73	7808
9818	1668
8331	3034
7101	1990
1914	8401
9678	7379
4256	6665
8976	5551
3407	3060
6629	2833
513	6576
928	1003
8688	5533
4892	4462
7883	4368
4647	235
2113	8910
6562	7845
6858	5376
6121	1671
9931	6172
1415	2355
8320	4956
3688	3034
4217	6548
178	3761
9242	580
9440	2959
1077	3613
3188	6590
875	7951
1199	1024
3624	5290
3161	8723
3959	4098
141	9232
97	4485
488	5552
9667	7952
3660	8045
546	7398
2437	6101
6229	9284
697	6324
8574	7722
617	4778
8972	7093
7974	8044
1545	5817
5120	5736
6168	3705
5357	852
3528	1875
4598	8578
1884	9203
6762	470
1584	6529
351	540
2402	5785
6064	7623
914	9668
2233	354
1410	1873
1888	9859
2690	6885
5266	6496
6151	1520
6022	4300
2704	8399
4369	7026
6867	2572
3542	7785
5781	1660
1732	1487
6497	3062
4418	1899
2051	1001
4720	7244
1021	3762
8547	1635
257	4919
8480	8687
3834	4704
1216	3650
5832	7547
9367	7971
4579	2092
7052	393
4034	1308
4543	7048
2572	7926
2848	2703
5225	1793
3425	3325
7076	2722
3549	7595
2037	3150
9492	8485
4925	4398
392	4677
8877	9993
6595	116
760	3008
9036	490
6789	2913
6726	4905
1782	8639
7042	6025
8802	1232
3056	9036
3590	2543
8425	2842
4027	8206
7724	8510
1074	822
244	1799
8477	5550
4069	2516
962	4428
5030	2118
9521	89
7264	7627
8124	4688
3794	7658
9909	8770
1603	4421
5972	2846
7899	686
679	6082
8372	4312
413	8069
7698	8079
1364	5172
1202	6608
4583	7545
6432	5459
4574	8236
2668	652
1192	9961
4375	1478
810	8747
658	2574
8731	3387
1103	5496
9409	2736
7240	8011
660	8675
515	7062
4149	4456
3448	4635
6262	7034
6252	3713
6173	3556
1980	5746
1249	5960
1041	3990
5528	8081
376	2036
7830	3822
4591	5403
527	7473
3622	2957
4778	938
8467	3089
3451	7744
214	5360
723	9433
1084	6520
6347	8225
7192	2527
8238	875
8327	3805
7728	738
3426	8964
1086	9162
4634	187
8037	9837
4001	5163
4056	4220
1313	9423
1927	3329
1245	6664
5528	8060
1641	6646
2504	1426
5655	9059
9970	6638
924	7404
3608	2193
9041	925
5115	7839
2920	780
444	7156
5543	3187
151	2104
436	5865
4709	1843
9766	53
5788	116
6277	2837
2865	8376
4428	641
6847	1369
2693	8540
5052	429
226	1776
1748	5808
4239	8683
5369	242
7121	1481
8350	3648
4713	4789
8759	4913
3209	1981
9297	8639
7064	6088
1946	2181
5208	1843
4068	1298
5756	8002
8161	8726
4838	3554
7341	4486
186	2238
5238	7171
228	3291
1470	1178
2613	5923
5068	1545
3999	8578
1619	4092
8498	5897
789	2501
228	3127
1954	7140
6769	111
4057	6447
7822	8500
7079	8977
8938	1616
7758	750
2176	4208
9569	50
9279	7519
1247	761
6941	2932
1935	7083
116	5795
4561	4960
6554	2623
1019	2886
5972	4309
9793	7360
8461	8059
5432	9782
1290	2294
4656	4465
3190	8084
5966	8044
4888	3889
7369	445
1362	9472
8576	5270
5873	7745
7955	7169
7680	8740
6151	8269
612	5128
7957	9049
203	295
6908	7850
2691	5246
2575	7230
2524	3466
1135	9429
9196	3689
4953	846
5124	3077
3848	3942
6629	2016
7812	5462
5870	5986
55	6332
9455	2510
1521	5362
6637	7474
3553	1902
6560	2440
6787	7751
8309	1783
3616	2627
4813	1065
7772	452
7461	1220
5085	4990
3412	6327
3516	577
5954	4031
2293	3755
9057	4478
6098	7715
2937	3073
2912	7159
5460	7805
1638	9054
333	7871
9979	5084
9069	5648
4754	4381
4283	4870
72	8698
4836	4214
4810	5224
1474	2324
8367	1774
3489	8773
5381	4297
5493	4562
2348	4734
7702	725
4499	7711
8349	7609
1806	2838
5456	4464
2020	1378
6852	4694
1046	2148
5511	4049
6840	1972
7543	2987
5100	5716
3125	4467
5259	8457
5953	9935
3582	82
7923	9249
3442	9028
1708	833
8880	8204
3061	7080
1395	6417
7015	4317
1253	9834
505	5658
9991	7226
2822	3135
6511	9501
5821	566
5126	7738
7556	299
5108	7431
2637	2590
6708	7483
9039	8233
1507	5855
9402	6214
6678	9448
4190	5378
1611	6548
3458	4739
1285	1514
4608	2388
6949	8311
6053	4650
3841	4612
3569	6408
5341	8252
619	1500
730	2276
9962	438
2672	8873
5716	5734
4790	403
6318	3128
5906	2257
4278	4476
2779	4644
9432	3661
5532	5712
1047	6297
1850	4493
7656	745
3859	520
8452	5870
3294	2100
21	4543
5791	5860
5470	1756
5962	2075
3695	7140
3419	9466
439	818
7548	3225
8724	4577
4698	1623
8266	3774
4454	8336
7618	5272
5812	5695
8860	5534
2611	8977
1897	6341
1720	8454
3300	547
6059	5956
178	3811
6931	6665
2827	6308
4814	5206
245	9346
3095	9208
866	3453
2141	6820
2799	2461
9511	6296
1133	9857
9019	1497
1533	4447
4149	1139
4497	2038
6215	7951
5525	3401
1880	8519
9725	4040
4323	3553
9423	1528
2991	7217
9807	4464
4565	4819
8284	9392
6140	4846
8418	7598
5879	8150
7530	4775
8667	9982
9553	4367
8176	5720
8284	4512
7015	5641
9465	9260
2731	1564
2470	6591
3125	4474
5814	1282
5762	1655
4815	379
6596	2082
8247	4216
4988	9270
5401	2429
3912	4370
9785	42
8005	7487
4371	2665
6336	396
8782	9063
2626	9663
5374	9340
8320	2284
9531	2932
8725	8083
4923	9995
5242	6232
1014	6310
2517	9240
9155	5816
873	4197
9080	881
8882	5135
9730	91
9710	3956
32	3255
2925	5075
2451	8153
2823	7228
5659	611
5128	3010
2894	8415
762	9576
3366	8380
5798	7727
5826	4876
2682	1069
9920	5810
3184	7632
1245	4225
2051	5417
5424	7715
9497	3344
4386	6789
6849	7426
8547	2350
9209	5757
8424	4672
1693	5576
7385	6177
1117	6196
5979	4373
9654	4978
7986	2089
2367	1136
7448	5440
988	9687
421	197
6253	4211
2610	1469
9312	8934
2504	9862
4985	3679
5214	1085
8792	8348
5264	3217
3785	9338
5887	7208
8127	4343
204	184
3000	5721
2931	2570
2116	6841
7980	3245
4094	8999
8513	813
2161	1085
2301	6482
6953	6869
6123	9090
6540	7361
4174	2279
7607	4286
1750	3641
3127	938
2045	4216
1386	9131
687	6471
6178	7161
1725	5931
2907	2042
6187	3840
3189	48
3242	6854
1232	8880
8866	1453
8256	4564
4090	2579
6847	7590
3896	1392
1782	3333
9119	1086
613	6724
7713	9156
875	5023
1463	9078
9623	9369
1319	8481
8819	4242
2385	2056
1405	9960
1265	6491
5391	635
5181	7618
8821	6228
1159	7783
7651	1481
6764	938
355	4933
9785	262
3575	9783
6723	5513
3274	2923
4404	6921
8082	4032
525	4800
3886	4013
8631	1036
9763	2871
4211	3779
7815	9177
635	5748
9324	3825
6538	644
7160	3942
5701	680
9712	936
6416	7470
624	7483
942	9679
9629	1517
539	2893
3183	4048
7610	966
6010	770
5314	2526
1768	7853
1707	4674
3591	7205
8245	6247
4202	9117
9578	8975
4776	5483
2769	4925
7145	2155
3209	746
5299	1301
5680	3326
4794	2550
7375	1770
9842	904
6737	8080
7925	8232
4123	5093
2434	4392
8475	9262
8092	5955
8854	6307
4002	7212
9214	3577
7709	7919
7339	7332
6415	4760
1136	7101
8617	604
6364	6481
6918	507
2123	5262
2220	2570
5989	874
8282	8547
6567	3233
7895	3483
7784	8806
1829	3445
40	8421
5846	9943
6100	1719
7810	249
7922	686
2748	7028
5265	4970
1167	5469
7620	6778
5590	3950
9300	2310
5562	5046
8977	7020
4434	3831
6434	3105
442	19
195	9039
3044	9022
816	166
8145	2213
167	901
8295	3663
7868	7383
9468	4768
7579	1214
3778	553
9042	776
9998	9719
2964	8559
3084	100
8792	4866
1734	9531
5727	8090
9655	4087
9415	2017
7016	9809
8641	4801
7212	4741
8049	3642
6343	9852
7827	8347
7324	1684
3418	421
8745	8524
7160	1327
7891	3751
8699	1745
5413	8830
421	9688
502	5771
9617	4879
7943	41
7811	3132
1417	1001
3516	4163
118	9253
2054	2491
7083	5945
806	7179
1532	7672
9990	8772
5950	686
3038	1896
4253	4220
7101	9689
9201	343
5849	5966
2972	1933
4094	2558
4142	3610
4300	5612
9933	322
71	6834
472	4717
968	3422
4145	7460
2489	224
9514	7468
4502	6924
899	8432
6310	566
766	2541
3325	1705
5406	9528
8811	7898
6004	7861
8016	4018
4218	8441
1427	6883
5997	9819
1183	1401
4872	5948
3936	3880
1755	5621
9690	9244
2647	7527
7852	1579
4263	7206
3287	55
6667	6864
6298	8858
6084	8400
4714	2055
6260	7739
1692	2200
3842	8492
1336	1357
422	5202
2099	3670
9745	9197
371	6749
7559	8261
9092	2618
7769	5604
1373	1502
7004	838
7985	1160
7311	4634
5138	8849
6348	248
4933	3749
5165	8514
7268	5558
5999	5116
4605	9950
880	2244
2214	1122
8068	4629
3762	1844
1554	2321
1552	6785
4414	1465
7656	6781
2479	4183
6408	4608
9853	6058
3247	5479
3649	6865
7607	4464
6041	849
429	573
1252	8495
9640	9024
3679	4499
2977	122
7296	968
7240	482
7183	4253
9155	2357
7276	1531
270	2314
6738	7068
7671	2334
2891	7531
6306	6014
7251	9482
1218	2464
6677	6378
232	9618
6019	1072
9529	962
9428	5925
6341	907
3924	7082
8238	8096
3934	9592
8317	5892
2	490
3715	9267
7885	4331
7277	5045
2794	5290
2131	4692
2820	9397
2346	3499
4929	7500
8883	2577
8115	9671
66	3942
1146	6787
7194	7222
800	7034
3239	8536
3300	8068
5323	9061
609	6748
7421	2664
7198	6793
8096	1424
1040	1590
7913	4147
9577	3327
5878	1174
790	6108
9379	7383
6813	2877
6927	3279
2809	9582
6271	4150
6106	6066
9962	7806
9553	7737
5227	942
8275	4766
4326	9544
6282	4761
35	6674
9545	953
6431	7872
9157	553
2402	5922
6499	5429
2853	4669
8057	9953
8893	5279
8528	6784
3814	6654
4512	3690
6518	5119
5555	6019
281	1275
7268	7001
6688	9520
9380	2888
9908	5535
1309	4311
6640	4343
2535	336
4125	5196
1614	3698
4758	4180
1439	5568
5876	1046
9047	4885
5298	4021
2190	4568
5219	6093
5861	8018
7300	5245
9334	2489
2826	7070
4344	2797
3586	54
1540	3886
2573	275
123	8310
6755	7451
4028	6331
4924	6926
760	3025
1821	2666
8446	3135
8908	2413
7094	6203
5488	3328
9333	891
3344	2876
8124	8086
8017	9372
9958	2796
5594	1137
2688	2737
3509	2943
8573	9474
7719	9124
1412	3251
1147	6255
2269	8798
7250	7750
5225	2265
9688	9709
8553	4898
6851	4303
7040	5855
2045	9468
6696	5355
8259	3600
4477	9021
1238	1544
7817	6280
6409	1468
3746	438
5591	7687
1025	3039
6676	6628
7903	1864
8095	2490
3937	2084
5123	361
5253	490
4219	4121
1903	1009
9706	6863
6327	9514
4375	8675
2782	7688
8877	1764
3195	1729
1858	7441
3855	2168
2542	4067
4014	1276
8585	6317
9046	7007
6239	9726
306	8143
6140	380
9285	1980
5443	1662
4878	4083
9365	4845
2603	3874
8906	6604
5502	1787
6886	4874
987	4400
2556	4110
5418	7681
5092	9912
7345	9537
4532	7345
3853	3931
9387	261
2589	1128
1448	7823
5993	2123
598	8751
171	3584
6602	9814
617	2344
3454	2340
8701	1623
844	9738
1357	4534
1149	5188
7989	5431
7460	2856
6734	5763
5992	4395
9056	455
5875	6920
1054	1626
919	3879
2550	2137
6973	5611
1247	5422
2931	3550
3104	3872
3812	5331
3303	5580
1945	715
3601	6856
1527	9127
6373	8193
3884	862
9768	2074
2479	21
7907	5447
9755	4865
6579	8938
9581	2071
6285	8578
3852	5670
6993	1430
1451	2901
4142	3736
3363	7398
7403	9519
9022	2243
6026	3692
4019	350
8206	9458
9787	7528
742	7989
1879	5510
3760	7634
4001	6599
2662	6058
3351	597
2197	3220
4384	7817
564	1939
3210	5555
7119	9536
9541	5403
3268	5475
5428	5148
8888	6152
7771	7261
470	1264
777	1110
2906	835
3077	5754
9460	463
8972	8727
9210	5823
6797	364
4593	48
6844	3540
9248	9948
2007	8133
6570	4286
3702	7055
6602	4300
3134	5436
101	1361
5593	9430
2803	4906
6322	670
2394	2575
6288	6171
5714	9176
7155	1303
1279	9856
563	3588
5591	6568
6283	2828
2447	9680
3854	4748
6740	8700
4336	8660
8273	9216
6375	6346
3455	2631
7270	4956
5140	6320
9957	5951
1321	6045
4674	5835
6939	7101
4408	4665
9947	1301
6989	1831
6212	4280
9902	6558
5704	2565
2638	2562
1714	6634
5878	779
701	2504
338	2505
5619	5309
8515	8756
1050	7017
4266	2473
7815	583
4825	9198
3313	1139
6222	9956
1216	4438
6124	5233
6756	2938
123	8569
7926	2250
7902	1198
2151	9976
4222	7662
3615	7013
8611	2419
9476	6251
5319	9566
7326	3082
9488	381
6470	5783
6774	8871
9078	9189
5209	8759
6928	5051
3682	4174
2499	1352
3538	1380
4975	5218
6066	4681
3200	8125
1747	7179
3888	380
9311	152
425	8325
8706	2534
5084	9005
7020	8476
5519	4607
6615	1543
2791	4706
3692	1336
4690	3767
9929	6826
2164	3331
5156	9155
3449	5435
616	3477
9458	4798
9251	4588
2354	5250
6570	6240
7701	6330
8556	9240
2155	7860
7315	6159
1823	6108
6514	9505
618	8220
1007	2075
1115	7437
3026	4499
3488	2454
7960	9327
3821	7608
4709	7002
5179	5056
6133	8
4545	4299
4846	9692
4393	9860
6320	6898
4150	586
1783	2570
6208	997
5147	3478
8443	8912
7353	5290
2103	1218
3197	3
8618	7469
2598	2360
7594	9525
7296	954
6015	2897
8356	3643
218	6954
9324	2467
3196	9069
2257	5342
3713	7140
7075	2759
1333	2538
6856	1460
4979	6334
4443	1515
2959	2249
2439	8467
4421	1841
6778	8579
8790	7671
5824	4105
9608	3287
9201	5525
9291	8242
6772	1378
6496	9643
3684	8521
7908	2949
6590	3256
8590	7226
6803	8890
1589	3718
871	1309
304	1287
5050	9540
5467	1480
340	8193
6596	1656
9781	7988
6379	3386
3460	8481
2294	7921
5623	2376
3367	3561
7624	4236
3488	8500
7029	1240
4374	4742
3762	8982
1501	8215
2548	5358
4856	943
9427	9756
6977	3125
8257	3321
2566	7257
7766	2394
4006	3198
2874	8703
257	5228
3275	8872
3439	4247
8928	63
1061	6600
1707	1683
6576	4641
5911	3110
7269	1951
8333	3042
1610	3943
3879	4738
2370	6906
764	5628
1929	1692
7415	8254
3820	9301
9643	3881
2366	4367
2589	7497
9856	3340
5817	993
9094	6169
5674	8647
1833	735
4860	1621
2467	1054
7214	9714
1966	7133
2218	1637
5844	273
7527	7841
4783	6457
2620	3467
5303	8083
2368	5524
3754	5090
1141	1472
9285	8442
5466	3460
1258	4015
316	3944
4724	7498
2075	7821
533	6011
3806	2897
3804	2978
6242	2185
8219	8756
902	8618
4002	4511
444	4192
3549	8540
9771	121
2785	7402
9663	5446
8000	6001
9549	2074
4393	7630
978	1569
3067	1293
5426	3647
5423	6625
8683	1720
1785	8537
1628	6642
2144	1417
2543	3706
9468	9492
6646	6414
3335	9614
6794	4489
7223	5261
2808	7318
7644	691
441	411
4760	90
3252	5639
1350	8154
3054	5691
1392	560
9261	4104
2880	2756
5628	2404
2285	8187
3834	9714
9954	3011
9744	1089
1628	9107
1721	4302
3480	5334
695	8247
9397	505
2260	9043
9336	3089
6622	7704
9134	1018
2601	8378
7157	566
4981	9461
3101	8757
2296	8194
3495	8043
7556	4158
8015	5169
137	2547
5319	3000
6649	4877
9696	2080
4036	97
5631	6056
4371	2597
6966	5793
7660	5568
6746	8363
1480	782
6384	982
7091	1619
1765	9649
2466	3513
647	2865
181	3339
5163	9680
7557	1588
4259	2225
9560	6980
5515	1734
4179	528
4582	1041
9610	1885
4887	4072
5926	18
5212	8858
9064	5673
5831	5041
9334	320
6531	3774
9180	9275
8499	3804
5039	7728
7481	8438
5909	811
7628	9495
3643	2946
2126	5238
1571	5531
3822	6577
5962	129
1013	6802
7911	2324
7520	7808
7078	9453
7926	7011
5941	3427
2831	8532
778	6641
7695	7185
8315	2407
6987	8066
8736	2862
6815	6495
5182	1203
889	638
6951	4618
3710	476
6204	9376
8590	4896
2136	4627
5381	634
813	5622
8991	8749
3217	7385
5296	1651
2912	2353
5062	3341
4711	6301
3122	3227
3743	4460
9368	9888
6650	9636
948	615
6343	440
4952	6304
7674	4492
9319	5252
2813	7701
9730	8840
9764	9203
3843	8658
3026	5261
5387	4063
9773	9493
9979	7478
9133	3508
1019	7242
146	862
5216	3736
9773	5761
8112	590
5663	7932
7073	1155
1481	2369
5982	6451
844	731
7913	1019
2567	1022
112	4226
5932	9426
7454	9549
6625	6931
1065	542
1907	8411
3410	7182
93	1224
4016	7496
9610	2783
3861	7530
6206	387
407	911
5973	8970
2649	3389
4573	7365
2935	3323
5084	6874
9416	5725
2469	3079
9528	3445
4710	8013
8615	5340
530	9779
1146	3777
8542	4994
9086	9321
109	4938
8040	4180
3062	7708
2182	5282
4505	6217
1451	700
3379	7227
6114	2148
5347	6320
6496	1415
973	9328
7156	9705
7719	9194
3557	494
7934	9356
2133	7364
4180	692
1707	5240
4659	9803
3115	5617
8547	420
5447	6860
8876	4600
4218	1531
9603	3560
870	4125
9462	9143
3997	2879
2459	569
6493	1094
145	3634
4220	6461
1309	5202
6026	7468
5711	4314
6520	4476
6704	807
9694	5452
6828	6607
634	6216
6155	8507
7850	4592
9340	1857
5254	8454
1505	1394
9815	7630
8639	8746
2821	5237
2926	4399
2147	984
7554	146
7320	5649
976	2602
8896	8760
6697	4342
1816	2278
9676	6708
4064	7426
5727	3853
1262	3311
3253	7569
6668	6
4227	3997
5545	9479
7774	45
1660	4720
2556	554
2563	2512
9681	1348
1289	780
9605	7924
82	9848
8161	3194
5489	6244
3639	803
8348	4914
4820	7923
2137	2447
2221	2930
1058	414
2140	7238
5884	704
5174	7773
1281	5098
2318	2674
3905	3012
7820	9782
4818	8248
7824	1818
6578	8489
1067	1770
9248	9685
3274	2921
3268	2815
9258	6757
8831	1903
377	373
7229	3988
137	6642
3351	612
1400	3857
5362	9529
5374	1085
8481	3906
1098	9507
6003	5214
6661	4946
8316	7502
9183	3057
9472	4932
747	4299
1380	5099
477	7753
5314	2215
1750	9933
1352	7879
2864	3139
9736	6339
2122	8207
6548	1771
8206	4520
2442	3512
2409	9089
7187	1405
5982	887
695	3310
4920	5269
8111	8895
3813	3119
5913	6068
4162	3548
4869	8912
453	3497
9259	7087
3100	3190
5326	9161
8426	7732
3717	6278
4737	4739
8205	3788
7328	2482
763	9024
5733	95
4722	1528
8434	806
8067	3437
7199	4240
7041	4079
727	4334
4127	5694
3280	2502
8356	7349
7352	5428
9067	9356
9594	9714
618	7822
9964	32
9839	6418
4808	57
4285	1248
2167	2610
7534	7449
6576	5335
6895	4915
6904	1400
307	4294
8960	5726
5300	3001
3926	7650
4634	7146
8710	5561
5212	2803
4659	8056
5036	6583
5783	8197
9659	9854
5898	1307
2629	7476
8446	9771
1633	8808
233	4368
8002	2371
4445	8787
8626	4385
1215	3106
3313	6903
4213	7781
3094	3184
5508	2525
5310	2990
1146	5340
9448	5066
9211	5542
1797	7469
4028	5089
6879	807
4358	1094
3174	2834
5871	7235
2077	6912
8232	514
6146	7816
3027	2924
2574	5994
442	5935
7934	5433
4679	4964
2775	5665
4601	1457
8561	2270
6164	6376
9914	187
2570	7179
2675	660
4196	1994
5109	3286
3763	8724
1793	6926
8026	8238
3114	8507
1177	764
9735	4531
7466	3890
8716	6285
6512	8999
5689	3630
2384	3808
1434	1971
8371	1080
5233	2058
4937	634
7884	6339
6419	8059
3113	3185
7279	9165
4248	323
270	8605
3998	7249
6649	10
1568	6640
5403	9518
9900	8682
3106	4110
7660	308
5864	8946
5215	2713
829	4380
538	1733
3572	3058
717	60
5056	2587
8086	9932
6685	6793
9011	7888
750	3974
996	333
2441	7976
1447	7147
4783	4647
7492	4389
7905	1681
3572	9110
926	2572
8893	5828
2472	1856
5412	6374
589	4329
5164	600
689	4206
5861	26
3214	123
8492	805
2306	5547
4452	8514
613	1765
7410	1547
8348	2952
5023	648
4554	5600
8115	378
6868	3068
1814	5503
5038	4378
1312	9488
2368	6164
9892	4938
7786	9214
5356	7836
7057	1774
6882	2827
253	6059
1052	803
5420	9436
7964	4892
4611	1671
2921	6561
1638	3706
7711	528
8944	1196
8345	3977
5009	4344
8748	6758
8749	4639
7175	4645
5255	4266
4706	8647
1438	326
6884	2811
9410	908
8839	2937
3553	9313
6301	6977
6066	2909
2024	1758
1267	2218
9763	5334
8272	6911
3463	7871
7510	1904
8773	3182
3766	1767
5564	9782
433	8889
3962	1306
7910	4348
4228	7051
91	1391
7257	638
7455	3563
7262	7983
5393	7950
3706	9156
949	1700
2791	2539
2279	3476
7012	5453
1052	8369
1797	1684
6501	9493
197	8888
5734	8365
8804	2084
3956	5121
2931	531
3374	463
7582	895
1644	4111
9660	4384
9572	8093
1666	2483
9797	2024
5223	7530
2434	7591
4292	4982
99	4711
5954	9370
2351	5294
632	542
6794	3731
5816	1271
5822	8960
5714	1372
7618	9257
3401	4267
5801	2758
7895	8901
3304	1572
5557	6472
2486	865
2926	5308
1658	3853
5727	3744
3277	7445
8582	1961
5203	489
9885	6397
2973	1283
2704	8083
1309	3997
7305	7507
1602	165
5211	8166
6817	3551
7195	6259
7960	8632
4690	2392
3099	2923
516	4174
149	8652
1580	1404
7676	4399
708	3767
5645	4936
5166	2405
4240	4301
6154	3454
7551	1608
4333	2970
3014	9996
6405	2765
515	3496
2478	708
9532	4389
6320	4038
1509	1946
4380	6667
8567	9188
1693	2418
1121	6713
6277	4941
322	3049
9274	5844
7269	5215
6334	4036
5160	1605
7470	3868
7349	1602
6707	8437
3675	2835
9374	5846
9338	9203
477	5241
8003	8713
9969	1117
827	5931
6348	4630
40	343
5767	6874
3458	9828
1727	3676
1434	6713
930	8360
6073	8914
3154	6501
2517	4423
9468	4413
4937	324
943	2132
3375	1150
8565	5378
2852	8423
4480	1132
5864	820
6427	5672
5247	28
2473	6676
7455	7933
8279	7549
2394	9502
9506	7856
1108	3339
8949	9943
1866	7658
2899	1638
694	8909
6745	9757
1850	5845
9123	5330
6847	2253
4706	3519
1790	9254
45	2442
1559	1121
158	9018
13	4878
8200	3729
1922	975
2891	5370
2804	4424
5444	5622
3250	8115
1400	3658
441	7132
4290	3688
6068	1051
7456	2699
3922	7970
8475	1564
5694	9431
1353	2634
1160	3303
4861	2723
1596	7743
4626	959
7655	4188
7895	4731
2515	579
9474	8909
6019	7141
6500	321
1304	2338
4696	1385
5359	1233
517	4392
6083	226
8112	4449
2905	2170
235	1261
4632	9737
7450	3455
7072	2539
2249	7373
882	2893
6755	8604
4786	5769
7723	2340
6162	9741
5007	9585
485	8597
4089	2863
3787	9996
1948	6918
8797	7035
6156	123
2539	3668
6257	6557
1071	7861
4306	3702
5773	6424
9254	5601
3607	9149
2445	6458
5598	4766
4938	7063
4094	5186
9374	3237
6545	6445
3555	382
6030	1844
3048	431
4880	3489
3947	6095
5523	7511
9835	1482
1787	2474
3625	6775
8539	58
3174	3577
2167	2035
7354	1783
7227	922
6850	5167
8143	2016
4304	2419
2959	9412
2675	1617
2802	1325
5114	1370
5603	9960
2454	1651
8348	1955
979	6645
5933	1790
1431	4972
4030	2479
1423	805
1849	6261
156	6013
4773	6432
9106	2494
2196	2111
1148	4711
1695	2749
6354	8888
6990	9740
4442	4742
9470	933
6593	9376
9964	6909
2290	7235
5114	6030
7490	4921
7887	7119
4827	1647
100	3130
6736	6971
9112	3927
9405	628
7030	9558
5630	2485
1735	7927
4482	9996
9662	8686
6580	978
4929	9976
3023	123
4914	847
6395	7618
7996	1975
706	1742
7877	5509
6706	5621
921	2769
1842	9931
7351	5836
9691	2986
7937	2822
3320	1902
6120	2721
8206	4308
4107	2680
3569	7031
8584	6965
6378	5491
4688	3725
4029	5825
7345	2180
7177	1108
3316	6032
6639	7395
163	8592
2866	9259
7561	5872
4467	5789
6598	3270
8164	3861
6162	890
7603	8347
3072	7108
7074	2119
7071	6185
7128	3630
7362	6647
1386	6859
3858	888
6801	1384
548	4680
232	9726
4476	2939
1161	3068
4114	620
136	9757
3136	395
8726	8497
1875	5301
5823	5705
4823	2788
4752	8251
9787	5139
5079	1570
8102	6990
1720	7077
4197	6232
1075	8081
5446	1141
9266	5039
5519	617
9767	2745
4929	7919
1670	2668
724	4639
5872	7434
7141	748
3191	8257
9657	3876
381	7876
3947	1365
5484	2056
4775	641
7560	4118
2402	2295
6987	5291
1964	4286
5696	9440
8170	4786
9222	8136
1695	3560
7941	5521
956	7395
517	5773
5086	8744
6578	2617
390	3193
2260	299
7278	7076
9450	4197
5770	5814
313	8021
9765	6634
3792	3656
9586	4383
5313	7382
1907	6027
6827	890
3565	6482
7887	1485
4150	5556
5284	1961
7820	706
5488	3380
9876	7613
7333	1399
7645	9704
1742	1829
2254	4096
456	873
7225	3084
2509	2401
8785	9843
2017	2577
1844	4531
3883	6407
7262	3173
3618	8983
2011	2063
5691	1101
3897	7392
3901	8052
3372	1872
9252	6678
7245	8468
4013	7175
6658	2142
5879	6956
6293	6262
541	2524
2611	8896
7369	6513
4088	7196
1110	1886
4954	6846
178	9306
5538	5301
4661	3575
5260	1890
1425	2839
6776	8347
3793	659
4348	446
4056	4350
663	7551
1022	1604
9387	395
3123	4653
6937	8123
8257	7159
8605	2597
9312	5859
7995	8836
2298	3972
4811	471
4801	3943
2532	4259
7553	3041
6177	4748
6363	8901
1705	1533
5571	4805
8732	6092
5518	2015
2537	8959
9231	566
9637	3352
889	3888
1936	8886
239	3933
5670	5889
8433	3014
3994	4570
232	2917
7570	9806
1279	9912
9316	7407
8955	9875
5256	5115
7208	1233
6918	8310
6466	3495
6586	2018
9564	7734
6936	6088
5194	5666
5949	5270
9826	2673
4430	4441
7501	315
6515	8047
4607	7802
468	859
2698	4870
8676	4820
1152	8211
5734	9049
5241	6185
9033	43
9462	223
1760	3854
350	2362
1804	1133
5887	1279
3024	1163
5041	784
2691	8544
4995	6084
3384	5771
317	9903
6797	6860
1425	3112
869	6187
1299	6778
237	677
3059	973
4120	1250
3310	1358
9059	2531
2831	5714
8708	2274
2324	9876
9062	5328
7923	4094
3972	5563
3894	1162
3801	5596
9289	3999
9574	1861
8528	6890
9454	7799
3788	6133
7320	5974
9271	1187
95	1066
6767	1382
860	2353
1633	9479
5887	472
92	1636
725	1080
1704	6160
9777	3567
665	2243
8634	447
1747	7341
4192	2085
6557	500
3670	4733
4524	8398
6788	3158
6745	9616
6054	1656
3176	5923
7889	54
2662	2626
5712	8726
9484	2286
2307	8227
671	9788
8734	401
1952	9067
2942	5503
4843	1463
1142	8402
2791	7286
4153	9661
350	8017
5284	518
3969	6655
4665	9619
7803	4856
2139	9994
4515	8305
2132	7986
773	2790
8376	2408
9594	5860
7539	7472
3630	9911
6960	9523
126	2425
4679	8639
5963	2694
9890	1720
2560	9968
2318	300
9610	2657
5667	3499
4371	4896
9788	381
3471	938
7627	1451
8534	9288
3403	7564
2299	4649
2303	5582
7825	6361
2645	1814
9093	6117
207	2754
4822	1610
3735	6769
328	4078
539	8217
3001	1087
2567	6612
4367	850
8057	1871
3664	1112
4729	4656
7330	6367
3777	6806
5789	8573
8343	5580
3477	7799
4963	9842
8655	9295
4638	4137
9567	4658
5581	8358
1042	3873
1742	5769
5646	2498
9846	5088
1130	9112
7098	2039
9754	7955
1793	7084
818	936
1224	3590
2090	4996
2117	2305
6040	5438
1478	3685
5207	2374
8775	8878
8009	1302
5921	4995
4715	9112
56	5867
8018	972
6035	2982
4420	7168
2401	9780
4730	5480
9740	62
7998	2799
995	9663
9330	5660
3564	7424
4891	25
5900	6364
3364	3328
8917	56
9407	8023
9926	7765
2489	7109
6220	7205
1470	876
6332	3003
5061	1335
3567	3854
8637	9744
2265	5378
345	9558
9089	652
5856	5938
4789	1302
9232	6161
2841	7345
4278	459
1708	7302
3052	7606
9058	8833
5422	7988
9169	5049
2121	6144
5315	4888
6707	4729
3302	262
9668	7828
3692	5224
3629	6874
9304	4599
1820	144
2439	1685
3428	6110
6691	7107
3239	6359
8438	6529
1080	5826
3432	6316
4702	1023
4624	6764
3128	8234
2929	4088
5515	1404
4217	2416
1095	6883
9006	5193
7834	7252
1976	885
4312	751
3413	7783
5686	17
5671	6272
62	2316
2572	4079
3683	5920
3028	448
113	1921
7625	4716
2524	8425
6989	7131
2849	7771
459	1050
6277	6700
7579	1753
9286	1588
3922	7725
2341	3072
6835	4559
3040	4055
8286	600
2046	1565
1932	4877
776	350
683	904
4182	7328
8873	3552
2393	7175
6003	1714
5119	6015
6495	9704
7766	483
6688	4993
6387	423
888	6149
4392	8059
4053	2215
7589	2650
4219	2633
1718	7062
3964	1056
2619	873
8789	4189
4304	8593
9027	8283
9711	4405
6583	5491
8401	7516
1213	7616
2668	1884
516	8761
2993	4693
3004	9309
6288	9346
7603	4377
2866	4790
9385	506
7473	207
7245	7582
4166	3448
4999	8564
5430	128
3848	2832
6679	7472
5716	9869
819	4104
2944	7720
8560	1756
4107	7262
3633	3113
6978	10
6411	374
9700	2814
4001	6343
372	5141
4471	352
7541	7844
5880	3349
9202	8951
7970	1886
8290	2062
6392	2799
8364	9257
9246	1887
8246	6791
8159	4952
6591	6784
5770	632
6104	3240
8758	759
4719	8803
3705	8093
3568	8341
1202	637
2679	8653
7534	3625
7089	1479
2309	5771
5474	4805
7360	2118
1638	5518
9743	5254
7598	969
9663	9368
4184	5760
7407	1269
7630	2527
7268	5577
3322	6989
5380	2318
5594	3206
980	4866
1321	1231
3824	3288
1072	5452
1663	2958
2924	8257
5046	1932
9494	4455
6772	3943
4591	7577
6169	6146
8105	3343
9585	4683
8679	5165
9390	8111
1202	6856
5956	9012
1034	154
1552	1046
506	5584
4140	1411
7973	3840
4726	9806
7261	4967
3564	9040
9233	3286
4795	77
5326	996
9388	1058
6312	1708
5138	8957
8253	5435
381	2340
1088	5890
5250	9933
428	5675
1191	8800
5254	5110
3535	6868
6231	8484
3973	4749
3634	9386
1505	2676
7625	6856
8071	9828
2124	7695
1439	9656
5412	2095
9531	501
6629	433
7191	7497
9702	7232
4919	1298
3712	6007
4291	1725
9420	7882
524	7401
4422	9603
1561	9089
576	2569
6506	2291
8708	4392
6889	6107
2528	6073
2867	1817
9426	4204
5966	9148
3226	5300
568	3215
7431	6941
6807	4455
9187	8976
4781	7988
7833	1224
2883	6872
3387	8214
6752	3390
1490	164
5093	370
8234	5628
8882	5341
7495	6192
5272	7121
8341	9099
9219	6867
9934	2426
2473	5767
9114	1311
8672	7274
6921	3479
6817	2487
6618	4758
7431	797
6465	5703
879	5651
356	1437
3837	7844
4838	5319
4261	9787
6077	5387
4638	3567
8229	1406
7395	5591
4761	4138
3739	9190
6205	6978
5694	7771
685	7763
371	4334
5352	6202
2390	2901
6899	4739
8217	9463
6042	6475
2715	9268
9641	6473
7445	2679
6978	5922
6048	9805
8230	3972
2777	4683
5935	2101
9491	8973
7364	7134
7850	8467
1709	8564
652	5436
5534	3538
1338	2290
5626	8237
9635	6101
6512	7607
4523	9705
5329	541
9172	7614
4124	1583
9471	1332
6598	7281
451	211
7307	4184
2126	6149
7642	7936
7945	7930
5360	4708
7455	1938
8445	7067
1933	1037
9999	4998
2859	7162
9314	6671
549	6508
7696	6616
6903	2271
5756	600
3579	572
5693	7473
1383	2965
9763	2225
9486	5737
7005	143
2235	5394
8372	6723
1698	6758
517	6409
8933	7179
7514	7647
2309	6012
9155	4587
5756	8115
2307	334
9386	7288
682	4115
2811	1105
9852	8081
8549	4544
3778	5214
8586	3753
9517	646
3455	371
9151	4936
3606	4647
8437	2578
2926	9123
7559	8533
6571	5965
3011	5852
39	4991
4893	2602
1495	4957
8691	2141
2226	565
5302	2755
9329	6583
9981	3187
4412	1756
3406	5063
6263	9425
6219	3981
1007	8401
357	619
4370	5717
1939	4803
6788	7919
8831	70
2434	74
6947	3339
1769	7848
8229	9755
9143	4595
1909	7093
7763	758
669	163
9641	4081
6765	9481
328	5272
4841	6974
525	5742
7713	4309
7650	8802
8527	8338
2247	8045
7630	6391
9295	5041
2177	9458
4669	7500
7988	9942
6341	4522
786	6509
3495	1070
7136	9872
7044	547
5752	875
8308	5267
4042	2008
9686	4328
2946	1680
9936	3292
3244	819
4434	6785
7343	5422
1969	6157
406	3799
1878	4005
2081	326
1102	8487
4634	2159
9795	1739
4440	4843
9480	4944
6244	7383
9965	7015
7183	4059
9811	6296
5950	4534
629	2496
4171	7516
3251	7308
5296	7357
285	1798
7245	1757
9029	5249
6369	3469
8969	2916
7770	4283
8292	775
7769	833
8960	182
5608	8835
8090	6556
5213	6225
5354	2049
147	9945
8363	451
7993	3970
8304	3350
2265	6790
6307	6472
5143	5989
5175	8826
4694	564
2201	4712
7778	5834
8068	8411
5165	6243
4871	8589
5636	1768
7347	2037
3857	7102
4400	8766
9057	8283
1853	6246
3488	2333
1725	8974
1821	6015
1108	3724
7753	6468
2534	6693
8622	6932
7182	8827
2194	8479
5054	1959
5332	9703
4580	8617
1626	4065
689	8
1290	2003
4459	126
6882	1033
9722	2491
8821	2171
8977	9964
5400	5303
704	4602
5320	935
4915	4775
9971	9234
5457	3630
1312	1254
7186	9025
4058	9570
8973	8320
2057	8293
814	1832
4942	4982
4438	2250
2387	3330
476	2892
3346	8185
3527	5899
5747	4468
3796	8267
3696	8953
5429	6341
6667	2446
5077	8584
3119	3996
9715	7754
7020	7763
1427	1185
8812	4717
6641	4156
6534	3883
5753	6033
6570	2580
2508	7993
1957	7947
6157	9528
5549	7362
1519	1457
3290	2716
6	7249
249	7715
4816	6824
7330	5645
1528	3810
7542	6794
2105	2504
335	7931
4804	5678
2848	3077
3442	4579
3746	964
6602	1346
3811	8931
5966	7101
3805	7226
3598	5949
443	3134
9302	255
3103	3513
2599	4922
6011	575
8067	6952
1983	3780
3377	5750
5572	3446
8721	4028
8369	2806
9679	9738
2909	2108
6630	7747
2606	3405
6999	2097
9434	1091
1231	8970
9912	4750
4453	7435
7982	7389
9111	5689
6938	5944
7935	8823
1569	179
3406	846
2086	4384
6025	9700
2270	49
7279	2119
3505	3068
9771	6590
1327	9267
3554	7471
3763	442
1853	5223
5082	2961
8506	3539
817	9058
3876	1760
7202	3347
239	9162
3440	6111
2329	4927
9481	5386
6525	1632
9159	9625
2705	5151
9237	3640
6800	6169
2736	7160
6440	1676
3434	1796
4634	8695
6200	311
1497	9749
7510	4809
6538	4222
4585	9981
203	249
6495	8850
3407	6217
312	6161
8052	4042
8276	2016
4321	1192
5594	7624
7181	625
5695	3565
5321	2656
5794	401
6917	8007
8058	3629
8164	1545
1266	6873
2193	20
7134	55
4051	4391
4205	9274
5804	333
5438	7521
2346	8546
7872	4253
5009	2711
4494	1636
1894	3689
7898	1037
8939	3104
2377	7601
7123	4456
9496	8880
2136	5218
7223	9494
9576	6196
3031	7610
9511	9565
832	4406
7198	8724
8649	7408
6727	6836
5852	9475
2157	1974
4226	8542
7538	8854
1429	8244
8161	8269
3653	4794
7583	8011
6323	7543
437	18
2477	4954
7994	8984
1095	5292
126	8531
5359	8296
8547	4865
727	1611
2661	6544
1531	1402
7860	1849
4670	9675
1331	1350
8522	6687
2102	8718
6822	4426
1254	6455
8338	8957
8113	8738
9209	7261
905	2195
2352	1429
5775	1692
1647	2951
31	7065
2168	8163
3010	1123
982	7223
5570	2011
4815	7094
3668	4299
7621	3941
9947	7515
2538	7334
4396	282
5287	7457
7305	741
5063	251
8420	584
1479	4938
7793	828
4938	4345
484	8646
8239	7005
4575	2892
1040	2044
745	3165
1601	771
9931	9864
2840	5483
3168	1800
8600	7309
5257	9796
6941	9712
9131	5605
9128	8195
5847	4568
489	6958
8911	8858
4216	4300
4703	4273
8031	1066
4366	7090
1537	5502
6578	9676
2718	2390
1316	6977
8658	8605
6974	135
7514	3947
3034	6558
495	8761
1682	6406
8839	1689
2478	5171
6189	3507
672	592
6802	3857
9384	4343
9956	6771
5895	4273
2745	9343
678	4032
3174	281
7685	2149
2161	6444
1399	5065
3703	4109
6091	5341
8933	9540
1306	8686
2697	9754
7204	4532
9834	8782
744	6732
1279	4743
8971	3913
2430	5277
423	2149
7230	8747
4691	1637
789	1324
7046	5669
6312	4604
2153	9413
2025	5682
6633	7619
6631	118
8255	8465
6019	6375
1443	3294
1803	4216
9412	9978
6194	5625
4778	2571
774	5843
7194	9188
7503	9794
6540	7645
1291	415
9364	5346
7355	5628
7097	4485
231	6091
7426	9693
830	9722
4624	6737
779	5360
6537	3856
3515	1197
2390	2943
891	8683
771	7875
8892	1644
7369	1108
8184	5478
7664	6025
6278	4512
4977	5638
5430	4060
5802	1349
5813	8932
4772	7511
8487	4665
932	3887
7250	8328
7933	9883
1456	6062
1710	4695
7344	7425
1401	4638
7459	2375
6276	3872
5639	3490
6789	3517
8616	904
8431	7164
810	1464
6039	8389
2210	207
7793	1445
6820	3287
5095	6128
2169	3241
9455	716
5140	6200
2406	8815
9958	8684
8424	1092
6383	102
542	4390
1829	3767
4941	2847
6759	6360
7407	819
8173	5212
8545	1407
9880	4244
847	3562
1727	901
2143	9687
9191	568
2056	5642
4779	4417
1140	1396
3829	9013
365	6929
485	9360
7783	6172
3624	8695
1462	7217
5694	4625
6242	6048
299	2704
8633	7914
6800	67
1504	3305
3253	6182
8939	8635
756	7802
1203	2878
9709	3901
1167	8313
5277	5966
4235	3711
3081	5916
21	4364
4553	2481
3597	4369
5779	1795
9855	9340
9360	3051
10	6587
2662	6624
8582	4509
1018	643
1886	4568
40	5743
8624	3645
3907	5714
4466	6374
5051	4193
6487	7270
592	5228
4086	79
9962	4734
7545	935
5329	8733
5316	1716
1261	5994
9221	8893
969	794
4776	2523
3865	5912
7665	6902
1001	1754
436	5423
2121	7779
1756	6182
9213	9283
4061	3205
7328	9982
8376	2005
4406	1553
3126	4414
7209	6834
4775	263
1820	7223
94	3082
4074	5889
5465	3098
2341	797
2340	9214
3827	8665
2388	1698
4491	8876
6514	3322
7484	6533
3808	5797
8372	2457
4974	9769
9947	1158
6886	4249
1724	1897
3980	968
1157	8114
2515	1910
1824	5239
3474	6508
8167	4547
2280	196
7726	691
4372	6572
7087	8281
261	3268
3810	438
1135	126
4877	7442
2402	7276
7177	4027
6357	2153
6817	8190
8489	3618
5357	77
5780	551
9083	9130
9173	9708
8163	2346
1373	4818
9474	4033
476	473
3635	6172
4668	2028
5715	4453
3672	9633
9688	3289
4518	9745
7339	4983
3712	634
9921	889
1841	8038
1183	2927
4829	9364
4336	564
2302	3532
7936	7326
2729	3924
2618	6983
2336	8667
6221	5745
4762	6602
404	9656
4010	2498
1487	2458
8756	4413
6923	7550
2735	4073
8304	5754
2006	5045
9810	3036
2721	3529
6931	8688
4196	1202
6208	8245
7616	8891
8056	2733
2793	986
2673	9228
7084	4428
2250	2223
83	4867
3469	7294
2142	1875
2583	1794
976	8623
7278	671
2388	3882
3801	9409
1171	3151
927	9950
3300	8989
3851	3213
8072	4964
6609	2218
8146	2314
6624	384
3349	2682
8688	3137
5388	8104
8873	871
3098	9014
5853	1931
6968	8693
3753	5688
7337	1360
6253	1695
2270	4674
5604	941
6958	9688
9156	5081
1820	5073
8700	2160
1815	4863
3805	833
6072	2842
6943	4346
306	4766
2916	3918
7543	3449
1529	8504
2002	373
2681	902
2485	2083
3618	4628
2745	5341
1826	7638
130	9600
9649	4837
603	6353
369	5975
8437	2613
3049	1657
3345	2932
3193	8522
8190	9356
838	8816
4012	2436
5779	2350
52	1946
6476	26
5350	7911
8535	4102
3413	3488
6851	2029
956	4722
283	8246
5681	3186
5194	6331
9240	515
6035	1459
6077	9213
7349	7314
5542	110
4702	1040
5749	2263
4758	5946
3789	3591
1712	2868
7630	1027
8044	3651
751	7032
3282	4686
5407	9504
2262	6962
2068	7991
6822	1441
3956	2707
9434	7768
2500	8063
411	4027
904	150
8215	5264
5037	5658
7462	6710
615	4045
6693	9025
1665	3288
6433	6598
8074	5973
4186	4168
6401	6446
2517	3199
3989	6733
4071	5215
1973	5593
8802	4873
322	3749
8045	6657
8220	2574
2690	3870
2217	6248
7481	6836
6088	4598
727	1718
8339	8116
4832	6192
3902	9583
69	4919
6544	9214
4986	2678
527	9143
7177	9328
4456	1197
4010	6624
7226	6267
1260	4852
8345	2741
9443	3062
9703	5778
7580	649
5919	5966
3829	6545
7909	3210
9227	1832
7549	5496
5110	8140
4837	3140
7368	4851
1606	5471
9223	3747
9581	6609
1846	7286
6031	3569
1952	4145
6163	9921
4769	1545
7750	4315
6839	7242
1293	4932
1846	1195
919	8533
7784	8915
1134	4948
4339	1403
9193	2563
2898	6204
4026	7280
4304	6860
3445	6251
9053	6557
1395	8530
8048	5867
9514	9540
6396	5848
6298	2616
6079	9054
4890	4042
2817	618
3015	1369
7436	3857
7565	7320
5236	2688
1301	8900
137	7491
6595	7287
2873	9196
3692	3345
4102	1668
5989	3944
8401	6293
7372	1045
5314	7930
8639	7076
5234	3672
3444	7807
1165	6385
3694	1656
1245	9943
6554	3116
4237	7214
5860	7695
7900	7589
6806	9491
2331	9732
2170	5292
2077	6743
4907	4480
5789	1605
5010	5817
7797	9791
5751	6975
5711	8545
5137	4928
8395	6052
2441	2338
9105	1113
8300	9044
946	1165
8584	4573
2996	3122
4009	7972
1136	4620
2870	7651
7205	5848
6856	5192
5879	6540
5919	8732
3187	5820
4447	6006
5037	6311
4150	9600
3921	7577
8157	5022
2875	6735
5945	6799
2408	6745
3297	6212
7548	826
2449	2548
9416	657
704	4076
5168	4997
5261	2731
5315	6440
3077	891
4059	2824
131	5271
9633	2594
7299	6849
782	1240
4604	5398
6776	3000
7442	118
9381	4916
8428	2749
3097	8152
1374	136
2195	6153
1787	3628
8996	3532
8315	7427
8952	9879
1013	7489
538	4047
2625	7650
9382	4884
7495	7566
745	6450
8175	2907
9312	7656
1074	9619
9981	1312
8886	1516
8822	7404
1335	9760
1633	6915
9546	4572
9984	8707
8133	1817
6444	8543
1259	5925
792	4287
6601	2481
4517	8258
3864	9137
2597	4634
7548	5801
8135	51
1137	618
9232	5015
4989	678
9841	4433
7023	6672
3611	8027
8649	5500
123	8744
6208	178
8913	8096
4565	8075
6513	3589
8827	872
8862	1574
3140	6537
1374	7374
2	8
3204	7775
8999	4823
4675	5794
9437	1388
3450	9277
195	4931
6093	7557
792	5838
3914	4795
6131	4656
7768	9346
7700	7874
5421	79
5532	5797
7670	7223
6581	8429
8926	6233
536	9339
4002	7908
3447	942
2321	8017
9361	2399
8027	8136
9194	5171
9364	2290
6639	272
5941	9593
8858	1354
6900	1207
9896	4897
268	4893
9607	886
2717	4976
2460	7761
6946	4562
9363	6686
4443	7980
5103	8809
6170	4356
5178	4035
5919	9919
2402	1612
5919	9409
5948	4600
6569	7850
9289	5649
6435	2600
966	1940
382	2212
5010	3125
3571	4916
2603	1947
5663	2253
4774	2383
1138	9352
2751	7604
5648	4193
9303	2468
3720	6501
259	699
1976	9053
3752	1820
3673	5802
9320	8743
7334	5157
6642	5229
3972	3492
1998	6843
5591	8842
5091	9356
8935	6844
3561	4748
3125	9235
3602	6585
563	2042
368	6694
5956	2961
2731	1571
6524	8802
5817	4691
2017	7985
5302	1887
9649	4705
7073	6846
6797	2776
2004	4241
5836	1740
9383	524
8648	180
2109	9726
1228	8941
5535	2212
366	6169
1318	7698
8421	7854
5827	6758
6168	8930
6683	1946
9982	5351
8351	1252
6543	2570
2139	6705
5607	7691
4277	5269
6718	3326
4516	7510
1672	6811
5981	987
9515	8887
4955	9654
1263	4437
8351	4190
8320	4418
1830	2227
8628	2055
3931	9023
5260	66
8804	9709
3337	7257
5005	4493
8988	7580
228	9526
1369	5158
9360	9250
6942	9295
3909	9326
9281	712
1301	4472
5732	6086
6425	8415
7673	423
1800	6291
1402	4774
2097	7277
5830	9982
3893	7574
5089	1211
2800	3911
5807	4400
8292	2123
7820	5636
4835	4324
7561	1125
4717	9149
4775	8155
6389	1524
4447	1879
5064	2476
5118	3593
8487	174
5979	794
5486	85
9595	8793
1776	5706
2841	5351
459	123
2256	9757
1535	5288
2338	8008
9925	7894
16	2293
1158	4924
6383	246
9441	3253
5436	1789
8514	3861
3963	5768
2373	3941
2779	6499
4410	5770
184	4461
3033	7370
6875	7993
1255	7178
1450	2635
6092	6331
1910	9411
8429	4636
2713	1857
5491	4768
4114	3517
5755	7029
6461	7355
5261	6860
7316	463
9400	9296
8033	2440
4754	1948
9183	827
9541	9051
7978	7167
7995	3812
4201	9063
3534	38
2197	5627
1285	6041
7234	9196
7526	5182
693	9144
8583	6744
8825	8846
7627	5302
4500	5238
5068	8806
4861	4333
9664	5838
8730	6675
4840	1906
3005	3399
6877	348
7864	4942
6155	6674
7865	3819
3770	5805
8316	510
5325	2445
4868	1580
6978	2792
3791	8233
7719	6146
8261	9219
5783	2036
5601	3321
1579	1941
1156	164
7529	9343
7020	8667
9986	5041
1240	2800
3560	7149
5058	8811
6469	1474
4718	6857
5091	6837
3280	3075
4794	81
2786	9391
2573	5514
3885	8329
5889	8286
6679	6534
2394	2766
9655	2020
5478	4201
3057	7128
2653	1891
8721	7361
4078	2641
5281	1980
1453	3894
6924	6148
9100	3204
1593	4003
3763	1752
2850	9526
9235	2818
5452	7314
2046	1162
6412	4722
781	3783
9593	5597
2379	1359
8030	2211
114	5983
6368	4131
7027	8459
4038	7474
8620	5156
5242	6320
6511	832
9121	1120
8993	2683
2489	7071
7670	1185
607	1844
2121	8273
2074	6708
940	4350
3843	7779
5604	645
7144	7431
4903	9807
3985	3027
8852	9401
8413	6623
1184	9269
2206	5910
6594	9341
4319	4754
1375	4160
8340	9674
1911	4384
8786	937
6249	9117
5598	9510
124	5311
5353	8168
9041	5136
7201	5631
8899	666
781	1719
6791	3042
6711	9959
1084	6693
7437	3115
79	4874
4537	6152
2256	5858
5354	1048
6784	3245
8664	1982
6745	1938
4808	3271
593	1029
5094	573
8519	2046
3292	4934
9711	8639
5942	166
2097	7635
9456	4789
138	7219
6500	1345
3180	3908
3043	870
7764	5564
181	5893
3561	6397
8416	1478
6965	4204
9724	5348
7671	2358
7303	840
6657	5031
5591	2012
9414	6816
6858	1487
4131	7188
6457	2039
3405	4343
814	2776
1876	7129
7564	4346
7709	1457
2449	8950
4483	4473
4385	1759
6694	9400
7165	2101
743	8229
2796	5846
1013	7774
2609	3007
8159	4329
9930	1411
4667	793
7538	2894
6018	2076
2811	2361
2053	5149
9558	9599
673	7960
7959	6360
3665	6063
2218	3392
2693	865
1261	4191
6368	856
7760	2096
1670	3873
933	8513
6457	5633
5608	9832
274	3122
3335	8013
1003	5083
8576	8525
9826	4319
1633	6345
3348	7495
7847	8750
5639	3913
2295	5503
7832	7169
6359	8327
3522	8601
649	4295
8389	3151
5444	3171
3348	8079
8795	3043
757	3232
2014	8055
2660	411
6105	549
8117	3066
5300	1441
6412	3825
401	1809
8203	1311
9272	2206
5723	713
6537	4825
3381	4625
6256	9466
2926	3781
9790	311
889	2695
4623	2456
3564	6182
4521	8438
6611	2764
3283	6120
8979	1446
900	6472
8201	1069
5009	9842
7556	900
4182	6139
313	8428
8098	8399
9195	2662
2031	8547
6543	7895
5809	5346
8558	5597
4619	1597
4896	2084
4429	1101
4705	9657
4316	2700
2217	5729
7874	2778
2602	1353
1384	2877
2600	753
8249	6874
7579	3732
933	549
7884	3418
3219	4348
6524	1009
8205	1167
9766	8260
8391	34
2593	132
3580	8527
663	4337
7583	6625
8197	5052
3695	947
4410	256
2371	2540
2565	5617
6136	5457
5974	5399
404	501
3325	414
3141	7026
5001	438
9831	5927
6045	1193
7481	2184
4593	8011
5799	6509
5613	3443
5914	4997
5048	2596
565	5843
4385	5508
3400	1405
1980	461
2296	1872
2245	3026
3712	2680
9673	1
2521	2080
3163	9486
8813	4617
5589	9386
6891	6855
1937	745
4653	16
8514	1054
173	9464
9508	9505
4565	8866
9093	1196
7838	7360
2530	2331
5429	824
4202	9021
8812	2163
6014	9213
3971	4014
5149	6544
8000	8995
252	4095
3190	4824
4532	1806
6220	1737
7239	4320
2216	6838
4948	193
8774	3198
3886	5853
5647	1340
2790	8237
9939	7087
6603	9664
4281	4858
4792	6451
2108	8162
1659	8364
6281	4161
5968	2108
8436	2534
3239	2430
5264	6301
4486	5484
9679	8117
9735	2742
3262	4301
6238	4287
926	3019
8018	285
757	1603
2403	4786
8009	6910
4977	2134
4857	1165
2748	6208
9974	3414
4944	6900
7458	993
6034	2217
283	7758
9237	6907
8222	4294
7503	9871
2061	8455
4061	6344
7760	4025
2381	9082
1715	7912
7608	6487
4940	4289
9183	9632
9814	8131
3964	2022
4484	3500
3741	9640
5549	5396
2074	3885
3013	5273
5438	1490
4394	6967
9169	9051
9333	815
2481	8853
345	275
47	8441
3958	166
8546	4346
5731	3126
2124	2478
8730	4447
1127	1162
2446	1152
5149	6329
1368	7126
2675	2279
7437	1727
5686	4146
3634	5984
1390	5699
4139	1552
9915	7090
7200	5557
6940	631
4898	3429
2742	732
337	3001
6730	9793
4594	7913
1844	7446
5013	3087
6692	2874
7947	8568
270	6844
5143	3204
3154	3103
882	5718
3062	2069
2328	7794
2183	3248
5030	2525
2452	7747
4169	2627
6010	243
6685	9618
7126	1113
4841	9691
3221	7315
6692	6361
3812	121
9772	4873
5764	9717
1311	2672
14	5130
7219	799
3690	1965
4552	4215
171	5638
1259	6619
3707	6791
2329	1745
6209	8651
9008	109
6802	3882
3024	2554
6193	2987
356	3452
9916	4312
4801	3658
326	1856
60	3472
567	2223
4815	9072
589	5138
2033	9252
5433	1811
3427	1964
9293	1316
9038	3785
2342	2870
7986	2533
1954	279
9428	4918
3562	3876
8625	305
5513	3441
9649	2430
5193	7632
9776	9692
4503	1202
4513	4758
5436	7233
2274	789
1712	8341
1053	8131
9124	9368
9940	6259
9843	5890
2257	4524
689	6283
5230	7365
7560	7997
1329	7165
9565	560
450	4717
8480	9618
909	9620
5645	9378
3600	498
3400	4353
7451	6651
7229	24
2357	7683
8953	3349
3642	5913
7595	8103
7006	897
1924	1830
4595	2130
3576	5617
2581	9208
8603	1236
4399	5320
9320	8500
7971	6829
6867	6364
7858	7483
6555	9093
9284	1381
6802	1903
5307	4664
9120	7412
9333	4743
5966	8832
5592	6296
7194	6085
2450	2733
7031	2303
9316	6644
3989	7798
4229	2803
4899	104
8786	5655
419	6501
2976	4582
2016	2857
2723	2955
2680	5143
7934	1108
3392	160
5044	6805
8194	8143
3119	6362
4434	7482
1758	6803
3546	3087
3407	6133
3538	5022
8921	6070
3851	8401
4329	601
2646	9772
650	8098
1592	8809
5110	7588
2699	8979
3910	5937
1368	127
3638	1178
1984	8541
3922	1531
7824	2333
5250	5339
6880	9158
7657	5710
5059	9511
8404	800
7905	7028
3779	6880
5477	1116
8895	5392
6747	6929
6261	1922
4829	9790
2286	6709
339	2107
5899	9359
5444	5849
5172	1086
7406	4385
4115	3535
7551	2086
813	8924
9283	8922
3158	239
2515	8316
766	9657
3044	5315
1430	5132
177	5808
1253	2630
5507	8168
371	1075
7716	9547
3745	916
3835	8218
9996	7482
9429	9837
5344	4853
9039	5238
4310	6445
3278	2045
4892	7218
5764	3622
1385	4446
4495	8080
9450	7749
1465	5380
4310	9487
9899	3172
3467	8957
8966	5665
4704	7200
9775	521
5402	4281
6274	2641
8093	2386
8351	1489
7268	7719
6130	2207
9257	2673
6270	5849
9995	7423
3034	2943
3908	9520
426	7501
9733	4607
4487	2650
1627	2481
8610	3289
9575	2970
9555	1414
9811	8201
9157	5139
1865	9462
198	4215
2293	6572
6285	2727
2312	6297
6954	1638
6716	590
1933	5265
5856	3474
2090	9330
7973	8319
3631	9011
7522	7730
40	4535
4829	485
3627	4165
1603	7716
8615	808
2161	1305
9540	6589
3782	236
3222	4240
2674	9158
3689	9135
780	9818
7815	2938
8589	3174
4940	6711
138	161
4350	3935
9648	7790
9369	1970
3717	1911
7467	3792
7211	621
6186	8775
1843	9686
4276	4710
3833	6227
7625	8192
5257	4413
8269	8882
5251	5001
2278	89
6725	5845
3848	290
9571	602
2008	7617
7175	4320
2258	4827
1304	6157
3200	9076
8182	4932
2952	9678
8072	1915
733	5272
6150	3287
2219	1542
7795	8118
6257	3670
4874	3743
4260	7090
9087	6874
7694	1367
4582	5202
3625	5663
9760	7533
5824	909
9129	2436
2378	6015
5595	9347
1171	5312
1804	3100
5967	9034
4137	2854
3731	1770
1465	4866
8483	6283
2172	4083
7408	8847
4719	2478
9844	5186
7073	5908
9862	2408
8041	4587
7692	8352
2690	4532
8734	6397
9237	2760
5060	8341
5799	4226
2315	9295
742	2845
7735	8367
1888	5924
3267	4207
4969	7480
7601	1664
8464	4429
6966	7009
2039	1781
5435	2973
4507	6516
9705	8606
8826	1982
2498	5357
5271	3178
1258	232
3747	4865
394	7698
2534	2380
7632	4846
4802	5704
3187	2776
8690	1976
7382	1552
1561	7683
1402	2972
9710	9465
6018	8016
8734	3377
8137	9966
2303	1002
8701	3350
8352	5410
2038	4536
1469	7364
9088	2586
2190	1378
2873	52
5094	4950
5005	9348
6783	3381
3230	8512
4184	3582
3980	4825
9339	5540
3779	4633
9004	7468
312	7256
3114	8887
575	6318
8904	6310
1116	5602
2576	1768
9601	8047
1549	9443
7012	2726
9673	1711
7086	1773
9413	6147
1345	5785
6813	2154
969	2219
9716	6297
7588	1233
6668	5216
2281	2034
1125	4903
8033	8427
9207	6542
9287	1461
2869	1987
1571	9509
3420	7542
2212	357
5531	9997
4110	3943
4064	8568
7756	4136
1920	6968
2223	1613
4379	9348
4323	8073
7850	1275
7957	8501
3950	1806
679	9163
8996	7957
438	537
6570	2088
6014	5031
4977	7268
5028	1172
8104	4572
1657	1362
4141	8195
8333	2213
1852	9156
5362	8216
9760	3025
9780	7751
7370	1565
8461	400
5660	6463
574	4242
2767	4893
6344	2535
8914	5439
6951	8417
2107	3252
5783	2431
3231	7927
1178	8804
3112	1265
3999	5250
8221	4399
8589	3444
624	918
4720	5860
5766	5179
1839	2391
9542	5587
5307	9744
6806	6806
2304	8284
1821	6611
6003	7629
2920	9090
5430	7372
9415	8022
9531	4608
6758	3493
8217	2337
7616	5919
7643	5504
5680	566
861	3599
7043	1087
7848	4465
1083	2618
8772	2532
8789	3152
3486	5142
2485	7235
8272	1326
4138	417
4036	8757
6849	3545
1363	9621
12	3903
7766	2267
9312	8956
9937	3853
1154	4983
8344	6747
6038	1206
908	5631
4737	1918
8160	1627
8343	1986
1525	161
3459	8041
1790	4463
7799	3543
1530	463
6973	1496
3630	6915
6148	3615
2871	4154
4235	2125
3213	5652
1718	376
1189	8935
2701	5484
2952	6683
1565	3050
5447	5546
8182	9650
9208	4852
6899	8319
4041	7573
1020	8535
1406	9359
6456	6900
2586	8857
6994	9736
2302	8577
7380	7412
4903	1194
9379	8661
6594	6319
1386	949
5144	6480
9500	3166
2733	5266
2001	6396
233	9288
8761	8697
6713	9508
7429	6470
7509	2920
9651	9435
3179	4454
9616	1060
6069	5623
6516	7021
4179	7141
5957	4269
1806	4143
5134	2319
2470	7724
4201	540
5684	7658
7852	810
2832	8575
6928	7464
9675	2054
8980	4246
3878	2430
2586	799
7007	2382
4071	6772
8187	157
7173	6443
8572	9026
9405	7605
4408	9851
9222	559
7678	693
7438	5492
695	2984
7856	1259
2587	3771
9678	9645
1545	4226
3289	4629
2470	8918
9279	6903
7692	3026
1846	1954
7189	2927
6125	9291
6353	291
2109	1114
5338	2803
4959	6600
4813	4080
6129	9616
8267	878
9255	3158
2418	355
6890	9952
9457	3281
6340	1693
9198	718
6108	286
4309	4638
5083	7173
4208	2152
7918	4751
2928	3172
4887	9981
7484	5795
2774	4567
6220	47
9703	645
2859	3665
957	4587
7248	9179
7075	2844
5501	6930
8853	6369
3512	8708
681	5659
9707	7330
6868	3998
8972	5797
7804	3496
9347	794
9829	7881
4891	586
5600	9836
9003	3770
7711	9005
8934	4365
3983	7047
934	9935
1087	5233
9439	6781
8495	4848
4640	1458
5327	2552
1349	3271
1832	6455
9405	8591
3399	1940
2058	3962
3269	7560
8740	9963
9337	9965
5275	6291
1379	4442
6601	7281
6407	582
5175	7681
1029	4457
5741	6947
6407	1057
4890	7701
2056	1178
190	70
741	5241
8442	6759
8496	1749
5664	6020
3494	4253
5958	7734
9542	3987
476	3410
8502	642
7557	8440
344	9453
6865	1391
5758	8570
6154	9126
1152	3161
7172	7960
7010	4589
1665	2354
1387	1376
9232	4019
6966	9206
2638	2825
8721	1690
4582	8276
7610	1887
8131	2357
5296	5445
7069	6681
3469	7560
7664	6760
6365	3995
8476	635
7603	7713
4647	6596
309	3378
3700	2148
615	8138
901	234
3889	1414
488	1879
4846	3122
8868	987
376	1389
9011	3922
2864	7730
1481	2593
4798	4397
3976	6708
3245	5405
9260	8864
8323	2765
1494	9753
6860	3898
8721	3501
6770	6114
1292	6842
5042	1437
5221	6677
1861	2856
4318	7441
6727	2401
9802	3958
1843	4249
4665	4346
8998	8249
9505	6395
9523	8755
7781	2404
9178	6426
8706	7892
7964	7670
2244	8292
3172	2216
4012	8999
7715	7693
748	1976
2658	8455
3546	6792
5885	293
813	1964
2367	6131
6924	9517
5732	6246
6597	2102
1960	2360
7729	80
590	1839
2231	9524
3957	7049
6326	4899
2452	9354
7072	6261
4616	7846
9050	2480
9493	8897
1480	4403
7315	9441
6886	2940
6680	9332
3438	548
4403	2022
9261	6068
791	4602
1126	5168
8550	5443
4673	8104
5529	607
9033	2973
4748	8408
6684	972
2883	2266
5998	7872
8598	3073
7973	4888
6871	3275
5951	1081
3357	8832
1500	4809
2842	2191
4750	8768
9778	6579
7875	1818
8352	7638
6346	3814
1453	5634
862	8887
2592	4986
999	150
7691	3290
5915	5673
1749	6255
4034	661
4184	7817
6049	3417
4608	7054
3296	1607
9716	4228
1355	3033
5712	3954
8269	1404
9646	8853
3	8358
3263	6573
149	9926
5899	1467
7688	6937
5344	1858
8353	4107
1930	8884
1191	2684
1762	4364
8635	84
4880	9022
2622	4464
7630	5689
3385	7385
9886	8556
3529	2186
9097	5255
3362	1736
4941	8237
2938	7111
7875	4333
633	6948
773	5950
5668	4575
5967	515
3178	121
9767	7220
4508	3756
6297	1295
50	8199
3932	3086
1086	9005
4441	7223
5235	1069
3463	7445
3592	2195
1907	6264
9514	9859
196	6417
5856	7561
4199	7682
6573	9786
6117	4050
6885	1894
8907	3748
5460	1070
8058	1404
2143	2324
1840	7172
9158	4337
3386	8647
6335	2471
4212	523
8942	3887
5778	4540
5814	3141
150	9902
1740	7764
5520	1125
3680	4750
8477	2977
5667	7221
6009	8836
2925	3057
1158	3372
5888	8050
2206	9455
5188	5508
7546	3746
9126	3186
7260	7972
5610	3852
1762	1455
8891	5535
4394	250
5548	6172
7386	2799
9902	9081
4781	5871
5351	5377
2975	9354
7618	1395
938	6965
1986	9860
3726	5821
3956	3010
7573	8550
1347	6245
1805	7100
8593	4749
1473	8970
1689	9904
9853	8912
8236	6379
8505	7977
5922	3784
9475	9817
8512	3298
3656	3811
1473	3756
5143	946
1437	9916
9779	4291
698	3582
6376	3693
3453	6349
8317	9752
5239	3811
2635	7554
1284	5694
5283	2491
4793	138
2017	7634
312	6385
1228	8801
6108	3397
6000	8995
592	7425
8878	1917
6638	6197
4907	8368
7588	9749
6559	8784
8555	2934
5030	2114
2523	9521
6939	1511
2503	9630
1780	6210
5849	2092
8722	1675
5104	5281
2587	1722
8636	3740
2341	7695
285	3121
9505	9990
8302	4262
6359	2080
7734	5886
8417	65
2190	6047
9429	4703
5587	2443
2705	8209
4216	8001
2304	3413
741	6465
9579	2825
9267	4317
6850	4992
4797	4980
8293	934
274	4108
7880	8517
8016	3824
3673	5486
8764	1250
8509	1694
7141	75
1934	8498
9987	2762
4370	1839
7509	2664
1570	8275
2087	9093
8643	4659
5627	6832
1327	8240
2065	6606
6305	8442
5943	3639
8756	5975
5630	2235
6785	4770
2818	7077
282	2797
4912	2271
2393	8424
6347	6976
5810	733
5150	6014
3403	9200
9973	8015
6883	3793
4507	2543
2816	7473
7842	6189
8490	6114
6826	8681
7479	9084
356	3003
2415	4950
3903	9009
6906	3415
1501	5828
8408	3148
2500	9497
5478	8236
7793	7081
5180	7061
4398	1397
3136	1341
24	6999
7620	5648
6688	6782
2708	1538
6814	6880
2434	9167
8290	5047
6693	959
640	1467
5777	9605
3417	6794
7370	6104
2789	4944
4192	6098
6698	1932
9544	979
8119	261
3093	5581
6380	2138
8241	2599
875	3365
230	9902
5843	3718
3672	265
9103	7197
5042	1461
6250	733
1311	1331
1694	5620
6531	5178
7099	5862
4181	5712
4784	7619
4451	380
2352	1491
2551	7950
6452	9545
2246	7035
9751	2961
622	5660
1724	8413
3482	8536
7813	746
8365	3213
1272	9292
185	826
9592	9581
2372	3756
6024	7950
5466	6264
9108	2391
3618	8856
3226	8000
3649	5890
9854	2829
7153	3572
2097	3243
3166	1366
8557	6443
1962	582
6300	3995
8458	6908
9048	8492
4319	9519
8820	6475
7359	2149
2521	8853
4351	9302
324	7682
8222	5502
556	7263
1829	6467
9700	1903
8343	702
5502	4505
7453	7813
7999	1957
8650	8905
1011	8856
9914	8158
4981	7490
2815	9628
4172	9466
3262	9972
1617	6996
6801	3165
5759	6788
837	3785
2752	8007
5758	3749
6312	6015
4995	2434
6814	4181
7624	9979
2750	154
6623	1913
9860	4841
9589	1985
8788	9212
3836	4907
4569	1563
5210	124
5851	539
3519	7247
8631	5849
5031	404
1625	8510
1843	3266
741	2353
6625	648
875	8053
4777	6901
3154	6710
3951	4457
7371	2223
7868	615
8860	7232
5655	5
1130	5040
6823	7231
652	9643
6128	2697
1696	2577
5177	2205
281	6415
3086	2397
6616	9365
8232	83
3664	3773
7958	4540
5792	2427
593	1026
3534	6692
673	6578
9558	7876
395	7962
3153	3534
162	2438
5332	3436
5875	2000
8931	8377
9904	1285
4348	8364
1545	3514
88	1986
4755	5902
3166	5497
7327	535
366	6563
3230	5957
9672	6442
4422	4137
7466	640
7329	5621
782	1406
2371	4486
2804	4975
5529	9886
8344	1704
8483	6091
6108	2043
3878	2099
1310	2941
7575	4462
4862	7184
4484	9278
7557	8058
9213	6535
6045	1407
6836	6334
7564	9053
5167	9299
7779	432
2566	7500
2650	8839
8092	2067
8503	1129
2570	1032
739	8307
5835	6835
3902	8493
3358	2023
2022	9538
4344	3332
3039	9474
8563	6558
8043	6180
1514	9481
4916	4694
8050	444
1764	4784
6536	9699
6096	2047
1489	8866
418	7872
9161	1985
3057	9276
2978	497
9878	8831
7370	3676
726	1051
8398	1173
4743	2464
7691	7447
9105	6507
2171	7326
2354	2181
5305	8698
4641	2594
1795	3061
2976	2937
6959	1770
3716	9975
2630	2740
9793	3072
3947	2471
7784	1654
3392	3192
5796	8994
1400	277
9212	7108
4504	97
9573	3459
2949	5234
5147	2945
7573	1979
1469	7768
1972	5647
4347	1520
3773	6185
9268	2534
6120	4577
5645	9864
1893	1147
972	1200
2606	9742
1631	916
1568	6025
1365	8527
1249	1477
4428	8149
2619	4770
8924	1725
6797	3929
7185	3021
4135	6173
8217	7709
8991	4807
5283	9092
1934	7754
2019	3953
5388	5786
2468	9141
4838	1390
9535	9961
1924	1001
879	1974
7444	8307
4655	821
2021	2410
8525	6000
4570	2803
5039	5156
3098	425
3792	4270
9502	4228
8708	2191
8444	143
9174	6029
1059	7714
4925	3153
3858	403
