10000
131 951
705 1257
49 313
853 1106
127 276
746 916
789 1103
181 1058
333 665
4 806
539 896
642 796
505 1304
755 1416
309 367
436 529
281 624
641 890
321 623
475 1233
1401 1437
53 566
125 1346
262 662
531 822
947 1344
568 1134
232 760
557 1392
56 1336
99 1387
422 597
404 1296
345 1055
653 1156
585 907
561 643
630 722
908 1205
652 988
960 1109
817 960
57 1343
173 801
119 272
168 1024
137 1251
507 1318
57 280
55 233
149 1308
771 832
172 1432
510 1180
302 604
647 973
1265 1340
78 413
1038 1053
285 678
1073 1199
254 494
633 839
171 372
652 1277
510 1219
187 1408
626 657
652 1356
80 1230
1234 1327
206 779
422 1073
292 983
567 1303
806 1181
940 974
325 443
760 1250
137 1043
1041 1075
222 1266
175 1027
256 877
519 569
850 1309
770 800
654 683
706 1145
484 1214
1298 1342
365 1322
1280 1407
597 688
240 957
483 1352
367 748
483 1054
450 1344
148 397
722 1331
152 1148
756 1234
846 896
549 664
74 1098
216 1140
272 1312
734 853
910 1076
14 962
237 995
800 936
411 898
1042 1337
255 1320
320 628
584 1001
262 1348
210 438
782 796
327 1334
391 643
1066 1256
143 929
788 922
403 1176
330 1376
137 425
333 704
74 926
583 1325
887 989
376 1203
277 1198
486 1118
1081 1183
66 325
477 1017
129 193
1162 1389
513 1338
311 349
357 438
1314 1378
57 1171
64 635
180 471
711 1037
391 1434
358 1053
325 658
624 1370
408 591
960 1343
907 1213
815 1419
453 1026
875 1171
874 974
703 1234
105 505
29 935
1157 1341
154 1348
717 1163
531 563
64 1259
215 1078
79 808
420 507
2 387
759 1251
431 593
926 1283
350 636
609 611
609 1269
226 630
8 527
1247 1351
206 477
468 1152
87 1403
341 1124
598 1229
566 1189
832 1384
243 420
58 301
329 731
642 1420
885 1427
127 538
110 950
1285 1416
1086 1232
608 1391
396 1207
709 1174
628 756
310 997
1029 1381
116 226
612 1040
730 950
182 1146
35 1108
106 507
280 470
722 1397
242 340
192 229
23 1025
670 1165
127 955
56 715
787 869
158 739
1246 1433
35 1104
292 1010
844 1230
167 520
1173 1260
210 1343
864 865
441 1013
393 1166
782 966
1001 1139
737 1178
93 145
205 326
444 1211
384 685
374 809
579 1435
324 1272
174 1433
479 1221
66 1168
37 213
812 817
226 1364
81 192
275 534
830 1123
1120 1411
391 683
630 1242
549 1105
66 892
1132 1331
101 1354
240 876
92 1234
336 1218
807 1353
1270 1309
1120 1232
661 1356
69 1392
51 687
46 298
154 520
971 1049
432 1124
1188 1369
447 719
472 1317
1134 1360
771 1238
1114 1155
384 860
1358 1422
408 851
546 1093
132 812
257 788
643 1206
828 867
32 1348
64 538
926 1058
405 1189
839 1366
927 1228
161 948
302 421
1302 1417
1011 1231
474 637
1223 1397
155 1116
379 812
609 1312
1129 1349
225 1115
488 996
1025 1371
109 244
136 784
510 631
184 620
225 513
785 1113
119 493
72 79
183 484
1222 1265
872 1426
746 1335
155 562
1092 1196
437 832
484 874
93 295
285 1338
338 1125
262 1108
623 960
871 974
179 978
678 816
7 433
182 410
737 925
928 1179
624 1293
482 1266
111 1359
158 1064
504 1193
701 880
1223 1438
843 1044
1038 1297
410 492
473 1308
1241 1293
574 1111
738 1063
606 731
177 1245
71 159
567 1388
265 376
508 1083
80 914
1072 1125
294 873
865 1168
509 650
477 701
1212 1403
723 1358
153 1162
524 1165
46 1338
236 1149
135 397
26 1387
242 328
495 638
269 303
497 571
646 1088
623 1155
11 1020
786 1099
256 564
133 1111
112 126
113 283
727 1232
646 1008
205 879
337 967
331 703
428 643
716 1176
986 1189
821 970
10 461
1135 1380
128 1384
240 699
192 1117
837 1400
241 337
987 1058
642 772
804 1046
868 1406
119 1368
626 1326
149 1185
476 676
876 956
363 810
34 396
262 658
941 1070
599 1202
386 1385
437 452
296 1162
1190 1264
416 552
265 557
760 878
514 1224
777 1211
431 441
1123 1339
81 1430
1010 1136
21 277
1023 1194
1273 1322
47 190
364 949
310 1243
921 974
747 1303
248 789
542 967
491 825
201 1351
480 513
447 853
163 226
141 847
40 461
904 1024
210 1150
424 1077
344 424
382 749
573 1204
635 1188
823 973
933 1242
761 1206
149 206
635 1203
428 1205
806 1063
1018 1232
51 180
1099 1290
726 1217
115 898
515 1138
364 1155
24 736
111 733
1397 1420
268 582
577 1193
534 737
636 737
342 1232
778 1187
91 1023
256 1011
1262 1431
52 811
159 1233
247 759
1065 1271
608 623
148 1013
146 1027
95 982
88 235
317 1108
9 1298
274 518
289 720
133 813
756 849
580 1239
50 1431
916 1162
470 1260
684 975
813 1384
633 1077
1240 1363
909 1254
303 1288
1217 1305
982 1338
148 690
1265 1392
246 252
813 1434
557 619
177 915
425 508
912 1149
853 1294
62 1350
141 1240
786 1183
668 1079
155 1333
482 1243
908 1404
904 1137
274 1393
419 1368
14 1318
324 1097
142 172
1208 1334
491 853
529 980
1046 1205
194 494
539 691
52 925
203 403
11 396
480 683
1100 1216
166 557
9 1020
1098 1362
657 818
1059 1286
739 1202
65 409
217 462
80 1153
1240 1382
901 952
598 1203
476 619
1061 1142
368 1356
877 1297
132 1067
889 1351
306 878
78 502
1004 1050
278 1051
196 539
336 959
355 550
987 1210
170 747
439 1396
329 1129
177 1396
121 1426
333 691
214 513
490 784
77 329
610 747
23 1297
320 480
520 1364
1384 1436
681 904
280 567
333 808
61 88
101 1140
612 1138
101 1016
150 809
558 1028
33 708
779 1114
307 1215
95 367
80 437
985 1263
124 611
762 917
276 1244
194 1143
508 705
330 675
494 1148
94 260
539 1419
148 1289
518 1330
401 635
286 573
640 966
614 1197
326 1423
661 971
878 1092
882 1405
558 1273
776 832
1364 1398
96 1302
634 914
919 1127
474 1218
1093 1132
61 930
242 715
450 1228
979 1027
464 627
1032 1039
415 1118
621 1280
100 1251
359 818
314 574
192 925
146 965
177 440
526 970
1319 1427
501 1168
641 1358
125 129
633 739
733 971
10 859
482 952
555 652
431 465
175 1407
251 1106
585 1264
142 523
416 1055
102 749
400 1199
469 1026
378 464
490 803
91 193
1125 1397
648 1092
841 1413
139 454
1079 1269
722 903
353 877
605 1116
277 599
342 383
807 872
83 507
35 446
188 944
562 1363
759 1134
780 1331
286 958
324 1381
827 882
709 821
528 1093
271 489
503 1325
161 759
564 833
531 1120
206 988
474 1209
463 821
77 896
1204 1396
315 862
196 1031
614 1182
1186 1188
45 146
400 1298
904 1168
1056 1428
669 1303
736 1436
358 857
395 715
524 1409
42 933
253 1375
424 769
9 1338
368 452
1054 1125
307 1123
62 908
1054 1241
897 1036
851 1428
243 304
535 705
229 926
254 884
942 1400
153 794
113 1421
441 1208
504 1066
453 1409
307 607
132 1094
363 1121
734 953
384 863
518 958
896 1188
538 1297
585 1427
782 1256
175 1347
739 753
1036 1101
796 1247
384 527
982 994
1163 1175
520 1312
808 956
611 1393
1030 1438
216 1134
171 351
973 1440
751 1264
307 681
1252 1375
473 1333
249 279
9 1088
73 1341
1029 1130
877 1027
1092 1196
425 800
222 1311
295 1437
412 1113
80 1260
881 1058
427 789
280 469
281 838
449 1336
13 1110
315 498
525 560
940 1028
1180 1367
256 1273
666 1286
376 1158
125 447
66 763
240 1378
543 816
659 1096
90 454
184 696
735 1255
633 1187
834 960
652 1120
295 1171
45 996
276 846
330 922
507 1336
272 1068
1035 1102
31 832
1233 1327
659 1308
957 1219
338 1058
73 1101
312 840
225 1238
1110 1258
217 685
1224 1309
1091 1159
359 967
701 1351
652 766
387 1347
839 1192
271 1394
453 875
321 690
351 945
629 1157
381 1378
955 1136
72 1246
470 983
861 955
222 726
157 421
57 386
169 857
633 950
60 368
151 880
795 1357
374 533
401 948
18 376
665 1264
358 881
136 1110
684 1053
954 1065
696 949
551 597
866 1249
466 1323
748 1055
63 1405
366 1391
794 1410
389 685
25 716
1133 1285
284 536
263 1062
635 757
874 1374
253 607
1216 1399
350 1231
210 827
384 1333
689 780
494 570
676 777
585 1336
641 1313
470 760
102 1104
1302 1414
623 996
233 442
840 1387
438 620
461 1099
9 1343
558 836
860 927
631 921
992 1133
574 586
785 1385
437 1248
1124 1227
17 1318
452 745
740 1090
1044 1129
970 1082
803 1220
581 1053
612 1052
1057 1315
722 1195
449 753
757 1200
202 310
1113 1324
186 369
563 1397
147 1368
57 750
460 680
768 1399
114 999
425 1332
493 898
681 997
713 1053
362 1350
751 1378
261 991
146 778
736 1063
826 872
114 494
76 563
458 766
555 1096
1030 1114
468 789
302 575
271 440
1102 1284
119 1288
208 684
282 824
1139 1378
888 1162
528 891
263 1352
109 1230
878 1355
147 1243
138 1427
92 545
139 964
207 1010
614 906
68 491
806 1423
293 1424
337 862
519 760
39 803
759 1177
662 1357
356 894
311 546
62 357
1158 1181
289 628
606 1210
892 968
209 1250
94 762
126 1037
309 344
6 1050
133 536
218 901
943 1240
254 690
287 593
584 1343
141 901
355 778
357 1308
884 1016
1143 1274
478 1095
63 520
461 1051
724 934
549 1306
442 459
550 1280
832 1028
238 458
629 1345
418 1332
429 1286
17 1405
201 671
452 558
62 157
31 1175
211 1417
1124 1143
722 1425
748 840
974 1439
1302 1408
376 1167
572 1418
1075 1423
395 648
455 1067
58 1004
521 1077
405 969
526 644
401 653
661 754
388 1005
757 964
798 826
687 945
71 1175
692 1027
418 464
777 1107
47 118
837 1114
98 1013
17 922
305 1021
563 576
254 1317
446 1112
727 923
89 753
292 1153
800 923
258 1133
994 1286
274 896
23 44
334 1035
824 1142
163 489
281 746
503 682
128 966
67 395
1382 1437
1020 1110
966 1117
431 1349
613 1413
213 1159
225 756
641 811
736 843
638 667
484 1204
125 1000
217 383
783 1045
222 1152
668 775
28 1283
723 966
337 731
8 1406
995 1129
720 1325
189 568
160 976
176 198
475 569
564 1125
689 1344
816 1112
1277 1422
6 320
1172 1435
532 1174
386 458
506 1044
576 1214
30 454
21 1143
566 1037
1015 1159
688 1372
132 631
132 217
103 422
802 1088
206 1120
270 1122
87 256
200 822
89 637
377 654
31 1413
367 1226
417 791
394 738
629 886
21 29
58 1247
555 805
483 572
932 1024
736 1334
79 271
1077 1411
210 749
532 903
524 1094
898 942
164 1018
505 559
792 876
88 887
287 1186
469 932
606 989
218 1075
214 406
967 1317
105 978
502 831
371 1148
120 730
331 1339
760 1344
44 278
387 483
767 946
167 1400
156 307
169 1216
134 1337
215 1334
1122 1203
303 664
171 782
786 1306
43 562
1115 1135
542 982
727 1110
1387 1418
1193 1222
572 1089
426 603
49 1110
321 809
425 1103
360 639
292 1192
133 572
609 1152
125 641
160 695
177 1057
951 1189
232 525
727 1073
42 451
78 389
578 864
674 734
79 1015
244 270
768 1426
25 1246
637 1190
92 1095
307 428
344 435
229 579
1005 1326
659 944
928 1132
102 1110
734 1248
702 1400
335 827
342 1271
805 1219
594 770
971 1374
742 1413
110 758
227 888
505 1035
723 968
156 974
773 908
1025 1043
609 1349
1034 1211
26 1378
996 1413
584 1229
802 1214
376 644
460 1070
899 1400
524 1118
294 572
414 943
24 361
1043 1388
35 517
1019 1164
912 1202
330 1182
987 1044
447 1096
549 742
766 1030
467 586
196 833
431 1047
1234 1337
1103 1436
27 30
876 1263
483 1057
926 1417
430 765
316 647
1193 1413
899 1029
175 923
426 1120
224 610
1234 1403
193 300
719 1354
572 880
152 441
476 1077
99 283
164 641
459 1180
119 153
615 1167
107 1197
220 535
76 107
735 775
367 604
498 1210
609 677
392 471
287 782
566 909
1150 1356
487 1061
17 1432
494 538
49 1133
497 506
646 1334
955 1195
426 919
1118 1163
72 491
803 1434
594 973
73 243
982 1114
184 272
58 593
114 948
153 1379
108 1217
383 1169
658 1247
586 1370
63 532
393 1276
817 968
389 576
728 1287
334 485
786 1331
635 1338
1250 1326
209 775
301 1095
87 968
619 1319
187 901
152 1321
769 1345
9 1016
98 922
232 571
337 644
259 978
89 980
537 1090
152 838
285 379
384 1332
264 1219
141 1188
891 898
488 1314
763 941
280 591
56 947
877 1031
851 948
640 1382
257 581
366 1325
999 1137
100 681
200 1185
326 851
87 116
112 648
397 1277
258 822
381 1091
1065 1115
125 1271
158 260
75 421
200 1095
605 1429
366 522
774 962
92 172
673 1049
204 992
1202 1439
111 262
1093 1182
81 184
11 478
379 931
50 1403
97 552
136 1220
104 270
865 982
976 1262
679 1276
827 1126
58 1257
378 1424
2 812
43 252
799 947
273 1029
184 1178
564 1039
308 1004
574 590
448 1134
475 554
1125 1328
354 671
572 822
698 1426
243 597
75 995
190 1129
73 1026
1377 1404
218 1341
418 732
205 896
158 791
137 545
58 1293
91 913
1084 1410
910 1225
201 391
1306 1388
645 1212
223 1045
438 903
875 1383
426 849
789 1257
982 1283
57 807
325 1319
143 369
410 778
1025 1365
932 1231
809 1296
232 679
389 825
348 644
734 1036
978 1011
58 329
222 1051
369 937
166 1299
468 1183
320 1293
1042 1284
434 552
509 734
853 1072
272 530
79 638
82 854
102 744
1063 1317
550 957
404 1422
392 1431
13 1439
202 225
397 454
621 1059
446 1078
633 697
728 1400
795 1240
295 597
251 608
297 1003
19 829
86 267
504 883
108 614
43 522
24 34
465 959
385 870
138 822
477 1307
479 1010
140 1020
197 1266
676 693
379 1293
598 1065
510 750
859 1114
561 902
3 164
1211 1402
28 1315
304 1103
1202 1290
104 1222
82 1162
1269 1281
705 1241
184 936
75 961
374 1409
615 1120
243 1350
791 1334
813 851
654 658
793 1365
219 1040
633 1335
425 657
853 1051
602 1416
1061 1145
127 1133
14 1266
102 645
483 932
1082 1260
347 860
120 1158
467 1154
787 809
119 835
304 932
57 1136
245 816
388 1314
801 1313
489 964
212 289
1098 1158
637 1207
32 1032
154 500
661 892
650 1305
511 908
453 1110
798 1395
258 279
439 869
332 467
505 752
14 599
840 1314
574 1319
174 301
418 443
37 354
417 1073
295 701
453 1237
773 1213
553 1154
882 1368
606 1312
723 1228
235 451
802 1354
381 1102
919 961
205 954
173 1039
286 289
365 958
475 810
951 1010
14 322
459 809
1193 1200
225 1152
145 295
66 367
909 1381
692 1267
497 682
556 1312
148 410
958 1326
15 1331
807 988
804 1275
355 1004
1384 1405
1139 1187
318 328
183 527
240 572
479 683
616 758
388 1008
473 855
655 1315
18 954
24 952
427 1221
81 358
398 1243
147 529
827 1242
80 207
394 414
113 1261
812 1269
538 1103
141 309
35 278
371 777
77 150
555 1070
165 1194
260 833
988 1260
1164 1347
878 974
1000 1131
400 926
735 824
155 1199
305 1186
119 1123
171 701
1129 1243
42 408
10 1227
214 709
360 499
93 643
233 455
376 986
655 885
366 751
857 1189
177 551
356 708
169 680
90 125
196 515
789 953
606 756
114 131
543 972
500 837
505 835
1312 1387
126 705
819 1181
78 445
330 574
51 1059
810 1084
54 780
1255 1278
577 1400
686 1020
31 334
1231 1272
665 904
630 1014
100 645
445 1372
330 793
100 284
236 1431
1225 1391
558 800
103 693
276 725
147 1281
365 984
1086 1121
560 1167
1308 1428
307 1273
109 976
1035 1071
436 820
134 1095
5 1338
541 1332
263 1197
100 1131
177 699
894 977
1244 1369
1169 1256
465 1033
152 555
426 1244
151 265
62 326
430 1065
117 442
449 1296
373 897
119 612
772 878
883 973
756 1236
972 1021
265 476
831 1233
455 1116
941 1361
565 1329
430 1412
858 966
1042 1429
330 982
254 1237
12 925
1082 1244
37 1236
33 687
579 1102
1041 1204
886 1056
292 759
297 986
313 329
447 1216
249 693
403 586
184 1203
490 1313
604 998
189 1403
133 583
664 1086
969 975
800 1097
451 1143
779 918
633 1291
286 1197
557 1359
78 1213
487 1009
716 1432
206 1298
163 1148
155 1125
456 671
55 77
1059 1143
612 1140
381 872
229 1108
470 737
98 981
765 1193
144 403
1114 1122
15 1271
752 1035
258 480
1029 1187
1332 1391
315 869
277 1222
232 1383
489 652
48 62
367 1167
149 582
483 854
886 1012
1302 1328
374 700
506 872
641 780
204 916
484 1297
737 1193
168 425
1061 1343
582 1291
165 319
333 361
1270 1304
351 761
249 326
352 1088
80 395
700 1252
268 1258
449 663
886 1366
1299 1306
543 642
36 1116
915 1202
290 1147
812 1181
1072 1405
70 1313
1061 1291
951 1240
523 1237
753 1036
150 951
792 1280
518 1065
306 1245
1066 1260
362 948
112 559
492 761
1189 1272
1210 1364
1044 1167
273 300
130 291
536 683
629 952
1274 1354
451 1018
359 667
419 1189
194 1436
360 970
516 553
528 577
397 1421
367 955
124 796
27 1212
541 669
149 507
1102 1229
158 1070
75 663
6 695
961 1093
213 1153
557 1395
61 654
29 754
8 581
302 1208
44 140
662 989
306 969
365 1204
941 1031
313 1212
903 1120
949 1096
137 191
453 1258
58 1377
36 224
1333 1388
9 184
495 982
771 1222
399 598
123 700
180 1083
466 546
750 1297
753 962
84 1088
457 491
492 737
955 956
309 762
377 1340
1060 1294
790 1322
320 373
368 785
162 816
1082 1108
620 916
62 273
364 611
998 1166
942 1243
93 530
124 312
613 1304
225 286
35 991
249 821
466 1201
825 1009
804 1082
255 530
704 801
904 1197
96 896
7 1309
287 553
929 1210
992 1143
247 1430
1046 1322
657 1119
969 1411
634 1189
372 1384
271 1432
450 661
362 381
442 564
114 1077
455 1023
15 336
835 1336
580 660
777 1274
755 1334
15 300
250 427
289 595
79 433
355 880
78 607
1015 1280
559 778
474 650
539 687
16 1163
51 755
426 1347
6 1353
240 1326
129 609
820 1169
90 323
559 1337
735 1148
1005 1174
608 1425
733 855
507 530
1311 1340
1335 1425
25 134
56 1385
112 637
422 930
899 1135
839 885
1101 1136
389 470
1108 1387
309 1159
922 1225
755 1309
483 1142
400 1293
825 1073
176 1384
406 1206
907 1109
176 1380
576 665
862 982
1018 1220
1124 1258
32 356
1004 1224
753 814
733 745
114 532
1150 1177
1024 1084
843 1137
188 858
465 1069
859 1197
925 1135
394 874
326 569
237 862
370 1314
15 1049
51 809
8 107
132 329
429 957
476 779
261 1096
325 396
1210 1439
1276 1313
350 1190
144 1085
64 827
193 1394
41 590
578 648
861 989
27 1039
250 743
97 1286
1229 1343
753 1269
728 1154
13 901
635 1176
1260 1420
247 485
102 535
740 1065
273 300
120 738
971 1249
777 988
175 1167
257 917
740 866
1369 1382
366 1203
77 818
205 891
367 1347
74 307
214 863
873 874
67 690
369 1343
434 1087
825 1030
461 960
501 1194
550 692
688 703
920 1164
299 1437
60 184
108 1006
202 1066
655 721
104 122
117 138
911 1030
63 236
751 1075
405 1007
855 1143
435 1213
547 667
505 1039
408 1392
293 1342
974 1337
430 1091
851 1433
641 1338
797 1188
762 1308
315 1434
1043 1181
87 174
1125 1152
522 1002
440 1086
330 686
342 1107
882 902
171 808
394 1037
619 1377
810 1426
307 1416
301 665
744 1043
809 1223
268 609
966 1304
468 1423
244 940
511 1392
497 1025
86 1332
127 888
43 901
244 1423
282 939
419 1002
483 953
357 375
1125 1136
48 1388
482 1236
480 1309
286 1100
479 1230
1069 1126
228 245
1214 1222
664 865
554 650
1085 1310
182 431
462 887
209 1145
1138 1263
231 1174
391 763
307 908
12 434
138 749
233 1271
974 1290
206 442
1223 1330
12 988
253 1045
186 1138
807 1016
122 289
181 676
350 493
108 1258
518 1345
132 993
831 932
85 476
801 1258
357 1273
1140 1277
428 1192
27 506
697 863
478 1133
387 874
14 237
59 255
101 1021
272 861
410 1007
169 1001
206 762
609 751
1090 1324
433 986
87 520
598 651
375 393
95 657
14 996
781 1227
503 1394
206 1360
32 697
658 1114
9 328
181 1201
309 1256
422 559
187 255
417 897
204 837
295 495
92 249
133 619
1083 1107
1095 1103
763 1178
105 367
172 271
214 1298
461 555
170 989
385 505
480 519
39 1060
1092 1170
945 1359
214 1122
4 642
894 937
590 1162
165 1253
386 658
463 1223
922 986
466 557
538 1231
148 944
1198 1238
341 777
622 777
804 1258
607 1398
448 1353
296 730
87 276
445 1272
480 1266
81 291
245 1001
273 316
775 1002
6 211
818 875
48 1208
226 264
606 1428
536 1414
289 1329
547 1429
236 350
425 609
180 223
564 1088
307 870
474 852
440 846
12 1031
31 1390
1298 1310
71 767
196 1206
257 1260
582 1140
979 1160
706 914
25 1360
531 1205
65 416
681 756
27 271
444 610
70 443
991 1409
1065 1159
351 1304
46 689
193 469
347 1241
1179 1273
269 344
709 1397
1252 1382
824 949
201 1236
387 677
126 1284
267 1218
839 1394
1027 1042
1051 1306
367 1396
66 381
954 1365
1110 1236
82 920
877 1412
854 1354
680 788
529 811
205 1418
288 349
135 305
766 1158
535 672
380 1040
690 921
899 1003
639 983
307 590
1079 1202
1147 1184
1210 1368
466 823
866 1439
534 686
934 1334
210 1364
388 1114
1017 1338
391 1219
47 819
723 948
649 844
445 1227
26 394
404 986
595 1346
188 1227
369 400
314 415
1161 1259
681 883
174 606
502 1080
286 573
204 920
640 724
225 766
168 1402
43 168
585 893
1 1210
929 1006
392 553
145 768
664 810
644 654
372 808
842 946
143 169
64 798
232 864
110 1054
379 1407
79 598
259 1414
1037 1323
560 976
891 1266
261 878
762 1320
495 569
688 1061
196 790
722 1301
291 539
565 900
1034 1054
304 1380
577 895
645 1233
228 251
210 835
84 263
873 1216
58 888
587 1090
421 972
857 1179
786 920
220 713
786 859
132 609
140 1272
453 562
946 1355
950 1247
243 956
498 1418
1221 1265
83 1080
859 1014
366 926
406 693
35 639
1258 1384
617 1233
747 1157
1044 1261
368 1313
1005 1379
431 683
333 958
774 806
585 943
102 226
811 1221
105 136
471 538
554 752
915 1366
925 1271
116 971
655 890
89 636
782 1430
83 1009
435 1119
324 673
393 1047
977 1371
655 1054
244 943
709 1415
440 1419
131 321
488 571
609 1321
307 697
1376 1411
46 770
176 903
903 1246
1016 1131
368 1324
689 764
233 422
300 1283
812 1153
68 1430
290 1182
88 809
1022 1252
1104 1325
8 836
507 1176
268 567
290 1169
104 934
39 916
37 294
761 1326
1031 1228
140 1015
821 1204
1339 1358
179 199
363 1056
422 535
1331 1373
533 1305
664 985
330 438
318 422
21 384
155 488
100 510
214 1059
213 535
426 1246
241 1257
439 1017
600 1114
649 730
56 1385
118 1213
3 84
532 1090
126 835
555 694
541 967
980 1271
49 672
349 1288
575 1355
107 1227
144 948
490 1367
1091 1211
552 585
296 591
156 1246
86 1046
540 617
164 1390
165 467
1281 1372
88 990
660 674
783 823
48 129
455 1210
363 1154
254 488
306 1425
1058 1343
122 1090
464 673
1247 1333
911 1124
50 270
861 1194
75 313
1071 1108
272 1220
630 1416
608 1128
152 1430
933 937
1002 1243
283 807
1091 1377
140 1036
898 1207
582 627
1126 1299
354 470
630 661
323 916
220 1304
318 780
564 1156
669 950
136 1161
381 758
940 1043
1045 1360
650 870
64 706
905 1373
1076 1230
882 911
351 1424
476 1344
434 1211
7 1013
1312 1391
1164 1347
538 685
380 464
442 1169
996 1021
381 395
156 624
71 555
581 1354
475 1425
356 387
303 376
617 795
894 1230
289 633
151 1259
946 1337
1003 1150
892 1006
522 1416
935 1238
963 1204
1178 1220
336 1117
136 703
757 889
557 660
520 717
1180 1318
63 1135
626 1343
420 1051
912 986
393 652
480 1264
592 1127
248 520
834 954
754 863
344 1329
29 72
270 1406
209 792
201 837
408 1170
884 1084
192 1107
449 521
402 474
406 503
514 1063
252 1117
779 1315
633 1005
33 99
621 998
413 1096
412 1289
676 1197
207 482
443 1410
389 1299
234 351
134 1392
294 551
293 869
99 865
257 537
647 898
654 870
142 601
324 1199
608 825
199 1241
65 158
21 1070
845 1323
364 1133
8 216
88 706
384 821
464 829
15 1151
371 609
1232 1234
978 1379
987 1194
910 1272
128 423
159 464
888 1414
115 1387
476 1192
43 703
386 1362
560 749
761 900
1063 1339
687 955
906 1390
62 72
1195 1367
194 839
305 320
206 882
135 258
906 1325
473 968
43 45
1214 1337
1365 1403
595 821
324 1353
1114 1328
564 777
22 994
1130 1272
65 172
45 1235
384 1349
296 368
48 1050
527 1360
1128 1359
338 387
62 1398
705 1397
884 1417
420 1331
1083 1280
52 121
900 1426
655 845
432 1021
47 1221
373 924
392 1134
260 1076
168 1136
540 681
389 1117
31 961
33 1279
176 1391
1012 1204
916 1210
456 1068
563 1028
323 1189
77 1235
1144 1415
242 867
77 1033
212 281
1339 1360
447 576
380 1343
673 699
352 759
107 1432
109 816
558 604
270 964
582 1368
1020 1312
391 1435
857 1216
185 915
684 730
795 995
571 1217
521 874
549 873
297 554
130 1125
364 1301
446 824
86 539
373 825
758 1438
1108 1371
1017 1128
165 336
615 1008
224 472
245 1054
948 1009
139 974
127 187
610 664
290 1041
533 848
760 816
26 496
134 918
323 777
358 897
352 1343
482 758
197 882
159 1289
782 1357
382 1079
406 815
383 1009
342 405
1049 1217
486 1380
452 1235
739 1298
568 736
471 745
806 1337
304 1085
387 1139
160 1341
472 601
135 479
47 168
72 1191
449 618
119 956
200 524
1212 1319
301 542
114 192
550 1249
11 13
1075 1157
93 1158
999 1422
808 1057
867 992
256 665
227 415
255 1003
100 871
204 1400
576 764
834 1366
64 1103
587 1141
537 835
452 558
1356 1437
720 1313
677 1193
657 1392
171 448
805 1023
1133 1207
68 747
166 753
550 1116
866 1361
299 537
370 575
107 726
352 762
67 836
831 1215
71 635
248 696
173 499
361 904
629 1312
288 1309
1320 1326
143 906
655 1279
158 975
768 1252
391 1015
236 1160
649 1088
391 758
855 910
449 1241
126 1282
776 1180
41 1366
65 1241
139 366
425 1179
130 1271
552 874
465 876
1025 1366
817 1361
205 1099
442 1404
1182 1265
845 858
1281 1292
703 1095
54 1305
223 1043
300 1245
366 1094
795 1008
50 688
1299 1328
309 1019
685 1064
909 1007
294 799
563 980
105 878
286 742
739 1316
679 1437
1095 1310
141 1083
178 635
294 1344
777 1280
147 1104
231 1131
260 811
88 589
136 1284
383 688
425 717
384 395
676 1017
186 691
460 858
116 456
580 1094
4 465
272 441
573 1057
784 1166
476 1103
180 276
1030 1338
333 470
978 1092
46 1069
245 564
112 1426
184 209
349 688
112 1064
803 1380
411 1144
56 483
399 1043
3 1229
605 1109
253 1153
265 505
636 1227
136 1300
6 216
420 651
377 1403
598 1138
749 1186
298 959
1222 1314
336 1393
220 284
724 1271
796 1205
661 745
10 195
305 916
91 740
698 1437
374 538
370 763
713 1303
613 1202
611 1096
377 937
172 1368
341 989
26 351
812 1258
636 1131
419 1233
312 642
64 1122
149 387
348 383
857 1333
1015 1270
307 534
219 1135
137 653
289 1138
211 887
851 1408
452 1021
560 1429
566 1298
416 1041
224 704
76 748
635 1008
209 625
276 403
1151 1185
176 1202
208 1213
538 1399
592 777
971 1323
937 1062
639 834
668 832
333 858
820 1030
478 1195
50 1049
530 822
124 1176
491 754
379 586
16 80
123 456
445 569
526 876
69 533
832 1152
648 1023
44 679
208 1179
812 1159
197 243
74 286
1 938
506 1165
618 885
157 833
295 324
304 601
72 1024
331 1194
214 1020
11 785
563 908
5 768
291 866
387 568
617 876
649 703
646 1118
174 211
214 564
624 775
104 1278
855 1233
1031 1231
586 920
293 581
302 661
1016 1393
310 606
963 1139
56 1350
325 376
288 1151
661 894
489 654
421 1428
294 1009
258 803
371 693
807 1252
626 862
953 957
243 610
593 1311
934 1094
137 1175
808 1413
73 586
472 538
727 1360
638 1163
285 509
755 1426
182 660
373 512
784 1420
49 670
347 580
238 428
355 1391
109 1358
220 802
94 1175
967 968
230 995
61 1325
103 450
838 1178
408 1105
829 931
277 911
419 591
561 1305
201 1198
277 577
438 1294
609 627
385 528
34 196
92 1343
8 1228
351 783
211 231
557 627
618 929
684 878
396 1083
73 796
494 535
316 935
182 1108
747 993
397 451
929 1172
861 1417
767 1382
1149 1418
31 405
254 977
835 884
271 509
25 1370
935 1337
104 491
46 139
237 451
199 1273
161 1137
860 945
928 1174
409 1074
596 774
170 904
559 786
182 386
1244 1417
378 934
389 848
932 1136
293 1157
652 1074
266 726
499 663
294 858
470 1070
1061 1407
561 582
610 620
642 1001
41 371
751 830
44 881
554 713
527 684
654 901
223 1190
490 969
732 1135
186 576
133 945
315 1409
978 1208
844 1418
638 1073
26 1140
147 1269
542 1184
443 954
16 615
1086 1302
713 1226
314 795
303 1301
270 1404
146 427
118 813
462 745
108 1411
31 91
651 793
126 711
677 1068
652 1015
7 703
165 413
109 552
483 1282
42 714
541 1304
503 542
88 962
934 1033
206 423
575 706
408 708
423 595
118 506
359 630
387 1172
774 776
681 1263
428 1296
321 1141
182 1005
24 871
191 753
32 826
23 1070
350 880
527 1361
202 494
182 1336
333 480
940 1305
540 1244
960 1064
141 606
873 1254
590 1019
202 1372
791 1264
260 557
751 1219
214 996
709 1229
328 565
242 294
9 1127
720 1009
165 658
173 1136
1164 1175
193 1023
43 573
50 351
416 584
1249 1383
1038 1162
42 1008
441 989
3 23
244 770
618 1400
1114 1139
545 1031
220 426
782 1254
226 1385
1144 1420
334 592
44 343
894 1319
480 673
549 681
209 1339
565 707
274 1389
285 632
53 1115
387 1340
173 1371
270 503
694 911
194 631
69 1328
375 1041
64 546
289 912
824 1264
63 1121
617 1303
803 845
1395 1434
807 997
930 1298
645 1248
652 1015
597 1336
728 1180
733 843
397 720
697 804
834 1091
28 1174
131 712
23 1262
224 1255
734 1040
759 847
415 1003
192 498
216 1168
199 901
82 769
158 1019
259 649
460 897
452 912
494 1220
437 1392
934 1076
802 1183
1230 1309
14 527
198 1097
686 1269
750 1101
617 991
101 757
724 1080
7 881
585 908
760 1065
887 1313
592 963
365 796
169 269
109 949
403 1352
664 1417
292 874
928 1303
546 753
726 1282
787 815
1025 1289
214 675
733 1431
577 623
212 1358
453 1247
178 830
558 835
292 454
102 898
329 604
281 448
883 960
606 713
263 1066
871 1264
334 1091
482 859
99 431
473 887
612 1360
932 959
120 1182
420 1119
4 738
81 261
24 572
222 1242
720 762
154 1305
478 519
24 636
66 236
595 680
250 256
147 834
930 1120
202 404
597 1321
144 1289
338 1229
1084 1295
158 1235
470 1197
631 1344
193 403
1225 1415
657 1315
167 828
306 621
385 1140
50 579
1156 1396
601 1192
333 376
822 1431
62 1107
175 1385
41 567
399 650
1026 1280
254 1295
202 567
308 309
520 611
365 834
896 1087
78 1317
37 783
341 694
256 310
1109 1188
1116 1205
666 968
287 530
69 251
29 513
3 942
434 895
30 342
677 865
107 469
538 847
459 871
166 1073
177 1317
351 479
386 477
482 483
220 361
592 1256
651 1041
584 1060
467 584
1169 1409
446 1369
730 742
793 1308
351 451
430 1214
402 902
415 1386
174 511
589 686
213 1325
816 1327
215 1021
1016 1346
288 1145
159 314
390 787
521 567
263 1312
21 426
514 1358
309 680
540 716
1045 1196
715 861
203 449
550 1305
41 463
441 1079
583 1380
958 1022
885 982
409 844
124 325
272 863
279 685
737 1390
552 902
314 902
343 830
335 885
226 329
499 516
18 224
939 1287
340 987
730 857
8 989
479 1254
170 1106
56 341
655 728
101 1010
59 1328
100 925
585 1391
722 1238
89 475
423 1230
464 480
306 1338
211 896
1216 1331
287 961
596 645
172 249
467 1420
382 1400
493 994
1192 1258
165 1005
81 824
216 1298
159 576
951 964
341 612
346 1322
104 1077
656 1238
737 1440
148 632
645 824
379 648
319 1362
10 834
432 524
196 846
340 473
502 711
187 1322
99 293
286 521
239 1408
200 1085
318 900
253 1398
307 1081
76 159
256 358
1273 1327
1180 1300
259 673
1096 1179
284 812
232 1282
344 882
294 1384
612 920
544 717
369 1280
1358 1427
988 1019
310 578
397 1095
181 1383
169 437
325 649
14 202
903 1162
486 1106
26 643
1021 1257
450 781
217 910
51 326
59 195
915 930
24 1100
306 938
264 1141
313 631
54 368
297 1226
943 1072
563 998
556 1359
221 1397
402 923
309 1303
203 606
580 1068
161 516
857 1312
578 654
123 1438
16 178
125 1300
526 630
557 1188
399 1248
862 1316
682 1390
563 1075
550 1007
149 1104
459 1009
796 911
336 663
105 1113
357 605
199 783
441 811
591 1401
1082 1366
439 1177
194 1090
447 1400
525 1303
492 1110
636 1067
220 1184
24 1278
461 1406
763 805
32 300
98 500
713 723
447 937
33 586
100 314
16 67
322 959
333 1190
44 933
772 1174
338 1138
149 1126
1034 1058
599 895
497 860
769 1339
418 631
500 1315
140 1121
946 1437
430 942
970 1417
178 211
1012 1098
446 1352
1165 1381
967 1063
768 1038
213 747
171 823
806 1277
379 1224
22 573
851 1350
969 1058
346 1305
245 1005
627 890
97 230
540 1027
144 1324
345 1012
984 1339
242 631
642 1291
57 731
625 1195
854 1381
129 1054
64 465
1167 1313
534 793
12 180
865 1340
178 622
88 1233
240 547
212 738
793 1432
655 656
1095 1162
111 280
506 582
298 1054
947 1334
295 1213
33 1415
879 1401
616 1003
81 158
45 178
363 524
219 509
560 700
281 854
326 808
266 979
952 1415
6 1377
731 1390
415 704
58 132
185 1146
474 679
8 74
266 1051
260 527
713 1290
449 1407
39 896
157 512
683 926
393 713
272 974
199 948
133 603
587 1268
1053 1378
460 1257
30 1090
383 608
321 1042
63 554
412 1385
221 1235
361 1172
370 1367
5 708
106 415
216 989
334 1336
668 931
174 253
740 1407
391 646
309 1420
433 1305
208 452
468 1428
135 1062
662 1430
39 1395
585 1043
513 1153
883 1303
461 850
22 1436
19 1231
247 314
621 634
10 1429
628 1418
422 1319
1081 1288
691 931
114 1413
442 993
245 408
947 1302
688 1421
377 593
421 1371
195 238
507 628
397 842
148 1075
96 1095
359 784
929 1414
248 731
55 976
73 1177
992 1059
391 1311
933 1081
1152 1184
10 1051
192 402
547 1254
761 1219
1122 1371
300 859
177 633
93 429
76 457
577 613
42 1083
1050 1090
598 981
335 678
1130 1373
111 634
230 1134
406 526
665 718
116 304
1232 1378
513 766
384 603
149 921
991 992
759 1287
55 703
784 1400
179 1187
45 406
270 330
343 1272
310 654
369 896
1079 1303
133 195
322 384
1008 1257
101 844
883 1378
228 824
659 1086
27 259
585 781
1069 1362
436 1252
247 810
875 880
823 1232
770 1207
377 1016
48 460
590 1013
180 346
55 781
160 332
497 1066
327 836
785 811
951 1188
427 1279
238 517
312 879
789 852
1007 1369
531 1282
354 1329
763 1021
112 797
473 1378
1093 1110
1355 1419
585 975
2 922
323 637
824 982
644 918
367 793
6 741
22 1293
169 1270
954 1074
69 1174
254 1284
94 823
150 1109
170 1250
137 1430
151 252
40 855
776 911
369 1029
500 540
512 691
84 421
293 609
443 1383
201 1365
177 498
299 919
158 554
182 1041
84 1087
579 1375
647 1439
330 619
707 811
576 1264
163 242
141 352
48 232
443 1063
854 1148
279 481
663 937
728 1207
189 712
288 1387
12 1046
1102 1275
56 201
931 1343
192 1432
383 1316
322 1005
880 1195
689 764
184 810
731 770
596 977
1033 1072
497 1219
295 1214
1227 1242
569 772
249 1044
245 659
310 958
615 616
693 1157
1230 1384
182 1358
135 1332
281 774
95 1285
789 969
102 1130
350 926
186 647
911 1381
343 1249
142 1173
104 412
243 245
358 490
472 545
669 1312
908 936
1005 1244
321 1071
124 527
723 1383
571 737
610 1222
726 919
138 277
205 895
119 1244
244 402
480 1359
1113 1376
505 1110
852 1392
549 863
983 1365
1379 1408
135 649
635 685
25 241
1179 1235
970 1397
114 927
421 755
319 1047
318 1123
123 748
259 1385
953 1352
261 1235
1186 1269
956 1088
278 408
221 300
331 1024
487 1171
726 1351
456 986
616 1313
1313 1416
842 1191
613 1319
33 473
716 972
751 860
470 1152
368 887
655 1388
532 592
317 526
227 741
570 766
130 147
513 702
413 1194
822 1076
175 206
281 323
399 722
594 599
509 1363
426 1377
513 890
1111 1121
173 1159
71 235
929 1345
158 1210
936 1177
632 1394
790 1380
623 1272
61 1399
505 670
353 1436
357 1278
351 819
458 561
771 1292
330 991
64 788
978 1143
596 1039
1237 1357
288 1355
1009 1440
892 1124
1369 1377
40 226
1046 1072
274 766
346 873
473 578
1178 1385
960 1054
206 820
792 879
362 1054
163 920
67 1010
1140 1232
569 763
68 841
668 1408
1035 1063
1245 1352
193 403
338 792
116 954
277 996
783 898
123 944
150 967
612 1413
862 867
843 1245
397 856
184 291
185 1391
1295 1373
1027 1315
491 1222
62 1053
51 1185
927 929
347 1188
1189 1213
399 637
750 829
425 1287
93 460
316 733
574 1380
992 1260
540 624
559 1045
1099 1343
732 1364
383 1216
491 833
19 646
617 851
102 1364
1093 1335
158 371
385 903
585 746
153 346
1194 1346
213 1084
157 196
386 747
319 1301
67 633
395 928
756 1305
315 894
308 1246
891 1095
29 810
525 1016
368 478
145 637
600 1027
191 244
797 1234
625 726
583 1216
963 1230
1290 1362
387 515
1100 1415
310 1393
458 1241
42 217
976 1189
164 850
376 456
160 857
466 473
379 896
795 966
922 982
700 977
83 109
115 365
31 173
96 829
151 170
282 820
888 1240
408 926
308 996
1004 1122
982 1017
368 1235
337 1350
162 769
269 666
1192 1402
246 641
486 1208
204 803
242 843
395 1147
1030 1068
631 772
375 1309
993 1130
821 1071
540 1334
358 816
500 1190
229 1200
359 1269
148 1222
110 447
1347 1404
442 646
228 1308
289 444
239 470
726 1081
1287 1310
51 213
1153 1325
32 229
431 825
1061 1389
206 1041
581 1116
514 883
868 1064
1101 1107
657 1323
822 1181
278 1239
321 755
618 635
140 1427
46 702
1209 1275
211 1180
809 972
181 1059
1217 1269
116 909
16 903
588 820
994 1440
430 1220
85 1291
913 989
665 919
387 1351
425 861
720 982
1072 1328
421 1182
353 689
278 748
45 1189
1151 1407
247 1131
486 815
189 1388
35 558
876 1037
554 726
257 1208
1209 1350
424 468
190 823
688 1103
812 889
77 955
164 590
600 1086
425 461
1121 1394
1087 1130
168 1038
347 821
92 294
838 932
1006 1327
242 335
125 720
517 653
535 568
50 1413
148 754
78 744
219 793
303 1156
127 353
837 932
506 614
1289 1402
168 1328
16 657
82 1273
778 1012
9 1344
1003 1165
727 877
1298 1387
826 1214
1068 1323
840 1254
35 1155
24 778
787 912
342 1325
396 1423
1189 1298
127 1347
915 1293
34 916
164 1407
372 562
443 1242
76 94
980 1063
950 1300
660 730
25 397
13 803
58 1096
1296 1319
943 1101
118 636
181 401
421 1074
56 1360
329 346
730 742
374 746
36 691
1053 1205
396 502
683 1029
397 449
628 1084
688 949
1319 1356
577 1379
122 1277
82 1248
1276 1347
688 1307
508 1267
459 1318
510 1089
61 889
650 788
170 1239
401 573
544 574
196 1370
145 343
135 1130
994 1249
306 649
358 918
110 439
867 1396
258 580
778 1374
793 825
649 952
292 636
213 765
1313 1433
571 747
1075 1418
409 881
70 1060
296 1264
44 1397
435 1318
1073 1223
91 818
544 1160
789 1411
149 984
162 429
834 1359
509 833
538 775
719 1160
465 1121
1098 1378
11 55
102 990
787 1146
179 314
1219 1221
329 520
524 905
161 1036
61 572
914 1186
226 1379
266 633
434 861
555 965
462 754
111 130
73 1212
896 939
445 1208
180 1313
482 526
486 1415
1056 1309
905 1107
493 1201
71 1047
1059 1326
118 767
17 1376
927 942
254 639
200 492
816 1294
616 928
291 1006
481 878
346 674
620 708
472 1157
544 1165
688 847
421 998
120 864
421 1423
22 267
368 1290
25 1237
733 1252
636 933
305 535
77 189
357 840
337 904
389 581
765 972
201 445
555 731
723 1395
472 944
352 595
267 790
167 687
165 189
210 1237
522 1170
214 319
1081 1386
247 933
360 1374
337 436
651 856
765 1316
110 671
952 1305
58 183
210 732
745 1021
1177 1295
444 967
434 1343
888 1141
95 569
150 615
697 914
296 1420
728 1387
172 930
209 379
188 976
1265 1381
892 1261
91 234
274 373
5 1101
755 1286
688 1304
6 255
502 589
957 1280
537 1305
33 550
53 117
45 894
1313 1340
363 553
327 748
197 437
245 1069
387 1350
261 858
123 1415
28 51
1117 1175
353 1210
445 1387
218 546
851 1136
1245 1343
43 1367
188 724
155 332
1214 1330
218 1349
349 426
322 757
341 975
956 1358
240 893
942 1204
510 1067
285 1108
166 212
894 1170
688 803
391 1353
798 1062
195 1406
311 1368
167 304
816 1037
283 820
47 94
539 786
376 869
126 783
812 1143
549 621
407 923
171 513
272 1187
209 692
1282 1325
404 624
528 640
445 702
671 1030
160 1141
160 689
9 1051
1160 1418
124 722
238 642
316 410
247 728
578 1302
125 1155
266 317
711 743
143 212
504 1060
65 631
906 1102
698 803
859 1353
514 816
60 139
914 1022
515 658
567 924
839 1094
320 1249
410 588
307 1186
409 948
844 987
459 1296
1125 1435
993 1337
13 1149
417 432
595 1076
362 585
647 1229
1134 1349
166 818
711 1377
31 776
648 1053
614 1051
777 1277
516 1425
687 1258
577 1410
1036 1128
41 116
209 1214
118 644
447 1129
21 1373
549 1098
88 857
82 954
46 185
101 115
810 1333
190 231
755 1117
892 1192
114 830
247 1425
74 606
770 976
25 597
4 399
23 634
301 1409
297 392
235 240
285 1194
265 1120
727 1047
1060 1356
1166 1268
131 607
115 441
544 956
23 1029
599 891
200 967
238 1334
113 319
665 1237
582 830
531 713
547 1269
139 803
273 638
479 1123
351 577
95 1065
1240 1299
272 1039
1004 1261
87 105
472 894
199 506
1115 1215
850 1193
561 966
13 441
600 1384
417 1038
1378 1403
1140 1292
260 505
449 791
291 516
113 1073
111 1283
41 497
1004 1053
1268 1349
1235 1380
1105 1173
299 752
198 522
40 98
269 452
122 1202
1340 1408
400 514
616 1088
204 1078
91 1331
1033 1045
512 1408
147 715
342 1228
839 1192
568 1227
1260 1369
850 1026
236 332
1000 1230
344 1131
353 889
328 618
519 1385
424 529
781 1239
243 1330
609 1394
583 1236
538 1227
838 1205
599 698
761 1292
581 1044
919 983
40 176
395 1380
629 1405
319 564
238 561
393 1234
917 1353
556 1345
1016 1175
366 504
159 1030
720 831
228 434
454 1030
405 677
29 1145
1079 1353
985 997
565 1341
966 982
1063 1277
1233 1435
467 897
114 525
175 581
852 1083
310 510
566 1143
128 1400
269 1094
454 1305
259 958
407 575
452 1152
227 1048
45 1069
327 1111
949 1000
245 729
562 862
162 170
630 1211
871 1333
371 1307
235 795
279 1138
352 1118
434 1281
445 801
465 529
41 1178
322 1164
565 751
393 1009
255 1000
74 690
95 824
965 1064
901 983
175 812
527 998
106 495
120 738
65 567
726 1439
304 1257
549 1368
535 1101
729 1396
68 533
6 77
715 929
139 1174
281 1126
270 660
114 289
8 785
180 921
642 1438
604 656
61 1166
473 903
671 679
508 556
287 1318
395 1364
31 291
539 700
932 1396
1182 1347
707 801
173 573
63 521
1102 1129
615 1038
1346 1414
39 1436
800 1393
490 1343
777 1267
120 222
376 727
885 944
355 879
257 359
416 589
695 749
619 1047
1145 1169
818 932
148 253
51 1388
904 1020
60 71
264 1076
815 1345
835 848
193 1038
1088 1326
867 958
97 512
529 979
863 1094
671 1349
456 675
418 943
237 771
1282 1356
643 1102
27 845
66 586
145 395
1105 1318
743 1262
364 435
748 1338
381 384
138 1231
220 691
489 1110
101 1306
27 1241
80 559
185 207
289 1141
617 758
1260 1359
630 1371
24 26
991 1366
170 915
32 1001
71 557
419 1037
235 948
149 687
99 951
824 1078
432 684
512 581
1103 1365
566 981
745 1236
70 400
839 1239
949 1046
646 775
49 1154
98 317
920 1081
735 1183
11 869
19 1130
585 630
883 1269
637 933
886 1289
33 1230
280 782
257 746
202 1046
299 739
284 1187
93 446
640 1036
714 1048
548 915
96 1429
587 997
589 1325
588 633
103 1144
60 854
548 1134
439 1133
624 667
275 1059
114 382
730 1398
743 1068
901 1006
296 625
3 827
766 1327
716 1087
104 1248
369 854
515 852
530 779
88 327
558 974
432 451
600 665
255 1431
457 756
411 464
1087 1421
58 1123
82 252
397 1097
892 1435
38 910
20 1000
141 1372
564 691
472 939
235 1203
445 747
615 834
494 802
138 900
959 1312
550 598
765 786
1181 1426
31 805
631 689
428 1285
289 348
450 776
378 980
592 1263
171 928
554 1377
1002 1109
44 644
262 1425
1170 1208
702 1139
1 829
552 575
803 1146
600 1030
758 992
453 1022
514 1129
714 1142
6 814
1092 1135
121 1089
678 1303
827 957
264 573
160 1006
356 750
576 834
65 962
77 241
222 651
763 1012
1130 1358
109 1354
304 789
575 1318
871 900
647 759
692 1410
623 1401
61 777
463 1289
450 540
767 1254
247 1299
748 1041
601 878
322 1321
230 1060
952 1089
644 1389
749 1061
800 805
986 1098
1129 1364
581 730
219 1074
341 374
1319 1386
499 1115
1313 1383
626 1260
740 1023
300 1072
175 1257
71 988
309 1074
173 725
473 1348
82 935
323 1152
15 136
86 135
826 901
541 701
182 1413
324 1312
45 234
91 443
513 1413
584 1168
80 1366
504 516
282 764
22 959
48 1133
536 1384
182 389
174 963
70 157
354 1390
352 1412
255 604
506 523
496 1175
66 969
667 869
232 610
838 1201
114 373
205 742
479 887
799 1272
438 1313
265 1440
886 1184
911 1008
101 211
82 1203
848 1360
121 437
289 334
162 435
368 1041
54 902
375 1052
62 1013
440 862
110 114
467 1386
770 1075
519 850
1331 1355
455 950
817 1234
378 1167
645 1317
38 545
374 1180
781 1358
697 1205
1104 1360
706 1018
225 555
939 1005
626 712
94 301
22 934
373 448
220 818
99 692
104 234
813 1306
1052 1309
845 1276
519 872
60 1293
857 909
295 798
938 1028
1181 1283
129 178
173 898
523 1269
163 402
6 1083
463 602
25 1415
364 858
1318 1393
223 599
295 1085
575 1232
454 1045
244 329
86 978
83 998
730 788
8 262
496 684
346 834
578 744
978 1352
126 923
747 1417
413 542
828 1400
470 794
212 1373
827 950
283 580
279 797
281 460
119 689
605 886
828 1019
187 494
11 1342
1066 1164
202 1305
63 1056
96 272
463 669
590 597
744 842
95 1326
355 1110
583 1346
858 1424
120 1023
672 1394
1001 1080
594 1050
127 888
346 650
386 899
119 1095
761 1169
23 1297
689 1157
959 1424
361 598
1096 1428
97 503
885 962
504 1161
920 1240
847 859
135 943
491 720
43 640
899 1102
602 721
423 1310
189 872
729 986
301 433
172 495
654 1426
259 452
137 556
519 1381
326 772
113 160
15 1011
73 1158
327 860
199 756
1105 1168
398 1200
1055 1182
222 750
51 809
578 1164
265 1433
131 792
565 1169
75 286
93 1155
123 385
503 1004
336 833
684 796
170 428
971 1238
1220 1250
9 310
25 33
312 1144
27 1194
558 868
27 704
649 779
789 1369
1160 1162
830 968
1 327
130 1146
1027 1401
595 1291
62 385
511 841
97 878
418 1276
349 970
10 629
932 1440
664 1311
899 966
349 933
1017 1215
1101 1273
42 1358
881 1122
375 1297
371 638
947 1184
438 580
783 1047
605 765
589 848
370 1086
21 231
107 633
84 1149
527 1380
1036 1354
26 319
579 1309
443 1067
529 757
567 737
43 1062
226 1384
1066 1122
80 985
117 1391
227 352
510 1345
178 413
371 910
425 1233
204 1080
847 1372
171 1267
708 1002
526 1232
89 1277
321 736
461 990
494 1170
48 1114
738 1268
697 1257
2 617
1309 1425
495 997
750 1127
510 827
119 402
967 1200
63 861
312 1385
54 367
676 786
908 1429
914 1064
952 1052
8 458
922 1244
13 105
486 1176
362 1432
231 427
81 1179
474 1002
367 549
255 732
326 990
989 1362
341 820
302 398
299 712
1077 1100
284 424
32 1286
645 1315
274 979
346 1008
540 1431
259 1269
264 850
893 931
220 394
255 810
1237 1285
210 906
356 1205
1029 1388
305 1432
218 1131
15 525
540 1163
12 416
1096 1243
611 964
905 1045
201 896
264 793
7 172
847 1033
696 1142
770 1114
634 850
339 808
1036 1275
541 1098
459 964
843 1386
1018 1239
75 888
486 1087
875 1149
533 1218
124 345
722 1432
947 1032
64 450
139 816
27 913
315 810
445 1418
408 1418
169 255
579 900
706 831
229 621
614 1223
551 1418
307 535
219 460
432 1355
179 217
1062 1284
301 1099
992 1201
482 1311
1099 1263
310 677
246 1285
607 921
980 1242
367 598
477 615
214 593
178 630
871 1379
107 636
376 1021
280 1126
408 419
145 160
206 1210
162 788
275 1316
377 1339
157 579
80 265
581 986
332 699
689 841
289 988
502 789
182 1167
1069 1143
324 1164
363 1231
57 84
252 1098
624 767
21 146
278 335
354 1308
150 645
1123 1226
368 1043
552 972
67 716
790 1349
413 955
221 1071
419 841
814 1116
134 952
279 1042
119 919
505 1217
272 808
714 948
364 759
80 1055
88 433
243 1104
444 905
786 1114
202 295
199 378
348 712
109 1283
710 1229
431 527
29 1219
266 1089
1114 1353
112 273
602 1170
700 1014
624 1234
413 844
688 1316
83 352
919 1070
593 740
576 1344
730 875
340 373
59 1356
127 422
192 309
351 1241
1019 1390
1196 1217
271 601
243 624
434 782
106 1440
176 853
699 1319
931 1330
1158 1331
750 1327
288 807
438 1004
921 1255
1 344
515 929
191 1275
723 1051
612 917
6 733
605 749
573 1343
934 968
865 1424
850 1036
770 907
141 376
927 1256
147 958
304 732
525 1426
599 806
432 656
257 1303
118 333
155 779
1088 1178
139 314
58 975
482 488
142 1290
124 1334
400 638
828 974
963 1210
53 460
746 1180
759 1049
12 1079
411 678
80 356
630 673
241 431
229 558
402 1274
760 1343
886 889
303 497
117 439
270 354
1235 1313
992 1112
386 1001
1130 1300
7 1204
63 844
902 940
669 1389
261 1083
709 943
478 825
126 566
639 1232
614 735
920 1315
215 847
328 1022
651 1140
284 758
555 892
750 998
29 1143
750 985
223 581
805 1131
390 802
1291 1309
1137 1348
3 134
104 1355
131 478
498 524
107 862
164 559
229 787
428 767
11 1087
434 1330
347 1036
263 1163
368 1217
551 1260
946 1326
346 1135
663 772
243 1150
62 952
400 1111
28 1331
860 920
32 574
625 1137
842 1096
388 1396
803 1001
576 625
842 1118
194 750
266 1113
423 1026
432 1119
371 478
488 620
441 1254
212 1424
28 367
1191 1220
122 410
882 1209
867 1139
337 568
558 771
305 359
624 1019
241 1137
306 636
460 863
291 1315
890 1203
327 1331
848 1122
134 450
577 1232
386 1315
53 759
221 790
558 1203
676 948
53 392
165 840
201 340
249 277
529 554
539 1020
136 1012
1273 1351
492 657
132 539
233 523
1155 1174
451 775
652 758
56 78
660 1044
603 734
541 561
1194 1239
1298 1370
275 833
743 1275
326 351
30 1179
199 274
1344 1437
854 1220
467 1216
696 1062
142 924
544 742
656 885
64 724
220 383
305 1054
717 1223
783 1162
344 1263
815 1117
688 1257
153 784
576 1000
143 813
545 1110
246 531
205 270
582 1006
177 1161
1143 1161
279 742
183 567
159 352
689 1307
541 1106
1191 1408
1037 1401
193 542
6 1274
663 1159
656 865
1002 1188
332 730
125 1115
510 1408
479 1000
357 1407
1270 1427
634 966
803 885
873 1128
518 1279
152 582
739 1139
60 761
767 1100
419 1197
1170 1322
685 730
49 141
447 1220
33 676
42 301
34 1195
1197 1330
335 466
211 534
355 791
16 308
134 1241
391 1179
1091 1409
550 1263
612 1171
529 1209
276 291
37 1301
62 1378
161 277
401 698
398 739
303 790
617 936
72 188
89 842
1269 1324
90 1373
971 1403
433 1387
353 1028
847 1292
400 1103
684 1267
974 1388
701 1195
153 1166
975 1272
70 813
388 1437
546 1278
35 51
473 1168
142 945
1325 1426
225 626
636 1196
231 450
998 1432
140 346
200 1432
152 1325
68 286
953 1299
1082 1392
303 501
459 551
221 769
725 1063
263 489
426 982
666 1337
372 1069
61 1053
326 745
90 377
6 154
142 222
1047 1167
73 277
532 541
687 945
300 1212
120 791
172 680
503 904
667 669
373 901
633 641
61 652
572 696
784 1143
555 631
772 1144
325 1112
161 926
125 1104
941 1319
255 805
756 1091
455 525
111 481
120 1181
804 1029
253 557
384 1140
79 350
58 953
1165 1335
688 1023
819 1086
1078 1430
373 705
77 505
248 1335
1082 1419
478 1397
713 1191
1223 1227
906 1105
306 425
549 843
272 1345
525 1253
575 1163
538 968
391 887
90 181
713 1096
197 1056
98 467
417 1356
68 128
932 1437
81 1285
581 662
154 1302
853 1344
104 518
544 1074
563 688
1105 1297
529 892
1235 1280
109 731
1096 1306
157 903
244 1322
83 475
1120 1183
417 918
476 912
5 681
1267 1329
221 1271
924 999
404 483
262 804
1098 1323
789 877
21 652
708 722
105 1123
705 1218
32 648
347 505
107 1411
649 751
111 1409
168 578
20 649
734 1291
432 562
620 1426
340 1215
447 1389
969 1404
877 1115
341 1176
203 330
649 1142
949 1380
410 1214
92 835
951 1354
148 512
762 1312
1313 1432
733 1391
1345 1408
61 577
403 1166
40 280
1294 1294
881 997
48 1051
1033 1211
356 752
1212 1232
529 996
439 1439
54 948
1090 1105
15 991
795 1128
127 968
735 1307
1142 1200
258 1287
431 971
701 922
395 648
1044 1099
987 1210
558 839
395 681
391 565
313 391
1034 1166
65 292
565 1358
166 566
16 792
122 236
425 676
610 941
1074 1246
908 995
402 1310
1017 1187
308 429
755 1366
529 986
526 1289
364 398
1194 1201
478 921
1051 1357
525 671
902 1375
716 1321
231 371
476 1300
328 787
96 1197
581 1156
538 1018
234 319
320 572
486 1317
104 1034
867 868
359 869
68 268
635 1229
253 936
184 924
1355 1412
827 1013
714 985
101 608
879 1382
766 1226
1348 1376
907 1417
267 388
748 802
331 486
407 623
67 547
35 1042
27 1148
1180 1304
1127 1258
110 1025
254 1240
930 1340
78 1135
61 897
266 464
155 945
486 1004
766 1211
148 957
209 831
286 685
161 642
35 741
60 1003
493 1135
808 978
807 1424
506 1425
724 1104
1098 1424
415 1105
361 473
856 1353
563 778
562 1336
1034 1063
244 1269
94 386
443 1044
535 651
989 1112
1222 1293
954 1203
278 386
543 728
253 1433
943 1036
633 1268
223 1132
209 1376
847 1012
683 937
26 745
231 1215
880 964
431 1327
442 851
901 1120
608 1206
615 909
1082 1175
445 1440
693 736
623 668
91 1050
1340 1430
1202 1378
516 623
933 1209
446 622
333 672
351 793
165 301
800 991
11 26
1227 1414
796 1304
315 1306
403 575
961 1169
1080 1378
229 539
397 514
1311 1335
979 1355
971 1285
931 1260
253 1181
302 1248
7 760
494 878
531 1348
472 1050
122 838
1113 1422
502 1041
628 1327
131 1389
110 229
554 1008
356 1384
912 1420
1009 1121
408 538
435 1145
390 603
185 286
1202 1365
1224 1407
756 789
616 652
261 1103
591 1417
302 422
1272 1323
185 1165
945 1002
1012 1200
462 1186
84 437
381 1249
516 983
552 789
48 1373
399 423
56 869
982 1087
32 47
350 1024
401 853
413 830
629 669
127 143
144 1143
398 980
570 1010
696 820
69 1208
108 506
215 792
18 63
415 622
423 1366
316 1370
179 1363
22 1289
116 531
643 810
979 993
69 1036
270 904
718 922
1059 1223
418 524
603 722
8 1240
42 105
145 821
817 1014
516 1258
84 1362
495 807
762 1291
382 778
831 1135
1159 1292
72 296
315 736
325 786
768 1199
853 1309
901 1010
290 1391
473 838
219 530
25 614
899 1111
39 940
401 527
138 737
364 894
983 998
665 955
581 1408
169 1218
749 1376
1420 1426
293 702
119 410
648 1268
927 1239
137 536
1169 1258
332 1180
420 500
187 297
560 1440
78 234
429 1081
187 525
793 887
70 580
1238 1298
67 839
23 1305
93 341
68 1202
630 1026
996 999
467 647
73 719
813 1290
1020 1417
734 746
435 481
13 1187
188 1146
995 1149
8 832
834 892
443 933
261 871
353 1318
340 1203
45 1162
406 656
784 935
394 745
1156 1409
819 897
827 1312
712 949
106 230
961 1243
835 1421
239 253
828 1338
984 1091
735 1392
456 511
997 1167
318 705
313 688
577 912
460 984
186 493
321 1304
1045 1288
331 1405
102 904
79 709
739 1016
454 1295
263 657
335 1387
386 391
610 1310
266 1391
250 722
982 1248
184 187
999 1068
310 647
884 925
450 1334
382 1306
531 547
191 531
948 1295
1021 1246
547 1127
885 1025
266 359
865 1171
319 956
1069 1390
273 865
534 1249
75 244
887 1260
832 1438
1202 1337
546 1223
194 441
247 1195
224 316
693 1254
636 736
448 845
854 1222
602 651
889 906
956 1051
429 1404
816 1408
109 1221
664 1071
367 1371
1252 1419
586 876
968 1149
89 112
988 1415
87 1124
1024 1212
182 1358
443 1337
995 1219
1190 1301
12 1341
281 1025
781 1295
656 1089
455 1230
662 870
400 668
111 773
838 1337
259 743
276 1293
232 1383
27 1245
725 1190
15 296
217 1405
591 716
91 1194
1201 1424
494 1249
602 641
9 46
978 1166
303 347
918 1372
113 1282
409 1189
89 680
1223 1318
741 748
76 1392
589 745
44 167
980 1021
321 792
953 980
762 1224
990 1089
237 914
780 1069
523 1245
73 442
206 651
457 1345
179 1129
1257 1309
984 1264
657 695
490 502
300 853
519 548
908 1133
579 1404
282 669
417 1244
366 570
601 1326
142 1176
929 1099
152 250
194 608
1335 1424
40 386
639 910
622 1427
487 714
404 876
859 1165
298 970
1085 1171
57 1213
781 1276
436 735
144 960
672 1378
879 1029
133 1120
890 986
172 604
566 1121
371 1006
276 1299
157 774
317 755
643 795
911 1188
997 1228
164 899
142 898
116 264
1017 1364
247 955
1335 1405
37 187
1003 1016
9 401
185 604
151 826
269 587
626 1281
1267 1359
269 578
411 555
357 729
295 1333
382 921
233 903
207 994
566 1016
98 1006
214 739
668 1087
1027 1370
94 1069
1281 1397
1355 1440
1016 1088
70 293
375 949
565 1138
1045 1200
4 944
179 1237
17 1114
1230 1426
958 1121
962 1371
1151 1387
537 1056
1256 1380
71 352
327 894
917 1125
619 1094
207 321
530 539
178 885
197 384
969 1422
573 628
31 652
576 1437
1213 1321
497 642
374 653
1210 1405
84 1367
108 1188
203 481
1106 1274
341 1153
106 472
1036 1139
881 1273
1162 1431
273 396
475 573
1088 1286
331 1147
828 1200
105 226
964 1270
907 992
237 384
586 926
305 771
35 625
490 760
122 387
755 1016
369 1182
757 1436
179 817
459 750
178 1187
10 227
267 1055
320 1225
261 313
658 1336
6 815
237 286
91 810
725 1161
73 1123
384 600
188 1273
343 879
450 496
169 789
136 1392
505 1006
633 1099
432 1336
244 421
47 1041
632 1312
92 207
261 895
738 815
319 1014
1028 1278
589 928
905 1037
291 486
1131 1356
157 258
76 480
38 235
230 1420
116 762
221 271
1129 1373
350 567
47 227
388 708
236 806
366 722
42 1012
889 1081
421 1404
505 1099
948 1062
926 1267
349 1020
867 1365
306 1356
180 1271
704 1167
660 1182
76 1291
577 819
46 539
476 861
703 995
617 1367
372 1007
167 1377
473 1199
314 398
386 798
184 437
160 981
43 1009
53 933
459 1275
561 818
138 158
54 1077
1277 1386
318 1191
277 1350
1116 1123
338 901
481 660
977 1086
14 1248
202 258
353 405
216 1349
306 728
223 534
222 1365
843 1135
704 1105
647 1163
629 1112
858 1102
69 136
521 1314
675 1400
45 1316
778 1294
156 562
140 674
179 1198
59 926
585 1349
320 820
372 893
256 970
45 95
664 858
784 1343
867 1254
479 1123
63 1029
924 976
789 1107
131 248
1058 1403
548 698
112 227
611 1029
482 1140
293 1344
890 911
255 652
360 534
333 912
216 251
76 112
783 1260
754 982
49 624
98 570
58 171
908 998
1159 1222
240 402
642 1343
227 532
33 1114
164 195
145 962
100 1266
500 521
929 1282
198 758
1147 1368
311 422
1054 1069
337 754
336 1136
345 886
91 665
605 1381
389 490
193 715
533 1224
482 1230
920 1109
859 1316
265 1276
608 860
765 1331
773 1083
587 1162
233 575
461 582
262 438
739 1125
71 453
191 647
11 636
444 1074
101 1200
29 113
951 1384
96 737
824 1379
867 989
1215 1330
481 1392
6 663
783 1264
466 693
640 730
294 1019
935 1014
519 907
331 449
556 965
401 814
482 1388
317 1030
189 1176
480 658
616 1394
852 1282
449 675
546 1375
528 857
929 1027
479 1029
85 819
95 316
317 945
12 477
770 979
412 568
696 1092
969 1301
523 1127
233 354
392 897
633 1239
1307 1341
145 234
4 455
28 828
464 885
419 799
1112 1368
300 736
70 684
74 846
930 1396
107 657
194 596
183 1312
201 1168
284 735
94 339
739 1274
783 1344
172 1143
417 1155
396 451
38 559
875 1249
257 1368
620 1208
245 266
1114 1282
368 948
32 684
608 823
1105 1284
498 905
384 902
361 809
807 1112
385 895
235 505
643 1334
18 1019
603 1294
886 953
274 415
389 492
214 1370
25 1252
183 1090
106 111
297 687
422 700
680 1139
361 678
631 1135
601 1133
522 1128
637 644
570 895
463 1291
508 1259
72 1326
1103 1290
323 1323
822 1231
773 1157
162 651
433 1070
366 501
1008 1356
683 1147
33 611
87 203
399 848
420 1123
425 433
59 857
133 1119
506 544
814 1260
488 1421
12 350
1041 1356
818 1296
1201 1256
270 1214
1315 1393
506 1249
613 1203
551 828
602 1316
419 1343
45 1236
315 1148
640 1009
142 1278
426 1265
601 1405
266 509
543 686
1309 1339
72 228
1221 1228
254 987
542 655
558 1227
61 977
1041 1399
345 880
523 1393
39 799
508 1290
407 724
1088 1298
668 1045
687 1437
713 1435
519 1360
275 1285
804 995
574 780
115 315
1024 1051
527 1304
712 897
837 1179
12 227
391 790
19 686
178 678
370 660
69 145
186 916
53 150
810 1315
689 830
110 235
799 887
301 761
179 1204
72 1193
147 582
1093 1319
11 515
457 1139
179 283
570 750
880 1041
968 1285
652 918
404 1162
66 969
112 657
631 1371
868 1322
530 708
13 155
688 901
353 916
97 332
1280 1332
1108 1395
1065 1257
180 667
1208 1380
494 541
223 707
598 1271
582 764
676 1406
1103 1292
1120 1161
170 1295
79 663
616 1139
949 979
407 1337
776 845
287 916
521 546
3 1380
9 1360
757 1377
139 764
685 1283
384 1260
790 1120
552 1305
806 1231
966 1036
246 1143
456 850
816 1223
379 701
1248 1332
241 932
749 839
941 957
1267 1419
1187 1259
797 1059
553 1143
750 1178
623 1407
590 1156
463 756
1207 1271
197 491
693 935
157 687
296 466
492 1426
1096 1259
320 995
594 748
31 819
337 689
291 319
1068 1440
34 169
290 1312
302 921
551 1131
374 1305
330 1388
327 1361
334 1237
700 1210
327 612
299 1144
142 309
1259 1403
157 239
1086 1126
254 964
493 1025
360 1131
130 206
77 1023
446 1402
419 1088
405 1058
622 833
960 1111
207 679
345 1297
948 1172
60 211
333 832
638 1007
134 494
853 1102
160 1217
389 1231
196 893
889 1412
133 1404
29 416
523 785
603 1360
24 1335
145 749
161 468
308 1037
63 724
153 1111
343 1073
148 914
719 987
690 835
274 1375
681 1364
451 987
723 1333
364 673
206 1428
285 936
526 1428
1005 1326
879 1349
392 624
910 1290
290 1100
115 1063
481 1236
155 619
181 461
947 1248
714 900
364 814
421 756
568 1175
967 1333
83 577
21 1347
439 516
483 1171
582 1230
238 1085
415 1040
132 1397
172 1343
734 815
527 1036
81 116
462 933
145 405
237 404
445 959
62 412
1215 1269
58 916
55 194
192 310
452 1376
104 615
628 1000
501 1374
684 1373
591 670
65 686
594 651
769 1342
243 920
807 1021
72 772
398 864
326 482
365 742
436 1289
778 1088
980 1241
1135 1342
603 736
156 1287
176 345
354 1201
57 1056
576 788
1053 1410
225 739
924 1202
109 222
761 1057
40 861
274 287
5 636
1160 1365
208 615
593 974
46 1409
196 1200
481 788
112 283
289 632
284 622
56 1205
638 1310
38 870
926 1327
343 1274
916 1068
504 952
178 242
1043 1400
615 965
324 861
646 1175
26 1226
609 1142
204 1299
447 945
377 1058
67 1335
540 1052
157 1407
462 668
306 943
136 290
424 485
855 919
406 828
115 189
619 1056
85 1246
1229 1244
461 488
285 1060
339 809
257 1361
682 1281
464 1385
833 868
24 1280
9 1321
434 1073
18 196
514 1287
687 1138
380 1168
827 828
516 596
616 873
228 733
345 1058
9 810
45 1288
205 1043
761 1150
1141 1340
352 420
149 561
23 91
633 800
357 1081
251 1222
424 1370
178 1335
50 980
415 755
412 546
146 503
81 720
974 1055
123 224
533 962
413 548
361 513
107 936
745 1075
57 206
470 1155
280 463
151 1120
545 1386
252 1265
510 1394
332 929
188 1389
850 917
478 1342
700 1327
787 902
54 314
984 1153
34 445
347 738
132 372
126 1202
970 1153
820 1223
443 855
911 921
83 159
362 513
906 1000
531 898
529 1054
98 1185
235 521
47 156
240 1103
84 714
770 863
158 741
751 1272
1082 1431
1120 1430
113 888
493 1364
943 1105
964 1431
90 1255
811 842
758 1204
334 1110
748 847
459 1344
94 444
77 217
597 1345
80 509
275 1375
590 827
189 272
561 929
1066 1219
873 1373
1151 1232
314 956
571 721
345 850
423 1100
612 757
505 795
999 1109
261 1322
544 798
168 1145
1035 1098
253 920
85 1293
121 304
1295 1409
506 822
1129 1374
176 1208
645 1243
719 1286
425 1196
693 1077
1377 1387
1134 1147
1077 1166
1 53
1161 1392
861 1412
498 1138
293 643
643 1260
1009 1260
1214 1390
917 1432
350 1431
516 566
223 1356
741 905
121 1045
127 750
230 285
666 709
748 868
209 1131
137 662
751 890
221 427
204 720
448 1293
415 492
550 972
339 497
979 1049
43 902
914 1117
73 853
404 1347
661 1175
718 936
220 827
229 1390
248 1337
386 590
866 1235
413 1037
888 977
666 1179
221 290
821 1103
597 812
26 514
593 1019
30 753
348 1129
50 1349
1091 1432
418 729
329 395
1023 1273
250 617
301 681
126 974
36 463
733 955
693 1017
798 1108
403 1097
417 1224
124 1349
15 1405
132 1245
251 1322
151 433
467 1224
537 911
647 1294
738 870
391 508
623 665
668 1073
457 1091
1197 1245
404 972
205 1315
206 1270
136 473
436 1044
120 400
113 221
349 1401
560 752
288 1322
411 1031
632 1206
482 485
391 1094
297 894
531 1230
588 635
865 1012
575 1105
285 539
321 395
891 1313
355 779
416 682
241 479
50 1008
402 1312
635 1266
326 960
886 1302
120 1008
871 1025
341 464
825 1037
827 1191
515 1137
447 826
1116 1206
676 1062
1005 1096
490 1249
278 1163
653 879
410 1056
810 1186
245 358
969 1187
502 1426
50 439
152 419
372 938
427 1202
698 831
722 1176
614 1265
452 573
808 1105
185 1270
266 1290
785 1045
149 170
405 1412
377 1368
465 753
32 626
1000 1201
239 1024
105 420
835 1235
170 1389
559 1355
22 454
1095 1435
1039 1428
676 844
144 1244
473 1264
100 426
522 1391
550 1371
1014 1139
44 1214
981 1082
338 1289
531 995
7 586
535 785
12 153
165 860
310 984
409 986
474 925
719 1091
408 800
183 718
790 1307
512 729
919 1044
433 673
75 960
740 1364
423 1267
479 597
622 1398
1104 1170
457 1408
577 910
89 422
741 1332
371 528
449 547
1000 1133
490 787
311 512
394 1035
231 855
1103 1333
387 652
102 399
958 1128
381 892
348 1315
935 1241
848 1222
100 913
23 459
537 1242
189 201
229 370
1005 1139
755 958
698 1089
549 1025
108 929
377 1006
133 446
57 443
395 996
226 776
1077 1214
85 1390
411 558
1156 1235
259 372
801 1250
127 1393
220 1390
208 421
325 1042
440 1384
99 295
924 1388
589 1022
302 373
90 857
458 976
360 508
134 219
533 884
530 967
374 995
264 1060
483 535
166 1312
763 1233
843 1181
90 776
244 1108
356 1427
229 1170
717 1395
326 1390
182 261
255 1378
857 970
157 1109
37 224
588 972
433 1182
761 1032
19 571
11 863
13 362
538 591
347 578
227 939
51 866
178 1238
845 1031
1210 1434
366 1043
418 1036
963 972
1207 1397
447 1250
76 622
1152 1233
319 944
770 1210
53 744
172 1411
519 1249
2 1225
1137 1264
775 849
225 573
580 1164
710 1198
71 82
356 1316
64 782
730 1031
417 891
361 1232
236 1079
158 694
648 1251
991 1405
556 1287
326 558
204 719
334 1323
185 893
5 998
386 1317
161 1383
67 587
717 848
365 642
1091 1330
36 680
243 1232
1036 1380
149 877
60 158
145 249
214 246
217 972
329 1234
351 359
182 1111
263 366
312 1336
303 1074
984 1092
158 837
560 887
315 758
556 583
919 1403
158 910
725 1046
448 1168
497 1368
236 1432
2 622
108 1391
565 1369
475 1325
53 353
500 1173
141 823
647 1170
104 406
707 847
132 1260
952 961
139 355
933 1166
145 501
540 758
263 1439
472 1026
1264 1362
415 1234
953 976
725 849
284 975
984 1379
707 1255
149 1115
297 665
270 931
850 872
331 1114
327 413
774 1213
130 1319
156 847
334 799
177 1280
42 1117
656 1363
468 1100
558 715
783 1066
956 1195
594 835
868 1435
738 1026
252 608
365 590
523 1081
373 513
38 328
1046 1294
731 1037
466 975
876 1259
471 670
267 1158
3 324
141 843
287 616
686 934
284 1357
362 1292
254 674
1032 1091
940 1395
8 697
310 1043
386 420
330 1293
1086 1298
1272 1352
308 625
328 1353
415 858
759 1306
1 498
1280 1302
884 902
254 1337
133 979
886 1233
467 800
185 1437
345 991
603 926
121 147
344 574
848 1287
440 1237
989 1330
157 604
514 1308
531 672
541 644
755 953
791 990
840 997
703 1030
537 543
1120 1126
436 1053
862 1213
790 1426
243 450
690 1439
339 541
709 935
632 718
851 1333
677 1201
71 868
546 1405
827 1139
541 627
176 670
170 969
30 1275
406 733
523 1356
940 1345
97 1361
42 1152
212 1374
479 727
814 815
179 403
439 1338
742 995
344 704
391 532
1037 1286
359 1404
690 799
466 718
408 443
523 1399
418 1227
344 885
669 840
858 1152
195 1383
305 542
164 1436
292 686
348 634
414 744
235 297
973 1329
196 1379
1267 1409
1172 1245
166 1422
211 1025
583 829
289 1221
471 852
821 857
110 579
612 970
186 360
534 768
751 1180
489 1304
308 1134
1116 1198
362 1045
77 723
488 554
218 357
344 789
827 1274
390 547
137 577
160 207
549 857
362 1356
177 1245
242 1375
172 1070
658 1080
528 1024
657 1316
436 1200
236 1238
92 495
279 505
396 796
200 666
670 701
565 1051
658 1201
385 523
187 672
295 831
531 1132
489 767
871 1428
319 700
168 747
375 485
805 1396
564 633
121 432
788 1345
39 269
251 480
1289 1353
78 483
159 205
87 290
55 798
433 965
12 333
1072 1440
553 1039
450 751
58 1407
401 463
61 750
88 227
602 1143
204 603
422 1342
299 462
1149 1183
86 937
90 467
309 356
336 746
265 1280
282 1301
322 953
127 850
223 1101
421 488
256 500
19 231
206 1132
326 602
1050 1438
421 504
211 529
69 1087
1156 1365
66 1039
189 213
200 450
102 617
1101 1366
489 760
1154 1224
604 1140
24 1160
1031 1081
608 1357
83 249
1296 1391
425 524
367 1167
323 1183
484 675
727 1104
295 1067
326 1204
68 578
509 803
213 900
271 478
279 477
625 1026
664 785
55 384
412 1104
73 96
83 867
900 1158
394 1233
537 1432
357 376
188 1338
157 841
823 1318
691 1212
1190 1349
1094 1203
776 1411
597 1411
216 725
61 760
187 1342
276 694
420 1378
294 302
1018 1326
54 134
57 749
534 1136
11 328
360 865
183 1427
452 1419
1048 1096
1186 1419
59 829
1021 1181
1019 1218
258 859
703 1277
602 738
338 603
309 832
836 1373
700 1276
225 967
87 1221
533 1109
630 1258
1040 1303
1368 1400
905 1323
931 1025
707 1029
282 1350
27 553
367 434
751 1138
662 713
458 1432
46 1109
206 761
812 901
942 1020
273 1194
454 731
154 1036
229 478
113 290
354 500
649 770
432 1197
1072 1214
420 1197
191 985
676 1140
1201 1254
205 1370
375 1238
741 1341
803 1298
492 988
4 269
314 541
1238 1348
649 898
7 758
353 545
362 818
286 521
303 1232
639 1278
23 515
1101 1124
407 818
408 711
100 180
64 401
821 970
213 353
526 1376
9 447
1070 1090
621 809
36 735
465 652
143 791
133 372
128 1111
281 643
361 1351
524 954
258 718
288 328
147 1080
388 1352
768 1096
206 635
42 1092
613 968
629 1350
115 1074
299 942
64 448
457 786
905 1344
647 1083
829 1269
6 844
1240 1370
256 779
443 649
906 1396
632 817
86 927
1346 1387
825 1338
948 1126
133 724
186 303
594 941
105 1008
415 487
745 1439
260 298
647 934
47 503
493 660
675 958
401 1247
581 1059
30 1027
527 676
310 1080
135 773
566 777
305 996
54 1292
610 761
442 580
575 880
364 652
307 933
194 1235
427 568
3 61
448 1433
569 834
223 595
313 1126
960 1290
316 325
1026 1423
1062 1426
350 719
265 1164
732 982
170 206
117 984
646 1115
465 1177
1337 1365
340 1392
103 428
107 986
279 1303
157 1170
465 603
588 638
82 331
237 1269
19 104
160 653
943 1233
399 673
127 245
180 571
641 1028
134 601
524 1134
910 981
99 282
560 1427
772 1057
340 991
209 308
711 1438
469 1236
1270 1420
296 638
689 1053
676 1364
1076 1135
802 903
84 248
695 707
368 666
306 892
208 1386
612 704
678 1338
460 1123
13 910
186 754
132 203
451 1364
26 628
184 1226
48 657
610 922
159 1404
510 882
261 501
582 1422
191 670
65 1225
923 1411
135 503
510 1018
829 938
1026 1379
460 1114
701 1256
819 969
909 1345
53 751
573 1393
452 1142
545 1148
493 1298
637 1354
227 1406
495 1266
990 1376
37 174
534 1365
530 1246
143 1250
773 1334
353 859
124 1249
512 1085
407 1063
71 720
267 740
7 148
840 1017
468 603
285 1288
490 713
141 645
555 1222
451 1159
248 993
690 854
314 1202
540 1427
127 1361
186 737
164 263
1007 1055
155 1061
220 384
472 535
823 836
31 192
762 1184
164 507
550 583
48 1005
390 573
40 938
1115 1347
245 415
603 873
813 1300
650 677
5 735
44 544
1155 1258
1041 1134
320 461
259 313
114 1212
398 1330
135 1309
301 834
1011 1433
470 987
796 1221
807 1332
60 895
983 991
13 942
231 324
87 1246
117 547
1231 1272
693 1359
157 1107
143 842
170 965
660 1225
53 608
299 1331
99 1159
15 382
133 967
788 987
686 924
590 1408
957 1367
256 482
278 1378
146 1287
1070 1292
644 1228
631 777
385 1117
209 287
152 750
63 236
270 562
54 1181
168 197
147 1063
1034 1316
704 1306
800 1236
1064 1222
75 552
768 1302
164 684
1048 1356
1 185
120 1312
100 1088
1122 1145
143 641
345 447
471 1021
357 806
632 743
749 783
1112 1350
1369 1424
38 1224
693 1258
129 386
215 326
169 315
721 1224
53 837
687 905
90 192
302 488
393 963
423 1313
364 1256
184 857
219 656
994 1308
625 1136
2 1106
583 1069
920 1231
275 1420
386 492
62 165
430 1368
568 1385
1061 1084
65 565
743 876
492 981
274 588
457 858
228 910
382 974
251 319
638 878
241 895
427 899
666 808
347 373
1151 1402
838 904
1418 1426
772 1279
526 1333
664 810
1206 1303
1211 1402
1012 1142
837 1191
328 465
1252 1353
391 1392
224 347
271 953
455 996
71 351
411 1220
1230 1242
841 1097
115 259
876 902
787 1019
165 325
913 985
151 519
253 905
367 725
947 1015
295 1007
252 800
111 705
347 962
917 1286
9 862
174 1196
439 825
341 1103
458 711
75 383
220 1151
499 812
827 1235
115 1137
16 1019
321 1076
879 1179
863 875
848 982
732 954
435 1231
895 1287
366 705
433 1227
848 1284
260 1204
868 878
633 852
69 1351
199 880
603 1308
549 909
69 1394
175 265
108 355
82 1211
331 964
175 213
526 904
214 1258
267 1425
812 1088
807 970
387 790
501 690
571 995
236 930
176 1396
56 137
22 176
770 773
206 537
1173 1288
582 1401
900 976
74 1120
692 1065
229 1382
668 893
50 503
339 653
446 627
330 928
545 1375
1111 1215
978 1020
864 1091
1016 1090
170 442
246 1301
152 1034
577 731
692 982
278 1019
131 218
286 1176
974 1158
1020 1232
66 693
287 563
459 832
231 870
273 1356
402 1235
821 824
114 597
460 798
60 1035
1376 1395
1319 1360
68 927
543 727
1098 1213
1136 1289
178 933
1269 1277
384 688
534 589
456 1198
547 760
1182 1337
419 907
295 1070
322 1318
24 269
277 1071
313 483
302 1366
991 1204
189 857
143 834
445 1179
289 1360
989 1117
1187 1243
802 1114
1351 1399
719 1240
1241 1403
257 267
130 370
1259 1302
337 592
167 682
296 477
5 1319
424 1196
906 1246
363 763
190 1141
385 1317
981 984
526 1220
1040 1338
248 828
627 941
310 1195
345 771
809 1327
401 857
232 1108
844 1314
38 937
428 1169
150 1120
407 753
72 1388
4 870
83 1323
956 1170
230 1201
964 1238
608 915
63 798
148 808
418 703
553 1072
321 1028
776 1280
831 1307
46 1322
337 832
582 973
190 786
364 1093
541 749
327 1157
604 1346
1102 1368
216 388
382 1095
44 395
945 1021
512 1349
65 963
1183 1194
603 988
430 815
1315 1401
202 1120
472 680
704 1091
1076 1336
587 734
526 535
676 1207
1091 1098
1310 1337
225 973
343 989
710 1342
501 1181
77 361
115 1087
1057 1437
485 1411
665 1016
165 631
296 1197
496 697
350 1429
918 1208
1160 1427
224 307
436 738
649 1376
645 1384
305 850
352 1122
477 676
766 830
466 586
844 1355
785 1398
227 309
231 1375
942 1113
487 1156
228 293
783 1027
615 944
968 1342
901 1268
546 902
70 1002
515 1253
225 387
44 214
1127 1280
508 626
120 598
516 1070
868 1076
194 1431
251 822
30 236
117 1233
23 562
771 1291
333 532
343 1235
155 669
398 1179
709 750
76 96
164 1369
488 650
307 1166
851 910
1016 1034
847 1106
817 1078
109 362
1056 1181
376 1026
677 1137
1171 1228
1162 1213
9 567
40 548
128 774
350 855
497 789
107 196
330 875
520 763
188 847
29 1059
425 847
906 1047
13 578
767 1030
568 1095
10 333
192 1172
86 478
1102 1323
368 1193
537 733
250 1298
523 757
306 1146
393 682
971 1267
678 733
217 831
566 583
331 1178
242 1282
740 1245
344 784
1053 1297
378 942
1143 1197
559 1229
194 1372
303 948
807 845
77 693
1119 1228
708 1381
721 1305
169 1036
627 1314
78 692
385 1235
735 1244
1358 1433
707 740
878 916
407 634
435 1236
423 577
915 1389
197 966
1006 1342
639 1119
492 1354
409 662
509 1193
289 1149
1032 1250
163 933
999 1316
421 530
159 1176
422 990
54 1168
280 709
240 931
623 1120
324 677
505 583
244 800
211 488
820 1346
681 842
544 1302
555 977
1035 1087
483 1110
778 1386
2 1167
1110 1306
330 434
241 781
257 1023
56 455
11 176
867 1162
50 101
681 1136
993 1172
4 958
112 477
273 786
198 801
427 1425
190 887
107 476
225 710
263 1011
611 1424
78 522
16 215
180 700
570 1246
361 859
442 707
546 593
151 1005
1088 1223
78 438
466 648
167 1116
691 1019
210 730
541 1344
1315 1315
337 1238
483 1336
34 77
249 501
98 458
642 991
429 492
435 1326
1318 1403
513 604
20 101
703 1218
23 447
804 1253
134 576
83 153
879 1339
492 1381
378 567
303 968
946 1288
454 731
31 824
135 505
607 856
49 992
124 1281
634 704
518 1354
1205 1250
1078 1384
365 1226
919 942
1336 1355
115 1144
15 1026
41 574
88 1410
1147 1311
107 261
478 1358
306 1239
620 692
1276 1377
1206 1218
225 278
425 1034
422 1092
61 470
490 728
576 598
1162 1349
1025 1284
441 663
540 1388
620 1370
920 1331
254 860
185 592
1039 1195
975 1014
344 862
45 969
287 749
615 1070
643 1331
414 903
859 1204
168 1406
46 1365
1157 1242
700 718
395 1307
428 1247
1357 1367
359 632
406 1255
632 659
40 54
254 1109
137 1073
67 249
216 1398
651 1173
632 1150
157 420
167 1167
445 1338
439 1319
855 879
656 1330
1133 1375
435 903
707 947
361 1369
366 1057
609 839
531 1353
490 795
174 938
37 679
451 1416
577 765
905 1104
363 1200
37 1422
428 1113
1143 1317
495 1034
210 1358
72 920
1137 1196
330 1061
426 508
349 1418
244 817
681 1200
701 839
159 520
613 1000
232 677
232 1316
88 677
76 503
594 970
205 989
394 1045
568 1383
129 219
69 278
161 508
586 1203
790 953
985 1259
1153 1286
281 532
151 1006
119 593
1015 1273
623 1342
642 1165
96 635
182 596
705 986
817 1385
102 412
158 400
1005 1354
1334 1363
347 713
346 599
496 728
1239 1403
474 1232
322 573
536 780
1011 1155
2 751
574 934
70 563
317 1095
497 1270
1115 1436
754 1246
485 705
308 1058
1153 1354
621 863
665 1103
142 710
530 792
17 1146
248 1337
267 545
497 1008
237 922
179 1162
319 1276
460 927
692 880
155 961
236 957
84 826
498 570
2 890
453 1131
200 1017
999 1036
816 1088
1218 1302
364 1327
692 1305
445 1386
158 183
855 873
444 930
1196 1269
564 1282
423 608
664 842
549 817
106 618
210 1364
22 1081
374 1388
557 1214
759 798
1107 1228
110 761
7 547
316 839
524 537
100 1339
419 959
554 1218
383 436
1121 1194
814 1174
730 853
393 1094
612 795
894 1310
6 545
129 834
379 669
134 1439
162 294
190 953
186 263
740 923
378 1119
360 702
33 1200
2 97
796 1288
234 358
429 857
1271 1276
850 1300
743 1088
359 746
337 360
1116 1125
176 442
458 559
449 1108
1249 1254
807 957
649 1039
339 409
754 1119
1178 1349
157 1128
129 758
462 494
225 1133
338 1412
393 1103
1029 1285
825 1038
951 1163
452 1210
583 1129
65 94
13 816
797 869
813 1428
502 606
527 1338
814 838
397 874
1222 1390
955 1140
204 731
141 624
1215 1300
647 1320
743 985
356 949
36 492
776 1423
815 990
504 672
646 1325
309 1338
118 758
206 1055
436 854
287 1224
1306 1365
173 1143
690 1374
224 1310
45 103
406 919
1319 1368
777 857
628 874
366 674
570 638
999 1091
349 811
371 1135
510 918
407 489
675 1398
530 620
468 838
60 1353
1032 1432
375 521
384 905
837 1339
229 1029
519 586
742 1388
203 901
2 1044
76 614
357 1260
572 1010
78 266
288 623
988 1407
383 1005
610 757
363 1247
270 479
843 978
219 993
111 1077
24 1161
289 722
348 1184
776 1102
51 1150
22 88
78 410
134 908
1034 1172
520 744
89 180
227 1361
794 1053
144 768
1301 1361
504 1226
712 1050
524 975
499 1174
161 900
177 559
203 703
846 1152
1087 1216
416 989
30 834
264 1349
560 1400
915 941
1070 1168
86 177
421 1000
88 422
387 463
728 1061
115 370
338 416
220 1265
492 870
536 749
596 1375
7 865
868 1335
70 909
540 903
625 1136
729 746
386 1323
9 1060
50 1345
602 871
300 695
255 407
414 1007
136 1101
167 1222
313 707
195 993
267 1321
946 1181
582 679
539 1179
858 1027
71 132
582 1413
770 1433
387 395
769 915
1156 1240
897 1257
462 901
461 998
147 660
309 875
526 1015
386 1158
878 1428
422 976
963 1271
767 1369
301 883
780 1047
89 559
500 571
159 461
1115 1392
875 1047
308 500
554 639
217 552
784 962
804 1193
462 1206
126 185
930 1102
535 1044
248 888
692 1174
1040 1092
103 110
613 780
52 779
980 1311
927 1125
354 483
656 1424
349 775
769 978
675 993
40 916
154 313
284 353
824 952
169 957
894 1180
861 1302
293 1269
232 616
175 475
622 1283
61 635
502 891
101 974
613 642
1058 1221
58 1274
443 992
740 895
1055 1166
579 664
7 1368
1141 1387
609 1233
1325 1416
1075 1266
56 1392
18 840
509 980
838 1170
278 377
957 989
1160 1163
227 1254
601 1118
233 330
626 980
673 1081
65 739
65 727
604 890
407 645
1098 1106
958 1315
776 1030
366 1049
1091 1404
270 349
861 1189
92 357
623 887
350 841
966 1381
333 761
879 971
371 458
416 892
365 637
1105 1429
69 1072
42 124
320 1332
146 1194
921 1185
717 872
233 1076
132 937
834 1232
909 977
430 1329
69 1284
447 578
899 1424
371 689
790 916
879 894
233 438
643 941
101 155
945 990
97 321
378 1343
143 658
219 380
329 567
522 1420
606 1132
316 1353
777 1095
126 168
1163 1311
763 869
110 286
616 1309
393 1214
388 405
558 709
121 192
56 335
49 1191
1036 1324
291 660
274 900
534 1373
234 825
88 789
776 983
91 181
423 1117
116 360
816 1071
275 987
515 830
955 1271
888 1362
547 752
478 1335
172 964
352 414
111 927
433 1149
64 417
737 1194
100 304
342 584
1154 1167
89 306
451 593
799 870
656 1267
211 1135
1157 1372
116 1177
696 724
70 290
322 1145
757 1076
945 1142
798 986
542 967
320 450
682 1049
479 1381
224 1007
439 1319
580 1113
113 967
833 1090
83 703
884 1247
53 600
299 896
710 1160
39 167
200 1008
931 1072
698 1267
139 1364
453 863
248 1285
495 666
663 953
8 734
661 924
742 1348
136 1361
952 1400
476 572
419 1206
281 911
55 1085
868 1189
643 1432
604 977
8 844
211 592
1223 1343
435 501
195 695
405 1237
394 1183
449 662
479 1087
908 1327
615 678
716 868
394 1360
261 723
527 1384
499 810
253 770
508 1146
1040 1041
1158 1248
681 1190
752 1320
1245 1327
360 942
234 1298
22 400
90 228
119 827
347 485
716 1004
152 1041
340 572
386 722
1041 1091
449 907
1204 1371
420 639
882 972
183 274
242 974
624 711
376 947
960 1162
19 650
308 1192
747 1274
170 1015
588 701
104 354
202 1328
664 708
228 506
599 601
666 1100
113 668
714 853
611 651
479 778
385 1072
394 968
379 992
498 868
693 1003
507 1197
326 454
661 1118
500 1169
440 806
795 1425
1076 1178
116 1094
12 1340
60 1083
31 1075
102 1000
169 214
117 1081
923 1339
1079 1129
256 1242
253 485
188 748
605 1158
1169 1417
204 946
292 970
149 571
168 1127
559 627
266 1413
416 689
534 1338
675 1008
676 1322
262 1159
876 1333
735 1268
207 689
513 1318
58 1171
33 752
476 1358
434 1264
609 1355
1037 1056
634 888
79 102
1019 1070
577 813
932 1265
253 559
691 1150
862 1256
446 1400
339 810
267 463
56 1436
89 785
663 808
1197 1260
306 1294
17 558
164 1102
259 816
73 1432
405 1097
897 1046
74 1352
666 1290
198 1023
78 764
639 945
733 785
968 1315
772 1020
407 559
671 816
1285 1325
773 1177
257 805
402 1371
487 1351
232 653
641 1382
499 1138
161 446
11 854
45 1351
265 1344
92 397
343 794
827 1036
359 646
825 1027
339 589
1028 1227
345 438
50 1187
141 784
141 1205
264 507
883 1287
346 1097
303 1305
613 735
20 1180
987 1008
100 259
289 597
501 838
398 1095
289 711
177 786
276 1147
1093 1148
149 697
74 1294
652 1106
787 1220
45 735
48 639
796 1127
576 1312
660 1121
202 1201
1237 1375
101 569
998 1366
592 1079
671 1089
117 1178
736 994
335 657
680 914
156 1397
104 1373
213 868
711 1190
1157 1439
504 863
261 620
954 1436
532 988
127 172
176 445
948 1168
441 707
951 1078
348 1416
1134 1329
67 142
1181 1306
852 912
186 1339
57 919
977 1328
367 1300
511 1298
1191 1347
238 456
922 1010
346 906
447 1099
234 331
109 1332
141 1240
589 1119
108 1348
124 545
527 1165
569 1088
87 1064
8 1040
1315 1326
1174 1193
836 1222
241 1006
280 1010
1020 1060
204 625
620 1238
740 784
1253 1379
556 585
804 876
261 1068
425 870
1259 1350
249 1055
1281 1285
733 1265
725 1042
591 978
287 1236
146 877
246 568
206 806
749 1138
95 1337
803 1208
745 1375
14 376
920 1232
482 715
441 1247
56 1048
7 1419
370 665
254 967
637 1014
1 493
742 792
422 1326
635 1034
32 1021
203 1037
876 1177
334 946
475 507
825 1062
99 1057
926 1052
767 1121
472 1338
531 1023
913 937
895 1025
94 1320
76 1013
54 312
116 201
367 446
868 1421
810 1055
213 458
79 461
1229 1392
813 859
328 905
662 773
899 1256
519 527
198 1100
993 1025
32 35
56 1164
492 596
259 910
490 1384
1147 1417
959 1412
34 1277
179 602
208 227
229 629
586 1190
851 1262
522 554
402 1024
10 314
514 863
633 954
421 697
956 1360
392 675
665 828
156 781
219 1043
72 517
243 728
623 1041
418 761
837 1220
787 1132
209 466
83 537
382 964
842 1421
240 1402
637 839
83 690
18 584
315 578
134 592
2 393
952 1170
1161 1392
724 1237
1097 1366
51 1412
343 1395
986 1245
431 948
357 977
720 905
1033 1092
28 802
498 1035
488 657
1079 1272
245 551
253 698
623 947
570 1101
1114 1358
358 702
132 608
573 881
1048 1171
1327 1414
111 401
499 829
68 71
51 654
159 741
37 1213
278 689
115 224
293 604
182 850
493 1144
520 1279
694 1097
289 707
136 1346
252 348
192 842
568 1380
512 1324
325 1436
607 831
472 571
411 480
24 615
1168 1225
234 1316
715 1350
154 736
994 1111
835 973
114 439
5 1226
243 1388
710 1076
1182 1249
168 236
85 995
631 640
178 1349
1258 1335
371 713
101 505
240 551
135 334
498 1312
442 688
184 532
419 1241
47 910
569 912
835 1412
58 1344
921 929
96 932
378 504
1073 1103
255 522
1087 1140
805 1353
225 1355
262 421
537 824
141 360
832 1009
260 1172
1069 1282
127 1228
373 1142
75 677
904 1135
171 1102
246 456
276 1393
238 1303
76 210
770 1216
325 346
506 847
1305 1409
107 188
476 1230
188 799
987 994
944 1079
258 576
273 1417
386 1263
1181 1415
775 1354
566 1087
54 843
366 1311
141 1170
71 1009
490 671
223 832
551 1139
129 187
123 710
489 1076
1114 1212
65 411
177 619
297 900
354 1338
23 896
947 1201
30 165
886 1417
299 653
540 786
157 1045
201 544
666 1317
711 1320
932 1056
140 1307
1053 1301
262 624
114 1376
789 1106
681 926
412 461
1101 1127
337 1248
933 1401
332 693
1063 1284
966 1353
210 1178
906 997
661 1180
295 968
609 1197
489 995
364 489
345 975
194 371
613 630
22 1130
344 745
789 1278
22 76
1062 1304
710 784
436 826
83 876
436 844
760 1335
406 1211
729 1233
454 974
471 601
388 818
159 187
154 1060
248 1119
267 360
32 776
221 926
424 521
1237 1240
858 922
508 769
523 1283
65 615
298 366
132 397
44 481
283 1122
454 1230
76 1346
215 673
502 1106
223 846
13 1345
491 661
820 1113
323 1155
509 1386
462 874
1027 1304
1150 1370
391 1070
713 1136
25 1241
66 133
460 1217
385 600
411 669
364 625
1108 1323
120 984
492 1163
414 1367
38 292
52 1069
1052 1397
740 878
610 1414
1102 1185
15 313
245 856
695 1281
4 1059
723 1335
548 703
169 827
123 667
501 1127
665 671
729 1168
419 815
744 1217
309 648
403 1087
716 847
852 998
305 1009
431 1308
125 485
504 941
103 986
136 587
824 1278
113 987
420 436
561 1096
1051 1242
655 782
189 253
405 1371
887 1186
19 1179
638 1227
723 1257
1144 1327
226 771
681 1111
597 632
1003 1150
775 1006
767 1256
1212 1390
677 1143
165 190
1 430
28 738
487 1144
472 573
299 696
19 940
301 965
854 921
76 1172
581 704
348 520
421 1317
1036 1056
336 1023
784 1113
548 937
1033 1206
581 621
322 458
73 1126
527 1336
335 818
1317 1343
836 1234
276 692
245 1433
621 1113
657 1354
226 497
485 904
980 998
270 1332
628 1371
423 882
111 1282
481 1139
705 1127
1066 1404
180 1296
50 303
594 933
517 1396
1183 1306
962 1325
76 337
166 1028
204 1105
320 1282
244 1043
850 1234
812 1187
1012 1206
920 1027
119 1123
177 1292
84 684
586 976
35 896
402 1390
231 894
346 544
584 1405
512 868
1040 1240
325 1107
533 1061
437 1103
916 921
164 809
58 1365
939 1021
1303 1319
339 1122
139 1219
916 972
126 1199
168 847
595 804
139 814
826 1064
861 1275
1166 1167
181 1440
88 1275
363 1142
29 993
226 374
731 1396
519 855
693 990
555 1104
426 1352
491 626
47 480
644 1440
175 405
2 465
1220 1424
856 1393
380 1372
425 1333
859 1288
276 997
758 1078
551 1010
426 1202
108 789
1005 1299
222 298
395 1057
357 1251
339 870
216 772
40 532
169 1230
216 479
381 1197
249 434
975 1258
440 581
271 404
705 834
56 846
202 1370
560 1242
62 1376
1098 1100
335 370
58 549
404 1207
760 897
822 1088
210 667
355 899
446 702
929 1067
794 1384
320 397
6 711
361 789
377 1108
426 1078
130 860
830 902
429 911
19 996
343 1100
261 724
399 1086
873 1134
14 201
256 846
445 1004
563 1330
183 942
1304 1427
451 468
18 1334
1084 1177
678 793
397 455
1080 1420
527 1106
1236 1379
135 628
1160 1279
173 1002
508 1019
262 787
495 1037
132 533
94 229
123 447
56 1245
241 797
10 1048
885 922
39 1416
704 889
827 924
887 1367
88 1103
228 1200
784 938
1112 1117
262 1389
935 1151
495 1136
105 494
480 1333
70 846
643 1061
244 360
920 1294
57 638
632 1353
392 1311
106 1424
264 455
5 171
135 1114
125 351
992 1010
759 1102
296 900
315 448
69 666
417 1194
387 872
343 423
349 510
304 571
271 1401
1298 1405
105 1079
201 372
547 1040
1141 1367
852 1221
1065 1096
483 878
26 661
327 499
180 939
356 833
1199 1427
606 1161
39 171
1056 1276
38 556
332 829
1035 1057
366 1148
370 1281
153 1304
881 1084
42 1113
808 1145
37 757
1326 1340
367 693
12 216
134 1020
16 730
415 894
183 208
241 1422
600 918
449 662
256 712
725 1075
184 969
285 591
123 715
79 685
694 1333
332 1362
939 967
1261 1434
253 609
125 687
367 1129
591 768
107 803
186 367
728 738
877 897
668 975
291 1292
1014 1262
1207 1230
59 883
114 779
280 1335
26 962
47 431
271 1439
736 967
230 944
633 891
1041 1346
1002 1412
1011 1201
224 534
344 554
1055 1224
1334 1378
1026 1276
1023 1225
495 1402
651 1277
652 1403
1027 1100
182 1052
1074 1396
251 1277
1198 1394
184 346
393 457
40 214
338 1302
477 667
767 1230
304 1277
1066 1316
572 589
585 861
1129 1221
1348 1401
6 1172
588 1331
421 991
833 1110
924 1093
1196 1205
43 340
1269 1269
494 910
328 748
306 1130
1160 1323
210 330
608 725
167 729
763 1291
701 1023
604 636
347 358
552 749
368 637
1060 1287
898 1217
984 1272
699 1152
374 1414
776 961
885 1415
853 1057
122 455
136 406
56 1147
1197 1302
221 688
506 823
479 530
205 531
324 516
66 1400
1041 1188
150 360
175 790
215 636
101 374
7 454
349 1314
234 1322
1426 1440
519 853
140 957
103 777
647 718
401 1136
1055 1143
515 1405
647 800
1083 1275
788 1367
1037 1141
8 1412
868 1414
1412 1431
86 281
359 767
214 643
575 991
1161 1324
916 1348
32 1329
624 1435
464 1229
1020 1095
269 680
578 589
341 1423
680 865
1124 1396
23 1038
835 1219
509 1025
180 1400
322 1352
635 1405
768 1066
46 940
322 1280
555 1226
122 554
494 847
448 1374
283 1242
197 275
290 924
513 1371
399 830
612 1250
673 920
312 1374
157 1159
635 1157
169 629
821 1257
225 1439
823 1413
266 500
124 1230
390 981
1188 1241
242 1415
35 394
1020 1369
107 868
36 765
271 846
996 1117
119 1085
55 1130
244 1104
732 1153
590 861
282 351
281 747
325 750
47 503
49 1114
714 985
1171 1437
207 1334
691 1194
848 1085
86 91
181 472
95 1014
211 420
985 1241
393 487
339 433
516 553
431 1073
46 1233
154 1267
679 1327
718 774
410 1220
128 223
674 1125
290 1115
1223 1244
732 942
312 1218
843 1060
436 1213
172 1375
602 1133
92 724
377 559
378 1388
123 1373
490 871
568 744
286 972
136 1037
401 556
