1000
360 590
795 1225
854 878
194 547
347 1250
903 1293
149 1070
847 1147
803 1066
656 1022
307 679
340 715
1169 1418
52 743
42 389
684 726
817 839
109 120
554 1367
69 289
456 1253
231 1040
422 1166
102 660
50 448
608 993
199 443
973 1204
236 1222
599 889
2 1185
1040 1159
17 1278
873 1275
771 1151
172 189
203 448
133 1239
445 803
1122 1288
808 1158
482 895
299 1319
457 717
409 509
196 1054
521 1030
656 756
250 1087
428 493
201 525
74 489
481 1354
259 1225
469 1269
976 1019
162 1295
133 537
256 571
804 940
947 1018
278 1175
452 806
314 472
359 1387
636 908
242 1173
843 933
348 875
220 1336
226 683
1349 1372
426 679
354 1365
65 291
275 696
94 1108
333 1034
134 382
424 1345
721 1354
392 538
1095 1330
32 103
914 1236
463 789
1369 1426
382 712
796 1368
371 491
501 1414
628 1138
77 337
409 1108
429 1388
173 882
406 1188
30 571
300 757
771 1408
346 664
684 1160
948 1227
899 989
517 1249
168 693
218 1318
633 1384
1291 1423
342 413
287 912
457 803
342 1301
871 1096
419 960
827 1179
307 537
8 1158
65 525
343 703
728 1422
55 161
665 978
224 693
382 549
262 1063
216 246
511 576
926 1116
764 874
166 1280
1266 1320
41 540
270 908
764 1314
870 1199
556 972
229 1047
599 624
467 621
832 1192
988 1300
69 1005
789 795
180 464
172 194
735 779
167 172
578 1331
199 360
690 951
1207 1218
429 1112
639 689
129 802
384 476
783 1263
266 536
531 631
159 725
68 1426
568 1172
693 802
755 1114
707 1307
673 866
118 897
491 806
582 790
725 970
206 702
1147 1374
751 1435
132 1113
794 972
974 1040
91 498
99 922
430 983
581 764
865 1248
1099 1189
91 879
579 1020
749 776
614 1024
618 774
145 1097
613 819
405 603
908 918
346 648
713 866
427 660
423 1044
178 631
183 1237
682 1154
439 1151
465 1289
842 1047
84 171
839 1102
837 1430
291 873
670 702
158 1354
79 828
109 463
154 1116
428 1304
811 944
190 269
311 1233
118 1234
293 731
100 340
1006 1285
137 1079
1067 1390
1051 1241
48 1394
114 452
107 464
194 1289
801 1052
430 1092
388 413
1143 1350
771 1265
25 1263
145 270
426 968
898 1405
113 711
113 341
30 926
83 999
511 924
354 1415
359 602
1106 1115
120 1202
634 1244
145 961
166 559
249 1016
170 434
232 514
219 596
86 944
929 1375
209 610
364 490
473 553
83 307
310 812
33 387
338 1210
909 1055
861 1323
687 1257
70 1060
632 1267
457 1336
84 891
564 1402
665 695
435 1123
604 1414
138 199
14 1173
1122 1155
957 1035
245 769
351 735
409 1242
330 1041
52 1007
889 1332
311 1220
70 1235
455 526
288 311
28 952
725 811
290 811
499 1033
367 553
334 1240
544 1404
142 809
17 512
48 395
364 1090
25 1066
374 1237
651 1130
50 704
325 426
1018 1284
1071 1301
108 764
654 1315
453 995
470 820
3 499
543 944
707 865
635 1265
509 822
623 1070
361 1224
1056 1205
88 325
198 1300
195 1164
215 695
350 730
793 930
479 509
516 1136
152 197
404 794
365 1127
72 836
137 179
393 410
48 191
366 1262
1137 1271
137 1077
703 911
299 654
251 1198
305 1083
131 968
338 481
155 1156
425 993
475 1433
604 907
71 128
502 602
604 1397
828 974
340 473
934 981
378 1334
186 538
498 602
524 731
273 976
594 1239
19 1244
649 1057
100 886
126 425
869 1346
263 272
724 1279
975 1036
130 1185
3 327
567 833
405 649
719 1402
245 1366
286 375
682 1109
668 1161
70 897
39 377
127 1228
235 959
305 1203
367 1343
8 1104
714 954
366 485
1102 1238
342 1333
237 1169
550 908
631 1229
251 877
863 1099
114 137
260 613
903 938
329 1131
689 866
1041 1416
214 1436
447 1244
772 1407
212 616
916 1120
244 769
410 1317
167 361
698 1223
317 665
364 926
1023 1203
253 635
968 1357
362 1204
293 506
314 873
179 1146
311 1214
695 846
228 601
282 544
869 1012
13 706
849 985
261 810
767 1265
245 859
799 999
504 1235
1194 1349
410 587
538 853
480 643
907 1040
516 1435
799 1012
1113 1401
581 619
409 995
413 456
72 943
101 1098
138 1245
404 878
646 803
537 1228
664 1263
427 1413
11 1299
420 591
349 420
747 1129
468 608
257 605
127 1314
806 1314
187 276
1094 1207
361 428
201 1258
5 1155
43 214
501 754
295 1254
127 1055
1072 1214
266 1435
935 1061
535 591
496 809
268 1373
757 1294
1095 1158
943 1116
218 972
279 878
81 247
541 790
1185 1366
586 1073
145 1317
204 468
1 831
679 777
398 962
245 683
92 338
283 416
887 1245
344 1095
299 1338
177 460
267 1272
553 1416
13 1205
733 1009
178 1384
808 903
302 833
447 1170
676 929
706 1281
202 1220
437 472
1382 1413
903 1332
611 980
1021 1372
343 937
578 598
1122 1256
92 585
43 386
102 237
264 877
548 747
59 404
423 1308
603 776
584 1253
139 219
43 1152
312 1144
461 712
129 1222
55 1194
78 120
568 783
887 970
159 765
317 628
632 765
104 901
615 1153
343 1401
100 226
617 655
380 487
277 1296
409 947
621 863
1007 1302
17 242
1217 1390
1099 1249
478 626
787 799
63 480
838 1127
165 403
409 686
169 1114
259 782
1115 1431
338 905
553 618
1342 1429
249 467
310 1224
491 1272
36 677
45 479
346 437
140 1236
681 1285
600 888
319 465
769 921
101 312
259 1266
591 1436
1227 1300
261 936
688 904
182 979
25 1418
49 1031
283 913
413 1025
289 784
97 865
670 840
262 929
938 1077
479 1235
728 1137
66 357
1103 1383
317 1007
659 1096
139 323
397 1075
885 1251
391 778
410 635
71 88
418 477
28 1295
537 1357
93 1035
1197 1389
432 1065
544 852
73 1204
420 594
239 910
1338 1386
301 668
909 1129
496 1308
688 718
1075 1246
1214 1403
1282 1335
98 1105
4 945
405 849
1189 1318
327 663
168 826
1236 1381
98 1316
404 668
131 344
277 1355
58 898
641 1422
42 1378
622 1066
9 434
1111 1173
553 1066
622 1435
776 1194
399 884
689 1151
498 1398
601 732
703 858
1234 1297
533 1162
613 820
636 1172
538 1426
135 371
85 987
337 612
720 1309
48 594
835 1001
736 1311
456 748
1078 1218
371 715
657 729
582 713
871 963
1322 1384
292 1333
378 761
146 1411
1033 1111
25 917
225 709
442 1042
321 683
44 675
831 1294
193 205
1411 1427
101 462
1044 1290
378 386
719 1309
312 882
57 1286
11 196
187 579
233 1174
351 822
874 1003
347 568
941 1133
582 1140
118 997
138 1331
91 512
657 1156
353 1325
679 1325
620 1210
477 1094
1037 1126
765 845
605 1019
393 1288
256 1434
43 1022
593 862
929 1418
739 1352
8 588
648 1170
824 1225
161 1277
237 1432
322 1075
233 523
1073 1207
1394 1411
416 526
683 1010
179 1023
59 438
869 1029
303 710
807 1302
466 717
538 1174
569 697
182 1365
171 674
387 1279
288 1358
555 811
317 445
902 1350
57 904
404 656
66 519
443 670
892 1009
924 935
294 501
158 849
255 398
703 868
659 1114
139 1238
80 1389
267 1238
802 813
46 585
831 994
426 636
328 771
500 731
1054 1400
746 1223
361 1155
233 1167
610 810
153 540
354 397
489 519
427 1257
774 1229
85 184
314 756
201 313
37 255
617 707
869 1072
325 1213
466 545
355 771
980 1169
1312 1354
162 648
90 577
176 418
40 1005
15 1014
12 708
296 990
676 861
693 1058
750 1370
1040 1192
302 1433
134 1128
668 1317
440 963
146 1133
1131 1438
119 358
263 599
373 1011
75 770
10 231
662 743
725 1284
168 660
1328 1388
52 1038
413 1295
269 558
261 333
659 705
162 873
343 1322
40 1440
447 894
76 191
631 767
500 1109
155 393
213 667
307 1020
163 1349
743 1341
398 1254
155 1326
129 1296
660 1438
148 203
951 1128
1397 1401
393 888
599 881
231 566
50 1273
848 1037
1205 1422
313 1196
982 1316
755 817
78 196
445 1396
190 1108
961 1387
780 1227
647 933
237 411
561 1082
1293 1383
331 559
423 486
20 1091
1007 1262
181 1042
540 1409
204 376
46 792
78 814
313 1172
288 1412
715 735
133 237
846 1092
928 1228
230 814
552 629
1029 1060
989 1417
753 1032
288 754
312 1307
220 1372
826 1025
767 870
640 694
98 345
2 31
613 1314
46 1287
806 962
649 1188
760 913
204 463
422 732
274 1079
646 753
517 1236
435 505
279 1022
502 893
484 812
505 1010
178 336
283 1300
54 404
4 129
498 961
481 1130
702 945
816 1296
460 1331
668 1440
961 1283
30 480
465 905
409 434
451 629
349 642
452 1209
870 1336
776 1392
29 521
397 1271
247 675
79 1041
571 645
638 1408
108 939
785 904
80 548
664 1195
295 499
569 1096
481 1281
119 880
732 873
333 1086
506 835
1239 1398
213 944
391 731
195 1012
320 1418
87 854
37 118
539 1081
29 1434
1109 1427
138 1192
275 749
386 767
120 780
233 591
1140 1265
354 869
318 1132
1156 1231
591 1225
1085 1371
395 905
616 773
329 637
350 1304
216 1014
922 1049
186 1270
627 1357
43 1088
539 575
387 1119
376 848
804 1014
362 953
445 659
319 386
136 1215
445 619
833 972
1075 1392
490 550
290 361
726 817
400 842
457 1391
141 1166
128 290
994 1271
836 1088
305 417
856 879
294 1241
3 327
299 326
1142 1260
310 1258
70 710
915 1198
1162 1233
1231 1437
705 710
789 1422
778 1415
877 1139
98 802
115 382
298 327
833 850
626 1254
496 682
812 1331
546 867
195 1120
679 954
822 1102
19 274
862 1072
430 1235
80 559
397 878
902 1261
185 713
317 1231
142 710
400 1431
1047 1061
695 794
517 1405
492 1238
1254 1275
