-3939
317
-8882
-9732
-2570
-7133
878
1698
6573
-1890
5741
-4144
5997
-8780
-7650
4831
6612
-1908
8477
7574
7896
9019
-951
-1618
7469
4075
-8061
3106
-266
2158
4930
-281
1268
4977
629
-6311
4447
3744
1551
826
-7601
-8969
5931
-8138
-7030
-1767
6437
-506
-7112
6653
-247
-2413
242
-5433
-6077
-9375
4181
3882
5045
2014
-7437
-6589
-7847
-7473
6116
-1523
-500
7290
4950
6191
-124
-5461
-4405
1001
8670
-7928
5835
6475
3433
-6238
1861
-7139
1240
8532
6972
-4618
6106
-7705
-1019
-1274
7089
2447
7570
-5662
1809
-2449
-1130
1915
4623
-5343
9440
6371
-7633
-6867
9139
-2038
-6652
172
-548
8412
-2976
2529
3206
-8816
3886
6538
-9802
2908
1132
-4413
-4229
796
4482
4964
-7082
1608
518
2543
7149
9091
5640
3825
4052
8367
6533
9956
-7353
3806
927
-3129
-5220
-4881
-7042
-878
6112
-8671
7140
1940
-9307
-665
6673
-7990
-6961
8784
-359
-5439
1903
8457
-1308
-2305
2528
-7853
5058
-6123
7154
1323
2936
2578
2108
-770
2305
4112
9053
-4976
-3138
8344
-3617
-3396
-3984
-6226
-7808
-6795
-5296
6366
-9316
5419
-6620
8514
-3514
6517
-1485
-9398
-848
-8417
-2083
6678
-4720
1531
-3723
-8950
9789
-2389
6232
-3203
6196
5425
-571
-6751
6358
9116
9951
6105
-1362
6517
-1622
5196
4860
-6668
-2687
1407
-2147
-1617
3993
4696
-9445
-6633
-3665
5321
3703
-1306
-6458
-6038
5788
5623
-6883
986
-9870
-9456
9752
-8720
-1809
4932
5502
4244
7290
-6734
6732
5404
9935
-4600
4892
-8328
-9513
9840
-2042
-5644
8473
3769
522
-5331
4893
4827
7883
-543
8747
-9844
8991
3592
-9797
-4679
9199
-4321
-811
6681
-3397
-3176
-9036
9832
6385
8505
8701
-9090
-7572
921
6071
5364
5656
6929
-6024
9759
4612
-3420
-8873
-8218
-5400
30
-1209
270
3861
54
7376
1393
-3701
1621
-3176
7576
4415
-8248
-3510
-2757
-4810
961
-4369
5347
4204
2272
-4509
-2239
-5434
9953
-6922
-5638
-9337
5166
6650
8228
8975
9274
2527
3523
-620
5829
-4265
7542
1182
6099
1947
-3102
3752
2324
4172
-6065
-1805
7617
-9475
1431
-2811
620
7858
-7954
-6918
9256
1598
7809
-6655
8597
-4144
-4091
7964
-750
-8131
9257
9355
8409
6934
4929
-7910
7261
8794
5033
4278
-5290
-2309
-2312
3855
-3557
-3161
-6672
457
-2708
-4184
-282
1569
7961
-370
6132
1163
-7032
-8605
7840
-9618
6357
-1385
2073
1891
573
-8754
251
7334
-1238
7629
-9619
-7170
-6850
-7065
-9164
4485
4744
1471
183
1386
4140
-9924
9827
5276
-3347
756
-7413
-9152
-4940
3156
9810
-5136
-6979
-4389
6747
8166
-4593
4606
6866
5287
5009
-1606
1057
220
9029
-7770
-8020
-3001
4833
2800
6210
5424
-5759
4485
-505
-5717
5067
-8514
-6946
8406
-4793
4365
5994
5222
-9286
163
-5383
7043
-1937
-4936
-2402
-4399
-3276
7383
196
2106
-1547
-4040
9140
-4978
-7096
3833
-992
1082
-2296
8878
1278
-9533
-6087
1580
2409
1950
9035
-1248
8129
3218
-7226
-6489
1426
853
-4258
6325
2630
-3094
-1044
8868
-3058
-3518
5158
6082
-93
-5174
7039
4044
9681
2087
8052
-9038
-6588
-4177
2761
8079
4083
-9450
6377
-9705
-7633
-5332
-9484
-7212
3137
-3750
-8738
-8755
9039
868
-5394
-8572
9199
-3421
-4278
6928
242
2356
-4081
5699
-1988
2906
-3172
3021
-1944
-989
-292
-8146
9880
5490
1822
5846
9339
5894
-9988
-609
-981
5671
2351
1913
3527
3892
-8679
3409
-6325
-7684
7669
9863
368
-6810
-8688
3561
9746
377
4246
2857
8844
-3812
-5235
7
-9793
5376
-8222
-9995
7089
6389
-9015
3708
-3811
4967
5512
8674
7308
-712
1338
4167
-952
-6456
5603
-389
-1206
-9358
-9588
2403
1275
1969
5063
2827
4938
394
3834
-505
-2075
2695
-7699
-541
-2749
6371
-8789
-1846
3911
-6549
-8380
-997
-9137
-5530
5645
-8302
-7692
336
4906
-6875
-6774
2102
4917
-5717
1759
-2676
-7257
-4941
-5346
5270
-6632
-8596
-3
-7219
5372
-5083
3688
-1575
9735
343
7401
-5066
-6823
1698
-1943
-3306
2448
8061
-5918
-1441
2532
4942
6285
632
1159
1530
6974
2149
-778
-5712
-4817
-5071
8647
-7889
-2723
-4308
743
-143
5805
-6488
6093
6511
-3254
-248
1010
317
6842
1019
3197
288
7193
-4819
8584
4744
-7074
4833
3542
-9210
-1163
-2954
9490
-4462
6247
1981
9319
538
5137
9627
-1136
-4860
-4684
-629
8474
-9298
2360
-6309
1056
-7127
2911
759
-9348
-1266
3784
9786
-4504
1648
5108
-8964
4932
8875
7493
9921
-8517
7110
8598
-895
7898
-757
828
-289
6832
-4905
-2068
-2081
2948
483
-7895
5528
-2225
9800
-5332
694
3886
3234
8966
-1829
-2385
-9441
9351
-2380
-8204
-3851
-6249
4569
149
4728
5311
-4311
3329
-1873
4796
-965
-2407
1976
7970
-7356
-1719
2390
-8101
-749
1702
-7126
-2612
4297
2489
7992
-3586
3157
-2631
-3986
7529
6919
-6229
-5257
4834
-2969
-9095
-8499
-2396
-2845
-5435
-2224
1256
-5143
-6233
-4814
2096
8907
8136
1943
-4681
-6095
3614
-8400
2670
-4735
4208
-6769
8199
-2365
-1491
4978
6539
9375
-8517
335
7193
6719
5279
4436
9826
-2917
3342
496
9193
8155
-9193
-5803
2983
412
7438
7807
5742
4667
-9341
-7616
5645
-6090
1850
923
-5571
9181
-8508
-7011
-3266
7137
8903
-3298
-8765
6080
-7967
-7110
-5999
5185
-2503
-4614
-2856
-2002
-7977
-592
6196
-4584
-6136
-4643
-7363
6893
-6734
8186
-445
-608
4225
-8205
1286
-6158
4798
8676
-3465
8825
-8362
-2159
5745
35
4029
87
-9213
-7225
-5323
-9676
-5680
8978
8221
142
-777
9628
-9646
-4760
5725
6926
303
2906
2135
4078
-1736
-2022
5049
9205
5812
818
-3286
2808
6223
-4432
5393
-6523
7864
2242
-6432
-7097
-5214
-3869
9755
-3019
-4855
3222
9353
-950
5215
6394
3378
-3831
3619
-7170
-2412
1015
8220
7703
5000
-9302
4266
9679
-8066
-7430
-1353
-2229
-5934
592
-5885
-8864
8745
4543
8353
265
2842
405
7380
-3730
-192
4120
3615
6568
1415
-39
-4221
-5066
-3240
-3130
-7704
876
-8237
5029
6692
8614
6872
-5494
1114
313
-7615
9318
8204
-1960
3524
-5666
7397
6579
1095
-3349
6559
8152
-8101
8934
3900
8147
3169
3052
5236
-7068
3926
449
2840
-8394
-2094
4674
2427
-5176
2488
3061
-8679
8705
5791
8617
-1254
7626
4479
-6303
-7874
7877
2891
5932
-9236
-5975
-5224
4688
-5068
3693
-3326
-718
6370
-5730
-6119
2377
-8519
8566
9040
-5749
8712
3778
1297
5763
8543
-2978
2294
-3894
-9697
1853
-1076
-9013
-7651
-5503
-4340
8424
-1950
758
7183
-1224
-6962
-1311
8029
-9032
-7810
-6643
4786
-782
7732
-4676
-2371
-9170
5840
1589
-7129
-7450
2909
1510
4048
-929
-301
4675
2741
-2626
8555
-3853
-8496
-6075
5476
9222
6453
-3127
6838
860
-8892
1303
6583
6026
5068
7886
3745
-9192
9706
8544
-8195
8786
-2438
2868
-3096
3012
6575
906
9934
-3899
-7975
-5614
6439
-7181
-6399
-1315
1897
-9464
1717
-8402
8622
6405
-8541
8007
-2992
7900
-8654
8487
-3806
-9860
6550
6163
-3056
-8098
-5348
-9191
-1431
8056
4647
-8052
-2890
6858
9561
9016
-1219
-4404
-405
-7973
-8383
9202
5596
-858
7013
-7240
776
-5570
3377
-6577
8701
6736
496
-5181
-527
-9474
5336
1663
-1208
2370
5794
2692
-6848
7927
-7200
5677
-2483
-4253
8030
-2434
-321
3062
-7285
-1896
7762
-973
4203
-2707
-580
-7149
5762
1081
3582
-1726
-2615
7217
-4686
-8575
-6985
4178
2142
1847
3069
-8364
-6866
9236
-1539
7776
-2623
-4293
-3621
-456
-1923
-6595
727
-7454
1524
-7210
-3350
9266
-1905
-5353
-9979
4339
4037
3710
4110
447
9931
3244
-5540
-7355
-1851
-1698
8400
3163
-3231
-3325
-1293
5380
8979
-100
166
-3550
-7622
-157
7223
-2768
2984
2590
-3446
5382
-6237
4824
-3565
-4639
9204
5417
6199
-303
-9329
-1764
-7604
2284
-813
2467
-526
8597
-277
-8332
7623
-750
-9277
-9147
-7868
-211
8460
3821
-4798
-2671
624
4814
-8045
4860
-3337
-2373
-5853
-48
8873
6684
-67
-7208
-9623
9744
8074
-5012
-27
1283
-1638
-1032
539
-5497
-5006
-153
-8918
8436
-1458
-4651
-5199
8329
-9738
5734
6427
-3327
8466
-4321
-4783
-5218
-6832
-282
-5314
-3847
8580
1118
-7915
2762
4341
-6497
-9871
2728
5421
-2916
7358
3433
-4461
-5554
7245
-1453
6318
7097
7820
5144
-8921
-1723
4676
1651
-3077
-1548
9240
-3498
-9674
-7767
8620
6466
-7181
5165
-6835
3650
-1786
-2978
621
-7701
-7556
-6292
-6308
2761
-3015
-6640
-9008
142
7509
-6934
-769
8059
-5319
9812
3503
734
942
-8762
-6948
5116
-5779
7114
5771
8429
9225
-1493
2885
-2214
-4533
-9408
-7388
439
-2501
-669
-5913
1465
1170
7204
-4594
-9706
-735
-2038
5551
-7822
496
-2456
7296
2794
7744
-5990
5431
-3386
7617
2652
5650
-232
8520
-3287
-1650
3368
748
-9462
394
-2463
-3716
3266
935
-2626
3123
-6711
3590
-2444
5928
2681
-2532
-9876
6190
6071
6639
3474
-8457
68
7379
1253
-6554
-8304
7865
-4829
1505
6708
-7401
1619
4302
-3823
-1420
603
-5792
9826
1677
6923
6781
-3682
8931
9171
-1627
1435
4770
5901
-8649
-8212
-4867
-1294
-4318
-7055
-8411
-883
-4839
-5619
-1488
9227
557
-6690
-5498
-6941
7003
7134
3243
-552
-635
5651
-8573
4146
4082
-7126
-1604
-8686
5343
-8718
-1203
-7261
8610
8149
7646
4261
-7770
7140
-9990
4301
-5075
-3103
-7806
-9618
2002
-2803
-1050
7746
2487
-8035
-7497
-8876
2323
-5372
-6485
7237
-9448
7520
2882
-8177
4027
7757
-80
-7519
-117
-2749
-4905
-9739
8165
-5071
8006
-9174
2195
-3653
5947
4352
-2641
9350
-7908
-6861
-3048
-1451
-6701
-731
-2611
-213
-5903
-9045
9526
6215
6438
-2743
1245
9889
6349
-5484
9806
-2818
-6092
8139
3505
-9436
-2097
-7986
-4179
9083
3726
729
-2722
-1014
-7225
-6007
-9140
-2952
5363
8720
6985
-2885
-4945
-4140
-6158
-1211
3966
-7974
-4031
4850
163
492
-1251
-2883
-7784
-1313
9295
4257
-5681
-362
-9942
9746
9122
4883
1505
-3930
-6834
9374
3510
7635
-875
3319
2172
-4925
-7282
8100
-4032
9879
-363
-4935
4844
1835
-8898
-9916
8089
-6658
1138
3574
-8841
2420
-9881
-4881
-223
2739
-2779
-773
4509
6185
-6881
-2984
-9499
9289
8959
-2729
5792
-7536
5014
9130
-5302
7415
1245
-512
6156
-7178
-8889
-6787
7442
-9764
-1129
-8404
6090
1190
-1537
-3377
8809
2243
-4556
-1726
-4355
-8508
9505
-7255
-9508
-8466
-8619
9932
-8871
-8022
-542
-7164
-8373
3926
-3446
-4777
-7490
3048
3963
5190
-721
1376
-9252
8252
1122
6318
7844
1965
-4601
5894
-6352
1291
-1529
5657
3848
-8239
-8744
-8844
-7487
4044
-176
7922
5235
2973
-6233
-6990
-4918
6895
2657
6394
-390
9690
9362
-2714
-8073
6364
-6339
4823
767
-5208
-8766
2213
-4375
-1655
9008
-4598
-5616
-2266
-7704
-7429
1063
-2410
75
9355
-9687
-1932
-1728
-2295
-4260
3984
-2046
878
4523
-2333
472
-708
-8205
2246
873
2347
9001
4628
7631
-7784
-1914
-9761
2149
-3708
-6733
-3009
1634
6157
6615
-3324
9697
-8226
3620
9091
-3517
8798
-9591
9338
8236
-8838
-519
9255
-5362
1048
6242
-5926
-1460
8791
-285
-515
-1649
-4718
2374
5534
4099
-3517
5761
-4947
3317
-9452
5974
-9971
8706
1152
4434
-3420
-7448
-7866
-4210
-4228
5295
-4249
-2027
-3518
-5642
-915
780
6123
9762
819
2399
8287
8352
5351
3113
599
7187
3518
-3004
5448
4436
2603
948
6890
-3766
-5465
-1460
9607
-3203
-714
-6523
-4043
-3182
5579
-1282
-1959
2398
-1698
2579
8883
7180
4504
-6341
-386
-5275
-1875
-967
-1860
-1357
8507
-7590
1203
5598
4819
9642
-6703
-5730
-8523
-772
9013
-3532
8372
-6410
-6330
-2288
-894
-4882
-6047
-172
1927
-8841
6071
-1933
-5399
-7057
8306
-114
7484
-6404
2288
2632
1646
-6630
-7999
-3081
-4299
3754
5050
6969
848
-9427
-1370
-1763
8559
-7129
-5184
6981
-1489
-8097
8973
717
-9802
2494
-1701
-9683
1958
-2875
2421
-6370
-5135
-5965
-5035
5258
9846
3568
-2589
9544
-3646
-2504
-6956
-6020
8209
9141
-2040
5473
-195
-6499
4607
9481
820
7015
-6907
-1494
7302
2826
-5229
-3775
6755
515
9969
-7541
-5748
6079
-6125
5873
-5683
-6568
-3257
-6478
-5349
-3393
3914
8056
2170
802
1045
-7124
-5426
-5206
8026
1801
8732
1430
-7786
-8275
-2125
1665
-3338
-8963
-7776
9189
5936
1211
2785
6073
-7391
4908
-3561
6613
417
-9378
-3904
-9003
-7641
-5429
3512
1410
-3792
566
8618
5967
-9273
-7337
1749
-110
3097
2450
1792
5548
5097
1554
-7973
5530
1765
-4041
-685
-2569
-570
-2622
6777
-5584
-1345
-7002
7263
-4654
-7462
3491
5733
3347
702
1014
5832
-688
4948
-1477
-43
-1516
-7940
-4214
-8274
-1979
2260
-8782
274
199
8174
7468
-8625
2401
6981
6972
-6233
-1100
-6123
5451
-7956
-9477
3016
7178
-3808
-3437
7743
2157
1526
1978
9852
2223
-3443
2484
3786
-7302
-1611
-4597
-1403
8121
2034
-1272
-6875
1772
4697
4027
-6616
-656
-3902
7474
9153
-6153
6445
1408
4277
6689
579
603
-5671
3946
1255
-9063
4417
-1961
-5401
9296
-7337
3459
2298
9388
9796
-9841
3663
-1934
732
2524
-3286
-7973
-8308
-5933
7249
-6710
6284
-4990
-7073
1320
-4192
-3003
-1871
-3891
-4220
2468
-1417
415
3103
-6503
-3977
5037
4143
-1119
3487
6195
-8954
-257
-5130
-9707
4600
6893
-7350
-7096
-8741
5203
2472
-7631
-4770
-448
-2100
-693
-2239
-5424
-2599
-6940
-1124
7950
8953
2559
-1957
8921
-8974
-503
-3588
-4786
2065
-82
-623
-8547
3236
-4497
94
532
6005
7734
-171
-8643
-4006
-9594
-5253
4625
6985
4220
-349
3344
3744
9143
-5395
-9298
6114
1939
-7473
-5517
-5800
9004
-7008
1997
6748
3809
-9147
-5749
-1239
6386
4778
9893
1584
-9820
-1113
-8327
9468
3281
8226
-429
2674
-6246
6046
-8457
3333
-3664
7514
-830
6972
4791
-5876
8228
5224
-6218
-5889
3125
415
-4756
2463
-6562
3390
7992
4289
-1408
3165
-3119
7896
-945
-6080
4469
-8264
3779
-4241
131
4025
9863
5459
-4161
-178
-6100
-4319
570
2395
2258
-6645
-7490
-2222
9926
-6577
1689
3716
8976
-9234
4943
7789
-6665
-1757
1708
1313
172
8435
1773
9639
-1286
5139
5885
-8877
-1484
1853
1637
5790
-7409
3307
-4686
4945
-6286
-6746
-9138
6135
-4508
8828
-8880
7802
6834
3450
-271
3069
7595
-8209
-4622
-9392
-1589
-1594
2505
-6422
-3751
9975
-4397
5971
4891
4551
-8976
-379
6257
3877
7647
-461
8106
351
9469
1386
8480
3427
5602
-7730
-6850
-2307
-1950
-4995
-545
-9045
8112
4016
-7690
-5158
-4353
7767
6405
-7492
-4740
7875
8634
-4057
-9225
-5009
-2761
4613
2730
-82
-7807
8426
9769
-1103
421
4334
8804
-5978
3276
-4905
1039
9013
-2201
-5469
6661
-803
7640
-2528
-9848
8778
8763
-9948
-3286
-1834
-596
-1513
6581
-5418
-3099
788
-4740
5724
9774
-9800
227
-7030
-6568
9488
-4078
5528
612
8906
2208
7031
-8864
3019
-3189
1149
2748
-3120
1425
-5638
-3186
2737
-3953
4848
1081
-5827
1458
-551
3213
5996
-5760
8813
-5623
5420
93
-2388
4103
1595
-137
-3852
-2583
1156
2643
-369
-9888
-6011
-8007
-1879
-9476
-2909
6721
-4531
6257
3776
-6474
-6980
-8410
3706
-2053
9932
-1338
2914
3154
-7703
2339
7546
-7087
-634
2305
8824
8756
6857
-1449
1658
-1001
6983
-5497
-8329
6401
6947
4167
-778
-2580
-3599
-8015
-5679
5489
8212
-7395
7506
-8471
-2851
3395
1478
3222
7361
-7452
-7850
-6075
-9358
5740
-9224
-9473
2327
4816
164
-2599
2683
9589
6390
-9963
-5410
-8240
2215
8843
8365
-5581
-3080
-4707
3300
7489
-353
-2896
-4426
567
-5580
-1558
-4456
-1067
-2817
-9182
5094
4446
-9885
-6926
-945
6761
7378
-5577
4411
-9359
-3437
542
4692
-4010
8292
-3039
-2166
6961
7402
-9407
3139
2415
-8920
161
-9194
4784
4751
9768
8459
4747
-5967
2648
-8010
-3579
881
-374
2672
-154
2850
7083
-3375
-7515
3772
-8293
-8744
285
-3210
3563
8457
6943
-2008
418
9506
-4254
-4430
-9228
4472
5045
9083
9486
-6038
9266
2897
2281
939
1245
8742
-9992
-8667
-4295
-8382
-6935
416
3609
282
6928
1844
7608
-1538
-8395
-2224
5330
7880
7108
8934
-6909
-2162
9027
-9944
-4728
-738
-2889
1952
-2059
-6911
-6704
2786
-3605
-9113
-198
-1523
4604
612
3404
-6462
7354
-6087
8581
8141
1348
6354
2815
-286
6345
5460
4417
-192
-7255
-9050
-6521
8443
-5432
9947
9266
1769
-4247
-2532
7519
4735
-4660
-9610
1257
-5638
4482
-8838
3287
-1219
-3208
-7140
744
8522
-8460
-1785
-2670
-1991
5304
9946
1107
-5582
6269
-9956
-6723
-9055
7021
-5064
-9206
-279
5600
-3441
900
5134
-2677
-2288
-8254
-7123
-2236
-9172
-4945
6767
489
1434
-9574
-9206
-8952
2735
6826
-846
-8616
8187
6501
-7740
8073
905
8138
5519
-5052
-5617
6541
-2091
7826
-5978
-1048
-848
-4438
-6365
9671
-5646
1170
-4833
3212
2570
-2131
-8382
8956
-2084
-4342
-1661
8461
3388
9619
-787
-4171
-2077
1454
-5750
3563
2135
634
-8670
-6909
-5678
1642
5804
-1121
-6433
-4167
8502
2988
-6783
5122
-7518
-6066
-311
840
-6935
-6537
-4577
-6022
732
5297
8991
9091
5071
5528
8098
8538
4129
-1932
-4643
-7741
-3480
-1254
-273
2799
7241
-7409
-8499
3800
3148
5701
1320
-9371
9892
-4119
-7808
-6123
7994
-771
7538
5681
-8674
9638
4140
7626
-1144
1295
4984
895
-4205
7160
8772
-5835
-3012
-7893
-5399
-7241
8040
-3016
3973
3055
-189
-4262
-6333
9977
5639
-8343
-9280
3660
-3582
1761
4346
9146
-1311
-545
-4792
7779
-6729
-2891
-2214
-6958
6329
5028
6562
-3834
-8534
-1503
-8676
-3253
-5370
-7368
6693
5975
-9071
7924
8924
6313
-785
8379
5226
-4934
6976
3080
6348
-8655
3124
-8100
4353
-5907
9375
-882
5
-5027
5688
6834
-8967
-1058
-3686
3187
1746
8854
4594
-8507
-373
-4629
9212
-8252
7371
-5301
-3264
7049
168
5091
-6321
-6622
552
6132
5538
9964
-9286
3838
-3609
-4078
3207
7048
7425
3459
9718
-8654
-6418
-6413
-4469
-5451
-245
-1111
6424
1487
-9197
4746
-4092
291
3490
3449
-2990
-7554
-3770
-9993
9156
7031
9841
-3588
-2496
-8550
-7321
-8948
1235
-7668
8596
9670
8240
9398
-604
-5258
-979
-5214
3152
6905
-4110
5719
2174
5676
9167
8963
1500
-921
-884
716
-2409
1488
-3047
-2221
-5486
-643
6557
515
-6066
-5446
9311
-7940
2933
745
-9970
419
8512
-5464
4829
-6901
5478
8007
1431
-2862
8315
7894
-6974
616
-6696
6714
2329
276
-5074
-3802
1150
65
1615
-1577
-8504
-1134
2878
-3700
-6601
912
706
6261
3906
4574
-4669
5559
-7840
7893
9252
6919
6822
-1611
8784
-6118
-4835
-6069
-34
-4804
6923
6107
-5494
7232
-3124
5054
-9502
1492
-1052
121
2750
-4977
4329
-1741
-2886
3377
-3124
-9498
4642
4896
-600
3218
8721
4325
-7681
-3160
2755
8723
-4546
5132
-1297
-8041
-9131
-7870
9991
-4968
-5331
-4486
-1305
4986
790
3828
7299
9338
5144
-2475
-9137
235
5471
-747
7071
-8404
5631
5718
490
-2643
-295
-2527
-5995
2272
-24
-1857
6087
4120
1590
8707
-3289
-2815
7208
-8784
-7234
4474
8196
-1087
-5021
-6392
4776
-3294
-6393
-8792
8733
-5499
9096
1742
-2633
-8279
9238
6837
3539
2202
-1496
6327
2918
4606
9336
510
-3993
3652
-1935
-6462
-7286
-1570
-8028
5407
8333
7057
-1312
7436
-9897
4216
-1850
7845
9138
-3557
-710
-4465
5211
-6492
-2613
9922
-7844
-5942
7598
5938
3968
3189
-6952
-897
336
8014
-2777
-1091
-8280
-5623
8467
-7585
2873
1088
-3615
-1568
-8528
-1476
3100
6998
-3543
8784
6031
-7201
4228
-9618
8562
-4249
3550
226
9676
-8005
6502
-9428
8982
-7770
7552
6101
-4697
4273
585
-6089
-705
2530
3504
-9390
5359
668
-4769
-6002
3257
-2281
7238
8535
-8727
6841
-2210
-3146
7846
636
5076
-3823
6791
2732
9540
2763
1918
1242
4109
-5206
-5650
1848
2174
-4796
2105
2275
-6896
-1134
-6903
-1360
2406
4486
-1805
-2524
-6433
-9774
301
-3735
-6219
9444
9010
8222
-3301
-5852
8315
5850
-1860
-6443
-942
-5252
-2869
4927
-1578
-7105
-3770
-8991
-1821
-6300
1639
6297
8796
-5029
-376
-5644
-8259
1990
3508
8893
4706
-4620
6558
-558
1474
-6693
6815
-3661
4692
8037
6922
5144
1795
2401
9588
-6757
-2240
-871
6462
3682
-1039
5119
5087
-2883
-7867
-4886
2628
-7132
6092
-2426
857
1516
184
-5779
-9452
-4652
2516
-4431
-5116
-9289
-8274
1930
-8377
-9451
371
-6516
859
7615
2753
-9052
-3289
7743
6701
-5656
-6120
5290
7720
-491
-6434
9984
2627
4127
3684
-5626
-9978
-7274
-664
-4782
8046
-7495
-6873
-5447
-7528
915
3734
3628
8007
-2352
-8966
5791
2473
-4798
-7290
7732
-5471
-5648
2930
-8763
-2085
-1988
-9087
6859
801
4587
-8046
-1626
9981
-969
-2386
8220
6438
-4518
1831
1547
-8014
3228
4278
6734
5468
8677
-3430
-9950
-4146
4665
8131
-435
-2663
-3933
-6115
8675
-3326
9156
-8484
8769
-9740
9515
1713
-341
2570
3844
5040
172
1779
-2659
4941
3488
1736
2549
-9306
-9795
-3299
-7166
-7500
9973
-9679
1891
7798
529
-4536
1456
-4216
-4307
7095
4743
-9560
-6268
1842
-1859
-3608
4426
9633
4835
-8204
6294
5659
1484
-9788
7736
8277
9267
-3708
7373
8808
-4196
-4312
-9085
4990
8430
-2746
6511
-6037
1119
6264
1781
6192
-6999
-6665
-7084
-3521
-9714
-7241
-3838
-2733
-7004
2727
4292
2439
-4301
9545
9979
-6673
-8319
3552
7775
-6427
2208
-2574
1767
2845
-5025
759
2885
-8465
9444
2405
990
-2941
-1471
-1487
-5918
5087
-1131
-2329
-211
-8020
-2755
-2638
3778
-8787
5068
-9114
-1547
-7434
-6560
1993
-1240
7942
-1059
7378
5851
4204
8863
3546
7925
-369
-3485
5418
9154
-4533
6413
6547
-9136
8687
-9101
1712
8595
614
-9614
-677
1608
-6140
9274
2841
-8577
-9922
6292
7298
-9306
-5213
-2043
2145
4887
1753
-9583
-5335
7038
-4961
-4309
5076
-6722
7930
-6645
5890
-5615
-4780
8375
-7916
-8189
-5519
1114
-2055
3453
9809
3640
6453
-2506
-1048
-3637
9993
9933
7908
239
3655
-4178
-9824
5855
2991
1527
-5385
-5252
-2883
9156
7900
9909
7665
-9292
4884
4855
7488
-8572
-7610
9503
-8578
-2552
-27
-5017
-7049
4903
-9440
1716
-634
-6345
-9646
-3420
-3763
-2604
-8169
8377
-1114
-9234
4563
9714
-6274
-9520
-9038
6979
-9849
-5400
-5587
313
-6449
3628
-1811
-5906
4172
-3412
-7370
2953
1202
-9410
825
2661
-1095
3596
9171
-1370
2847
8733
5888
-7584
-7205
7717
-6886
-2623
-7333
-662
-2245
-7768
-5923
6448
-6144
879
3020
9945
7947
-8506
6151
7400
1127
-4270
-8920
-4823
-1591
-2025
-1572
-2232
579
-6781
8168
412
2802
2706
2485
-4084
-5743
282
-9945
8499
-567
-7793
1337
-5446
-2112
-4502
-3686
-3573
3162
-6172
9679
4042
7185
-8074
6131
-854
4815
-1161
-4770
8912
-7079
5722
2417
7309
-8486
960
-7319
-7991
-1986
-5710
-5378
-4318
-784
1523
-3104
-3266
1840
-9853
-4590
-1074
9453
-358
-8696
-5794
-5840
-8040
-1395
3849
6500
-5251
1087
-6499
6418
-316
8984
-2125
282
-5468
79
-6156
-7615
1507
-4847
-1180
92
1092
-7275
2855
8544
-362
-3297
-756
7027
-5641
3092
3661
-1575
-8739
-9840
8303
7696
4427
-1572
-8143
6843
9601
-2215
8481
3051
4880
4387
2144
4370
384
2548
8518
6473
-193
9378
2182
5174
476
-1143
-2825
-4467
-973
-6164
-96
-6066
6812
-7575
-9920
-7158
-6372
-2422
8628
-342
-9835
8028
6428
-2138
7450
7571
1824
4763
-4916
1592
6716
-3626
-9685
-3926
6912
-217
-1357
4063
-1385
-5125
8629
-289
7546
3566
4772
-3703
-3853
1659
-7871
7332
950
-6677
-9543
8664
4236
-6549
3730
-4456
5932
-2947
-8294
-4848
3670
-7423
1019
-8339
-3190
-8560
7535
-8982
-658
7988
5699
2639
-3834
8865
-6113
-6378
-7099
-5086
420
-8132
3327
96
2261
-8952
3155
-4245
-4975
9572
-6411
-6016
2009
6273
-1371
9990
601
2318
-183
9831
8197
-7334
8151
2124
334
7518
-9879
3388
-6327
-1589
-6529
897
3494
9055
9823
-1165
-3806
7337
-3667
6355
-8984
-583
-1196
2212
9716
-6394
-8344
9123
5804
1811
8778
8662
4401
-2138
8547
-7249
-8665
-4811
-7219
-5342
9817
-2737
1527
-3586
3152
4492
-9530
615
-9405
-7471
7003
-5454
8754
9724
8177
4583
-6211
-6431
-5139
-8671
-9749
-9911
7258
6160
-1985
967
6900
-7731
5741
-3340
-6171
-6584
8666
-1670
6659
-900
595
-5858
3646
5797
8480
4633
3764
5201
-5374
5194
8968
-611
-3474
-7828
-1405
9745
-23
-2087
-9850
-4366
-7510
-5115
2825
8649
1760
-3368
1680
6184
1010
-5767
5932
-6960
972
8958
6115
-6866
4331
5281
5879
-2515
5588
3215
1015
-8636
-4064
6443
8874
-9658
3018
3203
5775
376
4406
-7600
-4434
-9106
-8899
1290
-10
4412
-516
-5443
-293
-7707
-9914
6619
-3458
1693
-7364
-6447
8924
-1284
-8043
4759
-7866
742
4580
9045
-4570
7656
-7301
-5478
1008
2414
-2088
-1314
-5146
2924
3429
6789
-4975
5910
3802
7575
-4364
5619
5239
-3696
-5547
-4712
3744
-1238
-3086
1182
-701
-1786
2649
4803
-1464
7627
-7634
-7871
4674
6551
-7308
9280
3692
-894
3471
-1402
-2493
-5273
6869
-5551
136
1572
-2091
-7805
5442
-6578
4789
8785
711
6863
-7993
-9244
6494
-9457
-7564
-7524
-4301
-4081
-1515
-106
7063
7430
-4280
-1135
-2224
5443
-5900
6268
-5983
-349
-420
7231
-8138
6032
2335
-5109
-8447
-6809
3562
-9103
7445
-9418
-1360
-5753
8059
-6739
-4651
-1224
-9654
-2734
-2377
-9191
-6687
5032
9821
-1055
6242
-3534
-4652
-5658
-706
5767
4309
6498
-5467
-8151
4323
-7472
590
9633
3354
6161
-6665
-7594
-756
-7856
1692
1155
5686
2945
-8771
-8598
-4309
1063
-1853
6510
6241
-520
-9253
-8668
-4940
7975
9683
-2712
-2512
1360
3369
-5285
-2002
-9066
7642
1092
4310
9911
-6388
3657
-7887
87
7820
-856
-9828
-3029
-1347
-3833
-6984
2578
-8413
2000
7500
-611
-9601
4584
-6578
6384
9542
-5613
4267
1783
-3126
5553
2110
4196
385
-2187
-1408
-5360
-4724
-9099
-7440
-6884
6588
-3197
-7849
739
-4659
-5924
-4023
-4794
1720
7809
6407
8747
524
3072
-2525
1149
-5836
4587
8957
-1772
7746
-6793
-9914
8751
8229
-6145
4563
855
-4966
-6734
-3037
1178
-8028
-9867
-6103
3624
1315
3126
-2120
7933
6602
2105
2839
-9096
2018
-2836
9746
-3202
2965
5799
4523
7952
-224
2016
-1733
-7135
1903
2341
-7976
8486
-8736
-4488
5969
1913
7875
3313
-8585
-7210
-3917
-7907
-9500
6057
7161
-6817
-9802
2691
-3079
-8848
-6893
4076
5642
-5095
-3389
9101
2091
9356
-3769
-8906
-8514
9149
450
3228
3685
5395
9606
-7376
8947
-3857
6097
-6626
-1143
4763
-9565
-621
1964
-4778
8136
-5111
-5661
-1179
2509
-7496
4872
-517
-9321
-6141
382
975
-51
-2855
2383
8572
8578
5262
-6043
4980
-2492
-9732
-3132
-4880
-3914
1653
-3247
-7954
-49
-2168
-3632
-9061
-2500
9402
-8590
3277
-5432
-9762
9836
-7680
-8447
-9028
6661
-2550
-3237
6888
-2461
-8431
-3475
-1129
-9586
-4709
-5171
4307
-6284
-9118
-2685
8319
4005
6356
4572
-5593
-1245
6826
-3440
242
5218
6116
3824
5400
-7435
921
-5814
5811
6892
-8061
-2216
2990
-2268
-2580
-7377
4525
1103
2900
-7805
1134
-7199
-5608
7053
1612
-2726
-5519
4612
-2171
-6758
-7784
-6008
485
-1837
9889
-2578
8517
9976
7238
6358
602
270
2464
-5910
9330
-2814
4774
4701
-8091
-5163
-9453
3329
-3078
4334
8481
-7233
-8418
-9941
-5776
-3195
9349
-3155
-9422
-2112
5651
-7106
-4905
-6811
4224
-2613
8541
-2190
7732
-2432
3228
3569
-2970
-8027
-965
7519
-4535
1258
6391
7241
4135
-911
-4821
-7152
8523
540
8745
-373
-8647
-4945
8659
2201
3285
-4091
3627
-537
5274
-4195
-8568
4135
-8191
9209
-6022
-6604
-1264
-2444
2848
-8352
1960
-8098
1502
9128
-9306
846
-251
7322
8528
-7617
7594
-3121
958
-1586
-6841
6636
9034
6255
4611
6108
8926
-886
4074
-5086
100
-9229
9458
1462
-9338
-4432
8740
-8480
5186
4514
4135
-9813
-8768
-7123
-4559
4156
-2271
336
2925
-5072
-6740
7223
-7736
6199
2802
810
137
917
2554
-2865
-7363
3620
-9647
7678
-5400
-8940
-4463
982
7075
1738
3477
9802
-9136
-2320
5511
-6711
7426
4305
-7844
8309
7724
2502
-3719
-3904
5617
7273
5844
3771
6860
7891
-2021
7945
8060
-9119
4683
9130
-6811
7668
6184
-1623
2942
-4316
-4805
-112
-718
866
3436
-3764
-4446
-142
-788
6545
1697
7423
-2246
-6688
1990
4615
-5039
4133
8962
-3748
-3678
8047
-2327
-4072
8907
-752
245
8049
6930
7147
-142
4932
993
-4595
-2790
-7245
9803
-4665
-9767
6159
2557
-2912
9794
-1489
7620
8440
-3367
4807
3658
1676
6426
4291
8776
-5961
-6678
-7430
1249
5372
5906
-259
-1481
-4204
-5628
-1205
413
2760
-3763
5151
3371
9368
4741
-6380
905
-1
-7122
215
-7043
-7672
-9305
7258
6560
5263
-9680
-9504
6781
-7261
3545
-4804
-6586
-4288
3046
-8667
1524
-382
4400
269
-4559
2876
-8165
-8693
-3208
7757
-498
5174
2698
-3262
-9041
868
-6262
1362
-95
-7762
-2318
-252
-9359
-1875
4709
-3984
-3960
9707
-7657
5961
-7323
5845
-4648
848
-668
-5798
3831
-5316
3978
449
-4244
-681
-8894
-6818
3806
-4263
-1553
-13
6669
1937
-3509
-3337
-1077
1111
-8462
210
-8278
6979
8014
-8895
1744
9851
2018
-9714
-7667
6396
-7108
8177
3339
3156
-3852
8812
7983
-2030
-558
8274
-8688
-6131
3652
-4508
-138
9192
1210
4291
-8407
-4062
7195
-2107
-8967
3627
-155
8385
-4350
-299
-8515
9480
5489
2592
4233
4990
-4707
2645
-5968
317
-3195
-4735
7944
5658
-5908
5027
-7666
9017
-3667
-5008
-4533
-3604
-3580
-3909
8579
4612
589
2338
-5383
-8571
5137
-954
-1751
-2711
-206
-2152
138
9514
2112
958
-3273
-3386
-1902
2825
-2701
-5670
4903
7795
-6163
4191
428
8364
6722
6748
3199
-4296
-9775
-2385
-1108
-201
-87
-4108
3821
3764
-7281
-936
6244
1932
6838
2856
-3021
3786
-8151
-342
194
-5782
3555
3945
7381
-7635
9676
1425
8438
5989
-7731
-5300
1516
842
5836
-5260
4644
-7482
1559
3786
9169
-2935
937
323
-8855
5670
9638
2094
-3498
-3930
-1515
-2062
6038
1170
-5920
9142
-9104
804
386
-3691
-2510
9647
-7992
7268
9584
7537
-205
2972
-8815
2534
-1113
5410
3446
-1713
-809
9261
7314
3627
6848
-6304
-1398
-6663
-7155
-9914
2906
5887
-5630
-6404
-343
-6649
4604
1138
1060
-2979
-7132
-1389
9598
4946
7472
-2311
-4286
-2524
-1940
-2313
-8157
-4214
-6021
5414
-3866
5768
-5454
6816
-2255
-1578
7432
5863
4826
5318
4887
-8796
-1440
696
3322
4486
2493
-8321
192
-2646
-7027
-2193
5630
-7136
9359
-4654
-8864
9926
-7703
3305
-9067
-8561
-4046
986
6322
-9681
-631
9396
7291
6386
5644
-9280
2290
-8616
1635
-1912
9366
2637
-377
-2729
-7376
-7229
-4830
-2239
560
-5790
6382
-3649
-4480
44
2542
2324
3434
-5921
-2082
-7324
-5092
-8803
