1000
828
924
198
784
450
109
3
646
872
651
11
72
602
756
951
234
254
289
333
322
111
9
2
85
504
559
784
566
804
249
998
821
210
362
927
604
534
721
861
548
659
628
474
386
260
409
791
371
211
666
31
341
709
988
778
452
417
104
743
565
4
437
240
199
619
920
654
411
366
500
722
79
154
874
341
39
444
896
461
291
887
894
500
137
19
235
390
993
406
885
763
854
520
188
492
994
61
471
928
463
176
649
227
278
586
459
237
55
116
78
299
625
785
247
514
882
393
897
935
745
813
70
763
136
516
717
640
525
228
815
441
872
857
658
470
768
514
509
368
48
414
287
765
665
231
329
68
834
834
670
128
302
968
201
189
559
47
528
544
327
231
912
661
466
326
721
299
959
321
805
347
496
299
725
83
565
945
510
131
465
235
879
387
540
349
575
51
831
975
514
186
889
338
357
641
107
114
893
152
978
995
720
408
687
881
124
97
988
761
464
676
907
230
551
869
699
843
971
636
569
833
244
105
793
80
279
191
294
153
904
835
938
887
397
360
356
680
112
330
592
691
697
288
103
709
227
145
782
313
577
505
708
38
282
361
574
826
76
606
937
519
247
508
370
161
319
563
237
653
337
705
784
76
785
698
612
150
790
164
785
509
628
719
448
491
513
401
227
637
750
397
719
20
915
596
600
378
626
564
120
738
624
370
937
162
248
769
79
677
895
759
451
38
530
172
782
104
529
74
937
685
443
134
854
415
533
643
782
33
910
900
491
108
866
445
395
857
960
996
906
462
103
535
761
948
61
600
468
187
14
452
982
652
272
576
720
589
388
207
632
565
951
456
268
280
475
549
234
814
331
584
609
527
271
227
178
250
43
885
407
621
568
746
272
615
264
211
939
517
27
683
247
745
868
447
302
991
723
83
587
649
542
863
356
296
406
943
552
70
588
783
856
163
664
454
444
977
764
956
382
641
248
476
455
596
98
922
313
486
234
144
681
587
655
76
197
422
392
938
335
428
761
265
479
262
903
972
986
637
855
409
397
501
1000
701
253
787
643
657
898
648
907
519
937
900
524
752
596
422
300
104
525
664
661
156
357
806
129
197
901
525
708
907
830
292
635
180
62
725
612
532
66
487
383
293
211
982
814
750
680
586
219
291
441
721
481
936
320
193
755
436
749
552
629
623
227
540
585
459
855
551
854
342
729
295
620
469
341
951
411
264
868
15
941
497
509
663
633
427
338
352
410
231
618
296
779
14
420
182
323
113
542
879
71
212
474
584
684
423
946
198
920
99
425
382
158
631
191
546
183
509
623
845
484
268
689
503
87
982
44
334
194
681
787
754
34
512
989
326
523
694
925
356
277
192
694
862
628
108
854
321
47
807
826
629
965
884
219
816
393
539
574
823
12
744
861
599
388
653
318
883
587
552
236
752
470
527
532
721
559
582
979
681
907
158
772
393
2
929
138
181
944
598
569
569
7
70
626
989
915
722
793
865
601
823
64
274
143
65
623
384
212
272
981
575
542
236
923
513
302
7
661
660
144
840
666
959
385
232
854
860
591
275
990
446
129
537
255
822
294
208
649
667
865
85
105
479
721
156
123
56
504
572
365
199
165
922
960
452
867
744
250
558
347
553
427
900
56
359
536
226
496
859
952
235
465
692
778
37
995
784
660
968
667
745
856
996
452
332
904
569
504
439
196
799
376
72
162
711
174
160
512
65
782
980
805
337
545
351
254
899
366
74
189
317
42
395
460
805
17
306
714
790
626
621
924
264
553
240
77
260
213
156
436
136
611
447
108
136
419
659
840
810
693
645
822
651
582
670
989
876
83
296
124
299
141
273
357
999
615
905
9
541
707
758
700
714
796
473
37
243
983
237
568
750
912
326
439
890
75
403
471
11
920
511
275
66
824
511
166
499
648
88
735
222
319
166
419
959
658
27
872
862
643
943
15
731
408
229
303
148
726
909
971
309
242
295
946
45
577
802
684
830
321
773
625
971
91
510
659
670
254
283
151
600
479
263
527
597
344
294
120
209
777
974
497
743
354
618
543
728
413
760
259
977
386
641
670
637
685
480
169
479
542
404
168
241
854
848
988
944
754
48
669
861
102
278
231
135
708
126
995
437
619
760
959
761
277
306
985
336
53
303
283
666
848
547
435
688
934
717
220
744
293
748
472
332
996
395
942
31
729
669
904
545
290
656
939
17
806
702
129
2
678
663
702
452
654
823
339
926
77
859
144
740
95
112
680
878
255
7
30
305
42
22
541
826
410
323
122
