1000
490
292
986
848
454
966
193
425
849
57
491
908
37
9
217
492
681
310
661
723
261
368
514
181
849
813
245
858
693
4
501
521
359
208
155
716
170
571
398
376
623
579
153
146
758
596
696
724
300
288
107
832
746
407
197
531
117
141
523
488
533
722
57
955
814
748
953
88
650
17
858
696
553
986
373
430
545
885
874
194
201
282
818
409
466
709
791
837
565
808
346
959
547
816
397
913
102
514
977
967
175
185
148
780
728
618
274
137
925
491
801
915
244
595
334
381
26
875
473
292
644
557
930
388
807
256
956
392
110
149
635
197
535
772
895
926
177
275
236
23
279
909
57
919
445
208
539
626
309
116
469
359
54
394
496
769
380
607
380
530
76
454
583
440
845
211
11
338
395
521
518
323
241
213
395
616
604
609
762
900
73
386
722
798
921
110
600
443
407
614
880
332
896
994
178
964
828
442
166
922
231
270
666
912
970
96
507
936
27
302
651
281
335
237
317
502
344
486
173
94
56
118
434
886
414
193
983
409
61
926
324
880
27
636
427
261
354
493
890
810
1
16
754
985
824
437
535
99
158
120
27
26
430
37
507
454
637
455
111
268
387
141
987
309
56
355
674
868
30
16
876
430
616
77
364
444
651
459
827
294
262
688
773
273
542
189
707
770
22
296
131
971
683
621
192
424
232
287
879
1
11
903
617
422
658
594
12
100
747
612
767
24
435
408
440
434
260
755
549
745
73
474
274
656
302
156
522
746
464
800
350
468
526
999
96
226
760
830
404
353
766
861
712
319
618
796
150
122
153
433
855
656
871
489
849
31
76
403
197
45
201
101
953
44
391
380
284
213
479
676
938
833
791
271
470
166
702
411
807
303
920
61
403
329
378
961
618
444
361
498
306
38
351
422
228
488
422
732
112
389
597
244
426
714
370
447
315
47
371
513
469
907
923
101
580
321
919
765
623
66
957
750
127
468
464
912
453
821
525
273
735
944
175
961
960
753
612
814
525
932
654
266
711
759
593
118
486
388
121
178
456
573
378
472
505
640
568
274
273
442
188
623
664
824
153
56
599
513
949
611
536
817
905
668
148
408
191
372
550
488
142
25
164
252
45
461
802
531
982
10
302
981
332
198
224
87
73
475
309
413
93
183
798
723
204
499
364
926
285
388
485
99
971
807
356
225
177
53
27
330
829
10
942
841
633
354
515
847
494
486
312
638
595
493
750
594
621
845
466
939
798
144
414
697
459
541
51
210
995
394
420
652
824
242
346
290
306
511
548
590
647
110
200
850
884
710
535
810
411
276
977
330
617
245
272
828
474
566
870
943
462
63
242
141
352
103
59
52
484
103
376
934
763
370
264
246
22
183
681
957
606
220
354
454
955
817
71
889
628
215
748
191
514
907
437
659
40
236
660
461
962
473
121
170
462
387
48
326
585
328
473
831
859
347
989
224
686
779
613
603
240
702
743
229
817
369
862
704
328
118
983
749
891
440
875
854
853
428
184
814
36
681
973
217
245
639
163
173
413
582
213
332
501
774
602
347
939
66
761
958
788
270
780
594
684
209
683
969
722
657
429
898
389
856
697
158
904
511
838
808
676
789
395
293
558
363
21
280
925
7
582
281
766
10
593
756
809
107
724
650
230
368
479
620
660
806
115
754
470
952
465
108
717
152
716
660
38
204
140
292
714
401
563
894
528
590
90
288
437
169
582
618
989
185
645
480
88
789
128
720
687
3
974
691
598
763
161
794
953
678
953
294
763
459
864
556
381
113
937
208
160
119
923
992
648
866
955
213
506
284
64
16
623
287
997
337
200
220
158
537
9
194
591
325
807
550
172
397
75
827
704
376
312
71
386
715
851
917
179
267
839
714
825
137
419
574
865
105
252
756
898
380
511
22
737
265
551
940
662
664
362
940
119
601
728
463
242
31
377
331
465
624
977
119
363
329
526
699
846
10
727
808
301
835
312
417
413
774
466
908
788
634
459
48
885
927
827
317
553
907
387
132
23
349
179
645
679
379
227
472
827
468
981
376
67
871
970
8
319
251
577
46
335
557
643
576
39
330
773
248
355
332
549
114
484
651
184
128
552
917
444
793
826
671
250
714
171
463
799
305
1000
293
240
673
411
272
382
62
136
655
44
610
416
813
180
8
823
824
790
254
777
303
263
148
282
724
726
883
101
311
37
611
291
414
124
988
854
934
319
561
196
37
131
19
348
716
467
814
503
382
182
551
723
958
43
539
580
72
610
437
139
928
184
212
212
254
786
636
964
72
