1000
904
854
41
937
907
206
635
931
87
485
112
151
773
664
28
285
708
669
629
868
153
155
820
745
59
315
502
649
505
289
104
492
768
407
565
10
329
232
998
527
473
196
68
625
83
917
823
874
724
280
972
882
26
340
686
208
171
2
988
299
334
36
910
441
704
823
109
610
171
765
341
512
527
917
230
217
734
467
257
590
436
9
758
219
584
125
749
99
327
700
885
865
950
161
440
451
435
436
446
294
583
445
849
944
279
193
327
473
920
496
972
707
387
649
308
889
329
911
96
36
73
958
729
815
823
74
946
527
129
834
575
696
394
195
914
949
46
974
738
944
94
909
121
483
402
482
168
678
954
14
933
172
258
894
720
172
892
396
129
255
622
926
630
647
845
282
845
592
862
75
581
878
509
276
196
529
902
244
380
396
946
91
658
89
766
950
389
707
938
535
500
993
553
5
722
602
307
871
675
336
271
791
716
181
44
572
687
184
322
659
16
590
173
478
788
975
420
639
717
98
162
12
589
46
443
600
650
490
257
288
13
883
418
817
906
889
263
95
195
18
863
658
868
761
209
184
87
552
81
135
188
906
530
589
443
150
845
30
537
952
647
612
167
311
758
792
393
119
63
404
588
170
741
325
551
65
528
850
575
723
961
119
135
84
726
905
327
919
836
889
919
811
770
100
617
811
468
266
430
696
802
434
548
768
515
967
593
725
114
147
980
37
694
125
855
320
161
270
123
505
492
712
387
12
417
866
347
827
293
799
93
463
880
819
520
463
63
77
96
196
878
199
862
180
661
144
460
485
16
930
787
721
668
495
141
615
34
522
554
663
212
746
409
918
639
760
966
595
280
466
349
807
438
40
6
183
892
353
216
211
787
656
626
553
384
588
338
528
520
801
719
669
285
828
181
997
783
563
694
54
844
548
123
879
205
464
183
242
7
481
145
235
17
357
846
496
970
310
444
401
667
942
202
479
79
279
611
539
859
87
435
301
463
693
751
88
87
692
860
420
309
893
127
302
94
968
437
762
375
123
784
710
945
183
220
961
250
898
180
576
833
455
611
341
741
953
345
271
654
56
912
783
961
21
870
535
152
646
644
496
795
922
902
98
845
977
151
839
475
434
868
280
916
755
74
445
86
620
406
513
680
589
986
22
980
630
958
296
171
415
310
269
633
150
259
366
419
558
25
869
590
204
705
173
101
64
402
521
446
507
134
206
64
49
754
227
52
86
199
391
804
371
653
576
943
718
631
69
94
582
428
413
198
59
977
397
33
643
933
229
462
612
966
84
947
893
9
317
654
191
230
704
804
776
375
309
233
447
444
471
872
23
757
750
512
262
894
765
816
326
955
478
146
625
681
530
920
369
865
584
860
443
543
201
757
734
986
2
919
850
227
86
972
643
987
420
349
837
143
210
93
146
257
119
459
955
677
192
747
383
640
72
70
674
533
273
606
429
175
727
881
912
745
184
365
44
137
161
232
209
429
569
932
949
833
797
757
587
340
292
852
612
175
402
885
830
83
336
263
64
569
433
950
464
387
984
442
852
535
526
44
515
532
384
810
737
199
233
102
80
160
204
98
962
565
470
781
315
926
716
178
662
212
558
123
701
986
665
937
704
130
558
374
497
902
540
408
825
273
330
856
611
708
686
225
705
783
278
182
565
605
377
915
770
392
197
330
954
16
955
507
58
359
320
876
713
451
415
545
482
652
712
665
944
113
427
504
676
806
386
845
405
314
823
943
707
383
92
898
7
951
486
64
464
463
237
86
211
652
146
925
747
666
984
782
917
953
610
862
433
183
266
342
613
478
479
269
335
260
415
922
365
831
742
784
179
129
870
90
227
794
531
236
585
889
849
103
376
658
793
698
1000
17
318
964
860
726
332
950
552
305
446
343
754
791
419
796
411
596
162
926
627
486
699
802
216
803
414
155
560
267
889
291
117
698
253
261
607
268
123
730
162
889
637
781
654
50
295
398
328
633
883
152
91
347
933
945
204
999
529
983
785
82
181
943
685
697
517
797
846
740
851
332
582
157
813
662
201
600
661
216
316
481
326
591
432
973
71
546
288
863
351
375
519
644
335
874
868
157
510
115
689
486
960
245
883
731
991
139
12
587
33
102
145
578
810
195
174
47
349
800
277
809
81
620
464
844
413
246
589
162
27
173
542
113
158
448
260
499
239
307
393
172
371
184
888
529
302
431
97
726
707
672
285
948
155
526
580
699
627
882
363
516
824
668
768
776
546
670
701
421
332
496
810
914
453
834
131
32
836
