1000
335
261
952
358
595
975
917
249
212
381
804
214
218
86
154
232
164
384
864
967
672
628
998
234
962
630
300
308
712
831
135
806
910
63
788
921
776
327
321
319
691
453
103
809
424
385
750
957
881
550
851
899
22
818
888
434
549
487
162
778
415
704
188
195
365
868
784
576
514
655
364
83
24
385
654
3
175
678
843
40
942
893
608
499
217
896
545
911
899
1
937
254
602
578
350
708
466
448
204
341
894
207
337
306
649
154
25
16
683
876
642
760
538
837
454
122
340
71
143
151
354
173
819
607
693
217
7
491
46
553
308
161
740
151
625
323
821
506
100
564
339
911
362
854
27
916
907
944
24
976
839
71
987
932
177
4
761
319
157
257
659
822
792
565
676
119
586
145
328
841
812
363
941
929
792
839
187
165
333
582
9
244
974
245
736
171
310
212
439
331
978
632
361
917
90
707
368
165
663
735
152
57
734
320
664
975
799
911
889
523
325
509
911
948
503
224
762
481
142
495
155
116
43
67
341
865
857
561
243
43
530
153
396
986
400
292
206
49
674
131
122
484
554
884
420
840
937
668
772
417
375
383
464
941
107
378
662
685
305
612
641
847
159
29
465
196
234
923
530
745
228
794
474
695
41
384
814
25
23
461
185
905
28
331
184
385
335
206
60
494
589
971
887
965
482
969
926
694
182
940
966
132
646
201
674
396
624
618
242
927
157
533
546
180
490
136
600
964
524
556
5
464
333
547
201
674
192
485
663
36
33
322
75
363
765
723
540
669
186
157
481
814
54
83
984
855
446
329
534
95
306
602
88
487
205
775
476
180
132
282
229
969
999
609
952
597
767
475
658
562
340
426
880
879
645
884
411
454
544
126
270
239
165
186
249
359
663
379
846
362
515
383
119
147
726
720
604
915
457
590
140
968
600
769
758
667
511
23
20
292
427
635
223
230
101
61
905
937
559
398
593
969
666
649
496
211
195
341
689
532
912
912
326
383
969
202
430
635
415
781
13
356
697
683
925
781
568
184
815
792
258
722
825
491
965
239
483
718
465
983
735
256
849
238
686
222
890
612
435
714
766
572
111
543
945
964
720
606
90
86
253
168
468
518
415
166
790
502
596
983
570
425
750
711
205
392
660
261
672
414
367
501
720
786
230
208
577
804
678
746
902
225
881
1000
958
173
695
262
612
662
18
461
229
238
346
430
364
822
2
513
827
879
969
801
34
266
881
293
911
777
458
207
481
993
644
910
746
198
930
562
536
968
735
489
382
733
225
813
295
810
363
640
417
866
221
169
512
407
431
390
590
408
922
626
654
610
819
673
419
393
779
22
373
669
25
700
220
880
262
53
547
257
213
502
988
299
923
403
923
72
418
358
829
704
886
678
663
394
536
628
363
99
322
452
126
512
522
465
578
869
221
289
20
9
254
777
240
658
356
70
155
936
498
756
696
867
51
871
492
613
315
991
398
695
865
250
684
325
261
156
595
379
496
112
361
467
665
824
365
79
863
21
893
317
950
34
317
24
359
292
306
535
114
563
20
843
99
670
916
179
845
830
444
345
977
966
419
664
303
383
817
709
276
606
660
83
758
734
736
409
472
31
632
598
219
930
266
166
543
637
942
441
990
526
346
78
805
907
312
377
421
573
898
946
613
99
248
752
468
116
682
483
827
671
940
447
723
847
702
956
5
549
275
373
223
430
741
870
977
619
541
372
575
543
408
826
612
475
384
905
416
431
783
266
489
299
670
128
143
414
529
689
71
474
444
628
963
276
696
286
927
295
330
298
548
344
143
41
135
226
35
742
128
128
53
766
926
335
139
670
10
206
211
129
873
349
399
128
537
175
651
168
751
780
346
248
462
599
551
11
404
570
428
181
153
992
289
193
923
328
261
8
948
983
332
302
591
335
807
368
603
267
554
768
912
345
695
683
590
774
275
926
796
579
910
833
186
386
2
44
535
294
421
270
249
312
462
849
159
833
649
305
337
890
441
908
848
13
933
933
44
66
526
926
511
1
115
141
612
310
650
352
164
845
108
638
835
298
246
72
347
295
641
301
272
179
952
536
822
77
228
681
92
550
183
716
888
847
722
11
483
479
517
682
296
334
357
9
956
258
471
939
16
582
437
279
883
620
545
874
781
386
469
544
471
47
105
828
154
618
181
591
603
971
872
329
845
879
668
527
798
455
917
867
764
751
11
541
617
364
282
594
387
638
126
902
698
355
451
631
305
751
807
732
833
853
221
695
568
730
970
435
502
374
986
621
258
651
454
982
