1000
439
403
978
648
542
51
790
570
60
266
606
261
58
171
556
608
562
34
353
669
397
413
853
671
573
47
483
964
888
966
867
527
847
958
87
129
498
523
616
963
43
445
194
362
422
756
839
53
869
789
653
327
830
653
431
199
246
163
112
818
962
920
669
29
903
62
165
270
922
237
711
185
737
238
809
7
326
231
599
95
141
227
905
363
563
590
933
333
257
395
434
900
161
605
802
160
196
161
494
302
930
765
769
887
973
250
206
760
413
962
703
336
547
923
379
160
812
308
456
190
513
252
499
958
415
336
547
661
908
39
552
689
561
490
807
744
12
391
323
884
846
653
624
714
718
16
224
986
238
754
613
365
441
345
377
276
221
678
754
64
672
546
971
124
427
584
129
340
875
788
86
55
283
759
469
588
173
238
319
839
412
279
530
957
484
14
619
829
376
115
340
115
943
876
930
693
113
708
544
309
43
873
140
163
800
234
510
623
950
409
494
531
754
448
626
744
893
131
117
318
621
488
699
633
450
363
401
642
179
369
903
971
270
702
941
311
680
85
127
819
836
482
159
296
603
20
774
114
575
457
510
438
156
843
863
891
435
421
819
815
114
147
633
23
517
396
316
864
171
541
663
509
377
297
847
322
395
621
507
758
979
985
32
825
114
957
735
882
687
267
996
225
992
942
264
947
829
5
662
217
266
43
595
317
513
38
986
1
761
893
560
360
432
303
584
707
987
640
614
174
397
521
388
67
499
73
734
791
188
928
100
741
816
695
329
121
479
345
243
627
884
776
208
659
269
68
842
526
789
288
598
319
980
226
78
239
109
440
556
994
100
185
598
832
715
368
948
445
373
47
906
661
51
168
734
238
596
581
902
664
600
221
732
130
84
78
37
253
195
492
500
550
811
448
38
883
805
459
445
446
177
816
201
308
624
670
788
780
521
617
34
241
797
361
221
443
163
260
782
368
477
187
432
546
119
470
383
49
596
988
36
156
807
35
68
929
708
376
932
23
565
556
259
841
488
646
164
588
1
994
659
939
947
973
558
988
186
700
543
430
541
468
529
613
480
462
700
522
229
476
779
325
522
31
914
5
39
609
367
956
244
755
942
550
891
462
609
697
866
457
700
334
536
561
868
478
470
20
582
897
39
336
941
925
110
519
658
184
71
232
639
968
372
913
122
676
463
704
767
645
228
52
644
146
239
190
190
573
584
270
203
142
333
636
218
812
915
815
277
351
768
894
765
806
83
933
8
229
809
126
423
906
214
312
629
463
405
182
3
343
776
841
330
595
117
361
353
732
687
403
542
416
587
819
454
13
332
506
165
689
748
869
700
662
615
841
773
270
4
553
116
726
824
154
9
185
524
464
488
820
946
111
621
398
88
899
851
18
236
13
564
517
400
635
2
638
316
832
264
249
271
811
295
957
779
552
364
79
694
571
199
418
385
374
219
908
719
839
983
65
340
290
499
314
16
809
442
789
227
876
531
926
728
305
132
39
582
837
695
747
603
854
697
923
378
385
849
960
127
731
417
837
33
442
886
705
836
145
231
242
709
930
844
643
466
654
752
301
582
239
390
54
918
479
902
83
672
873
930
758
57
456
176
933
661
571
360
313
373
507
45
292
463
5
873
47
329
686
394
728
383
72
647
675
20
187
866
42
945
288
262
973
869
525
875
876
122
173
766
182
531
769
783
699
598
204
879
844
81
141
317
885
551
315
63
136
818
65
541
395
920
166
405
570
46
351
671
48
506
521
218
361
114
942
106
102
368
264
458
181
753
830
705
459
189
235
558
909
206
899
882
605
68
464
938
541
410
501
528
89
397
577
955
851
421
237
162
74
400
151
44
34
752
138
297
566
103
297
883
229
586
277
544
257
512
127
982
418
806
307
926
261
905
815
719
643
562
721
870
260
86
830
334
282
720
865
119
537
866
157
242
660
734
754
755
464
439
832
538
657
960
871
351
824
53
403
118
250
962
307
835
703
463
297
787
429
211
954
301
290
783
83
549
445
271
343
181
419
785
603
52
500
856
345
664
886
796
682
578
879
798
252
747
704
49
211
559
100
367
138
113
720
106
777
987
145
987
585
888
504
867
308
105
172
600
618
914
446
537
80
299
950
468
37
818
330
279
59
459
400
710
322
478
331
775
844
343
425
16
203
804
312
375
786
284
310
772
960
271
61
923
975
517
758
513
51
145
194
798
370
672
355
374
198
520
538
48
50
494
465
842
19
349
220
363
50
595
21
712
308
273
514
550
233
465
283
432
775
968
597
