1000 123
677
979
63
926
66
240
726
285
42
829
502
107
32
185
814
842
844
859
600
50
706
329
403
714
235
952
625
773
257
97
898
187
781
959
896
374
70
107
400
339
663
626
224
385
906
881
342
734
666
228
595
178
562
971
291
482
39
502
691
700
429
552
57
184
876
934
352
202
981
368
633
257
475
438
936
115
52
141
735
13
983
739
496
40
684
693
453
954
481
115
426
738
497
621
248
43
965
341
486
969
926
969
815
790
859
568
680
292
630
594
860
549
320
904
734
942
562
273
619
671
295
627
764
441
982
122
222
855
893
418
821
188
791
270
316
509
244
720
543
516
81
767
296
80
270
495
98
688
820
498
268
693
337
58
54
903
951
574
69
462
320
713
500
455
912
2
874
135
608
561
272
266
722
952
343
112
524
858
651
224
820
623
820
337
867
311
939
137
411
494
301
88
210
893
914
150
348
828
890
477
543
788
155
989
699
731
779
518
368
412
687
898
555
543
885
136
558
409
698
957
701
341
963
641
262
457
158
409
85
122
346
269
319
60
632
32
482
792
14
67
72
865
901
460
62
481
512
398
640
917
465
610
952
333
362
617
962
698
687
1000
207
475
836
491
667
583
487
859
807
476
952
147
845
442
394
34
461
241
136
788
832
611
720
3
938
95
91
437
337
534
315
166
887
714
917
118
144
302
802
315
328
942
28
93
986
248
811
248
786
969
545
466
607
978
530
14
715
705
879
2
873
751
918
439
211
270
177
7
742
546
298
490
782
358
332
406
873
313
158
407
835
25
403
768
610
543
198
901
99
604
241
396
361
75
500
370
916
878
459
588
637
142
405
148
444
746
59
435
660
665
825
174
678
41
79
276
838
375
396
138
132
910
597
449
510
956
587
24
28
626
198
97
186
756
99
804
64
837
394
212
989
791
443
100
503
872
975
843
380
15
567
982
266
245
429
194
168
158
352
727
274
411
469
627
686
661
573
741
537
716
294
419
159
765
906
356
227
786
859
508
321
368
845
251
497
678
233
429
806
838
487
39
24
303
838
873
795
76
539
282
625
890
344
752
69
942
642
732
81
679
46
142
450
323
499
401
316
490
325
260
152
821
475
840
472
28
946
782
57
448
908
758
880
915
853
505
44
5
497
603
208
833
193
649
335
364
107
606
598
148
708
155
753
400
212
463
827
191
17
980
888
154
792
362
794
703
866
895
352
621
367
383
833
774
336
812
345
699
609
276
668
626
556
47
482
651
221
535
348
956
110
929
433
440
315
589
291
32
942
676
464
267
112
234
534
81
602
81
483
349
819
525
711
895
477
585
752
369
861
815
5
845
968
612
338
294
561
138
35
808
235
549
660
93
940
646
733
43
848
796
204
986
799
224
588
750
215
21
53
272
1000
297
316
785
403
527
200
64
741
254
460
769
420
811
947
777
46
652
371
218
116
11
27
491
167
189
93
12
58
357
371
596
766
459
266
992
290
579
257
712
818
474
621
242
304
961
234
169
622
422
529
204
890
820
646
956
136
480
577
762
943
146
478
828
242
367
719
931
376
985
392
661
971
855
834
85
164
748
855
594
894
883
969
179
887
972
379
793
363
308
106
970
449
744
658
491
840
809
491
650
613
450
188
922
251
655
956
226
693
532
179
858
212
285
203
166
157
872
425
961
916
968
332
48
10
117
292
730
244
367
558
88
364
657
510
110
361
709
376
29
485
682
89
678
421
837
541
943
327
259
404
436
86
445
488
690
652
507
565
642
434
870
84
263
628
73
683
735
425
688
764
354
827
975
618
337
419
751
718
681
994
252
848
797
285
284
150
788
937
606
971
556
146
289
419
745
281
357
449
487
223
402
772
815
944
745
559
391
601
954
585
113
298
325
865
984
814
847
167
643
730
972
424
986
226
143
611
127
850
877
815
243
941
877
802
450
443
727
891
158
305
787
407
252
994
668
189
239
198
663
871
775
596
464
365
124
848
352
438
84
7
134
648
944
809
643
261
511
337
227
719
46
863
805
146
781
426
249
132
116
272
3
155
551
468
836
140
388
855
647
866
675
421
757
741
65
661
195
383
600
386
634
581
654
794
725
970
425
636
972
808
931
799
300
178
332
840
946
741
289
970
2
313
700
874
513
594
664
925
960
221
659
515
572
243
906
588
611
281
401
474
892
703
329
634
895
388
762
169
706
818
911
843
633
75
805
301
245
342
330
789
452
332
87
674
934
786
315
850
242
954
60
908
333
911
612
45
795
827
693
360
456
962
351
144
836
74
539
675
843
