1000
635
849
372
66
759
859
520
89
563
106
789
941
973
845
310
152
17
335
566
487
575
385
262
85
635
880
306
577
638
808
32
177
309
870
550
872
975
634
299
251
618
281
700
811
392
453
238
314
815
131
809
524
407
244
145
251
13
291
790
431
3
574
236
94
735
422
419
721
231
249
256
596
492
690
678
349
917
974
22
482
6
63
137
768
112
691
882
132
476
205
365
53
33
453
320
233
763
435
263
911
663
145
311
819
303
278
281
364
59
401
777
81
356
474
73
176
674
890
410
501
388
226
848
893
721
222
242
702
886
775
792
728
25
77
49
344
154
561
118
384
768
139
771
517
665
782
896
640
746
240
183
811
202
267
836
100
333
876
306
653
885
681
432
457
483
427
959
987
65
965
910
407
238
761
860
190
942
985
616
917
889
961
448
55
242
404
920
887
870
969
387
537
861
512
313
672
331
539
91
982
157
222
846
695
516
634
107
609
478
768
668
127
221
56
556
842
138
192
658
835
526
613
295
738
972
259
127
800
802
577
932
187
381
822
98
61
758
471
907
42
115
664
908
335
739
691
401
719
66
61
17
568
793
257
910
978
377
837
283
966
769
20
895
457
45
192
459
615
660
676
963
923
835
233
647
411
932
839
232
717
145
492
493
313
865
251
904
49
891
392
767
569
325
833
230
520
19
13
127
381
620
305
607
249
126
344
708
777
729
87
142
321
137
957
949
337
352
531
991
93
625
217
358
549
341
456
10
923
224
559
677
80
884
289
379
315
242
229
246
949
651
1000
503
330
104
100
791
939
319
814
56
622
35
121
821
131
198
234
477
19
350
272
922
121
609
99
186
624
855
322
233
99
145
906
276
33
793
398
762
549
187
913
929
291
917
715
93
514
163
657
14
493
934
946
495
69
184
616
712
214
569
875
435
147
498
669
33
851
326
524
369
146
777
540
108
795
766
30
530
68
85
1
373
548
945
584
31
43
517
567
879
479
580
651
135
959
411
470
861
675
845
661
492
361
172
92
26
420
279
474
206
15
63
21
164
512
263
557
864
980
474
902
45
121
419
986
974
598
562
596
664
259
793
728
358
878
514
764
555
343
831
317
446
487
829
505
811
901
75
581
554
248
793
205
31
818
663
35
214
537
13
995
258
457
351
267
538
369
656
789
378
917
92
453
426
315
851
427
259
545
504
186
331
207
844
464
117
197
688
877
946
179
175
483
993
459
30
849
346
315
56
864
753
84
250
409
151
368
560
516
125
467
842
917
990
431
811
590
311
307
337
600
652
751
441
250
727
252
614
991
919
370
151
937
877
442
802
741
9
390
443
679
599
636
53
503
85
50
970
444
401
892
577
149
717
13
125
496
207
59
734
815
517
786
63
344
372
959
380
284
285
997
353
393
883
91
582
787
798
197
113
828
10
536
596
169
748
647
750
657
59
678
645
104
81
919
202
707
677
133
945
998
477
165
602
369
856
825
836
362
980
595
65
709
611
916
146
395
817
449
359
957
926
640
639
377
543
863
287
623
916
129
275
808
443
103
295
153
924
217
492
639
534
347
346
823
327
150
38
372
723
288
14
117
511
633
145
744
971
346
861
838
220
218
353
770
603
307
450
623
450
197
330
59
416
94
609
739
890
962
711
498
538
480
210
460
164
133
337
102
624
507
158
801
197
437
476
849
776
779
773
819
362
278
540
24
566
695
657
573
188
394
368
471
994
496
194
157
963
263
367
899
722
930
521
803
858
229
6
180
723
873
799
811
893
706
455
50
214
154
687
740
639
89
880
266
381
69
903
839
57
256
622
636
760
868
140
774
809
477
314
862
839
799
324
637
816
710
768
970
955
617
25
475
115
791
289
395
690
422
771
164
59
898
611
120
226
45
97
316
857
962
236
20
873
557
582
264
289
597
966
979
115
260
661
347
555
640
623
57
861
933
345
14
740
321
526
658
805
203
755
52
782
43
561
722
207
697
908
647
808
730
239
552
150
775
892
539
372
601
27
1
66
167
171
627
188
276
752
958
365
563
129
428
704
507
96
846
995
841
696
700
48
701
164
591
586
801
108
319
760
87
56
280
661
66
572
441
478
857
717
950
100
674
150
216
776
506
609
698
611
456
305
731
841
381
169
112
10
237
20
248
413
262
303
390
317
973
594
540
371
623
463
988
736
246
958
300
941
855
613
542
926
133
346
144
377
588
100
365
663
754
421
392
456
256
587
805
239
401
174
968
747
832
361
730
279
42
466
450
184
38
41
392
3
139
328
260
435
447
