10000 1000
146
27
77
31
49
64
33
148
142
46
175
58
193
160
106
190
3
153
57
177
165
91
131
158
137
128
71
88
39
134
52
161
102
13
66
165
60
21
115
183
196
149
161
107
118
117
123
80
140
80
11
171
48
28
95
2
77
47
38
199
18
48
23
176
144
80
91
152
123
102
155
55
143
84
7
37
34
79
107
108
62
68
118
57
108
11
165
194
165
24
121
167
94
131
24
21
174
44
39
75
6
122
105
90
26
51
128
59
10
188
97
53
186
97
11
134
1
49
137
200
73
86
50
145
18
81
133
193
99
198
185
52
151
186
164
111
68
70
122
118
196
51
135
129
174
134
137
152
33
1
76
59
61
154
86
84
175
74
114
59
132
56
73
156
152
176
55
153
147
54
197
98
189
149
32
118
71
196
136
73
80
97
21
181
113
174
89
135
25
101
139
111
198
156
34
93
78
145
197
173
126
52
9
47
67
11
122
190
97
113
35
31
61
115
167
194
173
25
171
175
49
143
30
123
186
104
93
104
115
21
178
185
153
12
95
36
174
54
169
169
75
186
19
181
123
99
124
12
136
166
181
73
47
160
60
53
23
87
64
31
14
17
131
136
125
63
4
103
42
156
109
168
180
42
62
45
90
61
50
1
162
92
47
197
182
142
169
187
67
195
21
171
119
106
46
82
40
35
55
33
188
38
101
72
159
10
46
168
163
51
57
181
116
46
200
15
48
192
129
95
50
135
149
130
112
89
49
102
132
39
132
86
5
172
200
195
70
18
15
103
63
53
144
4
21
76
163
117
141
62
95
17
41
81
143
84
110
138
122
198
86
72
3
24
11
188
39
146
2
154
38
110
177
83
12
42
39
186
43
49
64
97
196
147
133
21
22
124
37
100
148
86
12
116
172
181
86
139
86
163
23
86
84
169
108
176
140
48
46
103
66
141
31
134
30
61
74
138
23
163
171
80
17
89
178
57
168
143
13
172
177
172
194
4
162
15
49
96
29
111
110
154
8
176
101
61
95
137
5
25
160
7
83
48
7
138
45
33
12
93
175
127
35
48
8
35
139
171
81
160
168
123
163
181
116
88
144
10
11
192
6
25
176
136
180
81
117
63
63
129
99
124
172
126
173
93
194
85
184
42
159
149
126
130
108
88
140
58
60
98
66
38
178
67
170
156
64
200
18
169
48
146
84
32
165
154
134
36
128
69
16
89
45
61
179
29
136
151
194
191
92
15
70
45
120
8
26
115
26
163
70
20
37
80
158
182
183
12
46
72
174
89
13
133
162
7
191
192
65
6
151
159
181
108
9
188
165
25
139
85
118
94
47
121
81
45
54
83
193
107
161
82
47
135
107
157
71
193
74
102
192
50
170
12
34
142
105
65
95
32
122
25
171
101
118
53
52
185
138
55
14
127
34
50
128
67
22
152
131
175
20
49
138
76
49
166
75
176
92
18
75
25
51
69
23
38
126
97
120
172
44
24
49
104
63
4
154
123
38
129
132
151
11
176
89
34
41
28
39
126
5
115
11
182
41
190
135
176
70
181
118
22
115
16
126
11
185
46
111
128
19
47
169
144
180
119
61
138
135
112
94
82
61
190
62
190
52
70
190
74
109
170
60
61
6
109
36
149
176
141
159
78
190
145
106
83
27
123
134
52
140
78
4
200
118
1
165
152
5
37
104
53
114
59
112
56
186
55
46
42
117
54
5
89
86
151
149
65
82
110
22
98
50
196
187
15
63
47
34
97
128
29
109
7
51
61
41
199
87
110
87
53
29
87
183
32
147
70
111
117
29
81
144
158
107
37
105
14
87
72
124
71
86
28
178
134
66
162
166
84
165
106
199
146
186
47
105
175
60
117
44
170
160
159
33
156
19
34
162
12
47
191
165
18
55
157
55
29
184
74
87
191
182
190
167
199
118
167
180
25
114
189
18
43
180
87
153
148
85
46
55
151
67
19
106
147
145
82
40
188
61
96
40
13
189
152
122
104
55
177
169
193
52
96
196
199
136
165
73
144
107
167
116
107
18
106
15
13
40
134
68
40
31
174
39
34
37
89
78
200
98
109
13
21
143
172
146
175
125
196
186
71
22
8
143
148
29
193
134
76
23
24
189
100
131
50
197
130
113
79
38
68
34
30
108
126
31
51
160
193
129
164
175
102
109
76
145
191
62
113
42
63
1
119
97
16
147
33
66
116
89
123
172
90
63
68
5
132
189
195
32
174
144
39
3
71
152
145
42
189
155
93
86
27
145
25
45
156
153
101
