10000
342
859
379
894
628
222
200
733
469
874
516
634
460
328
917
77
916
577
375
449
728
667
840
32
110
342
3
69
817
100
992
507
919
551
156
997
531
70
867
713
488
495
77
283
17
186
460
744
622
249
139
839
86
302
847
153
350
659
609
720
915
669
848
514
903
739
830
837
47
104
221
833
580
850
736
712
160
900
828
643
203
693
922
86
598
997
311
143
39
250
354
562
151
477
83
95
963
263
408
908
582
673
356
874
891
356
406
843
717
112
842
781
591
488
215
157
301
401
925
933
123
532
982
427
624
343
291
678
768
839
823
169
562
138
932
805
121
56
9
342
9
220
54
7
620
202
207
417
444
775
457
766
54
4
767
76
982
414
450
456
673
266
896
72
328
453
603
956
379
714
730
437
844
131
814
29
866
993
131
997
202
231
375
517
160
209
729
309
694
827
93
321
351
161
843
58
802
618
153
700
495
108
547
329
751
771
619
279
79
224
710
377
160
902
4
447
516
193
498
702
909
146
630
757
525
906
300
258
890
530
871
201
26
839
848
733
488
15
582
854
379
5
305
255
366
710
891
480
203
342
185
637
295
819
554
700
812
348
923
568
996
186
465
65
328
410
156
71
176
450
123
309
773
883
359
929
699
151
91
727
16
440
15
567
417
767
610
263
739
205
190
989
504
471
69
549
627
709
896
505
627
790
733
24
726
171
796
828
471
206
494
249
253
62
589
957
638
223
213
317
28
15
730
881
444
833
32
98
139
642
771
41
3
124
817
238
668
411
919
462
895
268
683
603
78
141
72
371
535
315
6
278
679
287
872
266
766
726
951
610
340
369
589
816
400
386
671
804
336
244
296
159
770
973
238
12
520
807
151
452
181
725
829
479
930
470
197
278
376
529
20
224
416
982
2
493
722
641
6
457
679
969
670
388
493
565
32
985
130
953
139
53
377
177
775
127
322
529
797
302
493
970
845
155
583
630
166
5
893
917
726
803
215
786
783
72
472
122
127
70
754
965
109
133
726
574
602
546
464
762
6
499
700
517
202
995
808
873
479
124
852
129
43
983
463
55
292
731
416
666
875
922
566
868
260
387
61
423
370
624
640
982
797
225
84
37
325
983
173
695
10
306
540
294
75
681
442
824
241
492
299
156
662
653
153
331
123
714
606
515
968
619
25
472
619
593
845
478
866
503
98
18
748
55
581
756
666
144
358
92
651
663
663
702
358
581
990
606
644
312
389
165
942
959
606
307
313
825
155
283
504
589
786
581
979
389
286
174
625
80
546
885
890
164
448
953
674
594
373
277
680
472
606
851
151
888
897
609
950
297
673
330
769
501
979
280
336
487
218
36
788
524
786
922
176
181
760
708
71
280
567
762
536
133
139
278
232
688
616
271
465
393
817
496
626
399
284
935
555
540
28
968
499
207
126
896
647
336
817
666
43
822
930
546
631
359
227
824
667
138
590
529
6
603
885
212
745
534
963
813
492
631
458
341
393
7
146
161
335
677
87
318
882
927
108
694
856
742
165
781
628
320
19
785
992
665
22
280
945
932
63
719
839
590
987
705
289
872
218
574
306
611
340
397
369
308
375
491
731
657
486
989
272
515
3
461
664
601
761
596
196
180
356
404
669
595
853
408
483
238
795
207
594
499
438
727
642
279
489
801
617
685
860
651
372
451
506
388
43
819
496
514
163
940
176
832
495
753
950
729
912
385
262
594
193
761
98
369
808
731
629
152
380
449
827
909
853
197
697
683
296
795
369
559
850
950
580
276
32
893
278
734
239
360
805
308
242
782
733
496
566
396
69
792
318
670
937
934
708
98
28
712
171
23
810
975
179
741
635
881
566
870
465
258
55
334
513
229
127
29
575
58
650
995
189
438
308
762
169
160
708
208
784
669
115
100
94
354
328
680
979
983
335
455
408
516
62
518
508
264
923
910
386
978
437
149
72
759
245
919
775
247
224
535
938
578
71
947
72
793
622
6
912
116
542
977
512
348
181
770
886
572
371
948
561
225
333
454
494
941
123
868
678
638
62
702
805
774
865
771
438
962
428
497
707
855
611
484
356
330
730
829
638
987
190
852
427
258
961
435
668
586
673
464
8
988
911
488
337
625
208
36
730
957
69
361
180
835
10
178
444
633
115
749
742
849
310
295
391
298
144
178
457
281
727
499
895
772
943
717
489
230
761
73
120
874
204
737
352
727
293
181
140
273
760
812
908
322
336
450
313
882
311
473
277
767
262
904
420
235
930
966
950
239
254
157
558
310
842
154
753
325
327
848
510
191
655
432
861
14
934
108
234
550
981
839
250
653
950
657
821
863
640
810
295
79
825
331
517
765
615
821
401
764
802
654
351
138
948
7
827
508
533
945
570
754
611
461
36
588
84
597
437
595
701
165
923
428
646
975
738
799
222
328
312
735
356
527
266
415
583
639
809
291
670
128
825
760
12
923
822
590
466
939
88
626
792
515
197
262
237
837
549
83
342
777
773
188
229
207
455
356
302
630
262
872
355
593
429
494
665
25
354
678
576
916
12
958
333
967
388
33
117
511
565
378
939
771
619
758
533
388
907
306
852
580
332
125
219
784
219
341
208
928
471
33
755
555
570
231
368
32
660
923
123
239
491
807
313
895
650
278
508
178
505
416
539
64
818
183
424
271
437
990
77
928
265
861
216
818
199
906
51
687
716
773
14
449
710
483
129
843
593
429
525
774
557
423
609
411
971
817
896
705
902
44
264
243
898
907
852
491
156
170
186
758
756
966
543
583
359
557
280
883
504
262
152
712
200
157
487
327
156
178
262
352
794
129
821
533
549
525
862
355
513
157
903
926
69
785
340
546
485
120
305
623
977
792
425
874
619
89
303
585
81
846
935
460
686
241
509
833
439
146
807
958
351
361
684
919
5
406
45
551
544
280
751
174
335
370
831
471
593
387
164
545
669
996
310
277
281
946
898
40
952
546
319
298
668
281
432
521
887
984
289
890
905
728
209
760
17
593
932
31
777
465
256
89
318
106
929
281
795
256
471
309
583
946
341
463
467
908
49
119
299
305
118
862
298
465
151
590
756
829
273
74
616
772
796
192
825
294
414
500
537
37
372
734
156
460
521
954
534
866
170
252
167
264
317
449
972
571
380
180
495
989
848
383
686
469
511
876
161
188
254
730
678
796
857
22
167
51
573
646
544
749
306
636
526
713
152
541
857
278
640
224
939
295
471
250
959
5
153
426
441
809
859
551
708
853
53
370
472
204
531
691
153
439
419
302
629
146
203
964
401
347
217
267
909
522
170
680
993
450
258
57
747
880
2
273
49
562
171
1000
8
840
704
2
783
181
97
564
106
872
170
981
509
98
364
103
397
304
387
544
793
274
726
183
50
702
398
426
139
364
782
720
934
112
441
610
676
725
51
86
30
971
936
361
388
794
770
450
374
882
869
816
732
599
467
287
695
130
278
811
34
671
893
328
404
714
933
898
276
966
432
277
976
230
218
568
631
935
844
408
337
450
480
187
234
245
690
546
208
400
21
655
863
792
149
530
897
80
812
685
419
329
205
419
331
134
326
992
116
740
549
520
417
710
227
354
272
305
25
88
162
803
544
917
24
828
234
189
615
843
604
408
404
698
524
735
465
264
217
253
442
10
455
446
1000
544
312
823
773
386
248
699
541
969
73
271
446
478
908
567
194
80
721
33
413
627
824
71
692
684
703
101
213
214
16
649
822
798
970
968
150
811
568
191
188
847
365
956
407
257
445
732
281
777
133
541
677
637
760
131
710
239
956
4
622
511
253
252
17
832
638
883
979
406
644
46
35
31
750
423
255
220
82
24
966
532
539
993
758
448
434
773
891
513
357
349
494
9
349
176
621
782
681
410
340
354
281
204
468
283
250
681
957
994
686
349
653
972
666
880
275
135
205
517
216
843
122
793
127
949
742
75
207
829
797
872
205
708
304
972
483
197
419
748
537
32
496
69
699
241
429
291
688
49
290
793
435
980
671
555
945
395
520
749
508
553
893
388
329
466
754
593
999
437
754
200
930
403
840
389
424
712
572
333
643
345
742
107
482
980
860
5
415
904
797
832
465
815
118
846
383
642
714
510
141
716
742
155
626
95
746
122
506
750
830
484
17
832
128
265
278
254
321
135
24
413
694
841
957
507
746
106
635
753
939
977
520
378
964
984
950
21
380
16
318
84
549
633
667
674
215
351
912
57
187
170
68
332
98
519
802
501
123
595
411
225
529
690
252
433
904
84
569
705
86
564
176
217
860
85
60
383
211
820
973
414
152
237
887
441
36
232
405
2
730
308
456
81
461
122
49
545
420
844
452
827
202
408
117
203
746
707
601
256
298
565
72
814
918
38
141
110
563
521
267
16
240
58
505
494
654
199
626
905
653
419
876
623
485
362
711
504
708
657
225
546
217
484
997
463
148
917
13
479
258
98
734
423
859
620
210
154
893
977
233
679
233
769
627
466
727
487
914
427
235
50
369
681
627
244
827
877
24
677
685
898
393
915
310
506
395
639
128
303
373
146
545
287
332
202
223
5
582
653
315
672
745
290
27
152
855
268
784
689
91
568
395
46
183
274
195
170
29
117
510
642
329
185
826
547
515
859
490
357
948
231
196
270
822
594
632
455
489
800
182
364
320
594
230
682
46
932
556
417
754
246
98
762
94
217
729
813
160
539
406
552
640
672
955
347
16
627
128
584
851
593
47
525
875
773
105
894
684
904
616
672
568
189
776
718
940
276
322
607
21
953
228
936
882
448
396
508
730
495
154
827
920
787
904
382
971
226
244
271
744
554
493
218
734
284
397
460
225
55
609
951
593
750
487
387
440
148
851
778
14
908
376
762
394
804
308
137
325
151
866
130
663
224
150
739
314
394
884
638
676
153
268
325
770
267
334
138
24
173
759
979
332
216
313
437
39
263
325
611
555
182
323
310
937
70
808
952
248
172
581
259
628
176
170
93
232
218
565
569
639
254
821
280
353
268
777
98
642
697
94
635
555
921
24
275
48
676
76
471
484
312
256
167
518
10
836
717
854
159
820
951
39
430
402
456
258
9
709
781
866
151
636
690
196
20
472
176
596
908
305
980
864
996
232
90
190
258
673
652
840
661
649
216
916
429
422
304
675
746
86
776
892
110
828
116
39
660
222
318
351
570
687
112
835
572
683
229
976
797
18
991
600
632
237
113
315
287
420
514
817
360
688
528
448
292
808
3
946
168
587
221
823
810
226
184
382
614
121
771
243
505
216
322
248
243
529
353
164
113
599
83
518
241
26
171
323
834
229
930
68
41
904
277
401
853
71
184
996
402
894
543
10
237
192
653
402
134
282
580
446
450
945
778
122
785
546
317
902
836
915
997
931
138
937
645
386
723
602
710
98
673
561
441
566
971
761
698
5
171
147
162
652
18
120
747
317
270
839
732
917
639
855
65
502
147
101
201
360
141
665
66
633
513
845
14
690
848
406
401
871
850
313
7
895
171
434
406
854
790
50
918
790
34
99
100
657
827
195
536
142
231
355
736
547
614
410
435
670
395
124
74
588
357
997
692
375
838
319
487
919
540
919
125
459
550
613
408
196
769
422
30
247
794
422
222
506
287
277
241
833
89
83
453
187
25
481
896
839
91
105
588
506
182
319
890
540
692
544
353
642
785
223
368
409
702
128
162
28
765
698
857
283
330
829
83
161
262
777
178
127
411
539
825
406
361
784
640
313
535
45
33
320
604
224
859
48
522
774
641
691
522
815
953
855
568
402
265
828
49
625
985
42
556
589
354
420
625
398
431
948
813
166
334
843
33
551
446
180
27
152
474
398
338
193
927
842
207
325
38
528
310
468
71
195
707
555
992
386
850
944
320
728
859
150
956
170
163
176
338
850
336
590
279
962
13
9
388
979
127
873
54
52
400
400
122
843
182
585
120
274
436
247
260
212
122
461
743
351
683
729
264
726
495
792
944
403
570
542
606
199
732
916
493
507
895
878
566
641
476
193
513
890
36
953
526
199
637
797
20
679
839
676
810
313
131
854
825
428
188
592
892
172
105
599
718
558
285
901
468
786
155
356
408
301
750
194
419
738
811
489
793
389
719
445
75
974
480
915
812
52
909
894
634
298
481
293
852
665
398
105
127
282
537
852
867
170
995
880
529
592
2
999
320
449
901
476
733
25
721
229
51
726
157
1
9
85
724
378
601
129
899
712
46
19
83
563
546
308
679
258
351
705
392
396
865
633
476
83
775
746
714
798
941
59
469
163
83
635
235
806
514
486
340
358
45
933
424
499
153
422
730
360
387
312
88
732
699
84
414
815
91
800
975
852
678
481
114
877
814
798
608
521
619
854
999
304
600
462
134
793
196
308
162
844
764
416
341
320
849
929
805
814
269
536
43
360
379
828
860
856
797
262
336
362
266
279
32
932
985
910
323
945
210
200
385
472
409
928
451
291
250
568
802
596
789
944
108
499
94
128
390
770
270
876
875
554
222
994
115
962
117
473
200
853
555
6
429
345
550
651
14
12
543
558
439
806
285
455
4
145
805
647
663
856
443
292
37
747
141
566
856
540
40
896
837
266
165
287
49
87
372
610
313
636
338
293
505
97
770
238
329
896
166
513
248
240
778
140
572
779
151
605
862
138
889
498
722
804
469
298
694
45
88
485
50
422
227
669
498
362
594
721
351
721
939
756
38
939
219
600
60
665
952
766
404
393
772
270
357
767
512
731
563
336
563
712
252
862
654
695
976
567
768
762
828
732
734
39
918
569
894
374
981
849
875
657
611
73
107
597
353
461
833
919
957
81
408
829
999
541
89
828
742
215
770
675
545
310
530
859
425
515
26
367
769
56
946
777
829
579
601
874
703
901
98
975
746
233
647
901
109
932
380
877
246
626
19
614
124
281
942
510
867
889
23
104
83
918
195
559
15
959
326
562
387
617
649
895
328
459
265
445
691
674
445
916
35
118
123
712
716
167
961
917
852
587
316
584
412
84
969
232
707
333
524
139
999
919
63
467
51
876
707
151
234
456
268
510
264
224
498
883
458
873
863
239
308
453
5
749
573
212
141
157
932
19
493
683
354
915
808
244
17
231
884
413
680
819
257
717
727
323
715
671
283
574
457
776
319
22
565
338
748
373
546
603
151
571
393
257
497
283
423
92
750
309
16
571
533
692
569
117
297
515
584
49
109
517
557
945
100
984
4
948
325
123
393
590
61
650
739
889
934
506
529
625
787
714
536
27
273
455
810
988
766
704
476
735
871
519
24
590
764
254
863
457
921
360
139
780
675
496
626
161
383
946
715
518
695
457
117
750
501
234
46
251
997
571
5
936
604
367
470
608
434
916
812
831
130
922
653
359
239
436
473
5
674
66
890
105
25
91
819
892
484
517
635
555
373
814
683
418
746
859
330
512
299
862
947
299
677
118
575
872
677
47
453
106
705
454
905
823
143
901
13
624
233
138
643
626
799
335
384
123
553
703
778
693
240
462
538
715
254
781
613
986
159
309
185
763
276
462
763
67
359
814
694
527
661
401
379
483
501
33
754
302
611
849
256
281
459
113
113
948
275
270
226
856
77
256
94
85
204
730
949
388
674
871
630
303
686
655
7
900
147
367
811
140
991
969
17
721
4
406
728
178
815
357
721
96
929
886
792
122
726
624
843
924
314
807
951
170
971
362
42
814
551
187
156
392
91
590
786
840
931
235
975
5
145
473
117
133
770
973
628
826
16
569
741
846
308
88
640
495
12
572
828
456
485
909
527
905
880
89
840
830
884
234
341
276
247
747
17
292
313
918
478
936
814
712
931
732
613
293
685
903
275
553
603
416
350
34
685
433
407
303
673
834
198
565
173
137
570
557
766
497
310
867
420
828
584
117
975
737
767
476
395
644
992
496
19
262
226
21
165
44
961
25
463
858
343
860
674
63
26
296
128
438
609
348
160
618
62
740
1000
454
742
827
315
683
880
116
210
853
705
38
942
489
692
399
836
738
522
222
265
772
682
386
661
284
865
114
515
46
876
495
320
448
80
684
388
821
327
882
150
151
804
75
707
781
151
646
243
22
32
736
644
447
218
501
276
993
416
194
785
916
187
897
916
533
495
591
704
674
528
4
477
364
335
952
69
322
667
995
462
473
859
223
472
723
311
769
946
726
858
390
360
820
501
821
166
813
890
630
695
882
946
432
171
188
462
534
365
703
355
849
921
424
538
812
408
999
643
880
828
754
81
883
469
689
2
916
632
599
725
321
903
989
144
135
988
108
695
832
648
647
352
61
522
323
247
678
924
690
261
644
676
901
45
543
639
797
824
505
545
810
365
601
763
37
380
504
431
888
557
836
711
42
143
681
574
788
913
697
898
909
601
372
160
645
118
784
468
429
307
620
620
660
79
859
458
897
347
309
466
24
26
136
351
560
950
808
408
753
237
203
117
941
125
46
332
270
43
739
332
890
241
641
755
296
778
538
781
629
853
30
483
653
694
736
376
28
343
925
228
255
155
373
145
97
398
883
456
969
517
484
743
857
720
734
850
310
582
149
525
745
546
479
462
128
433
484
377
225
637
750
482
215
378
833
953
855
264
296
627
80
527
647
137
354
330
950
23
63
536
96
361
713
948
609
793
800
381
349
742
970
274
863
449
587
35
934
642
913
502
522
375
408
22
277
565
262
930
877
106
401
834
311
382
872
751
737
604
529
492
55
947
104
152
369
712
274
733
815
234
292
171
304
708
187
158
368
803
64
598
412
936
80
978
940
881
56
780
367
697
658
370
237
418
220
908
815
208
673
982
43
369
577
283
143
786
70
614
530
721
590
92
827
399
395
939
994
716
419
274
465
986
160
307
313
981
662
72
343
322
682
167
248
744
181
977
937
945
732
624
234
289
530
758
611
608
654
906
714
708
402
324
752
749
681
749
17
481
383
96
730
373
305
651
706
941
302
516
954
808
871
741
530
540
131
624
662
742
639
925
112
828
414
861
954
841
88
454
853
986
375
138
372
80
51
664
621
14
801
63
82
783
168
636
823
684
254
803
806
532
38
36
342
426
980
480
827
258
681
698
284
255
89
786
792
611
450
710
56
982
698
152
249
830
58
467
5
673
740
811
91
828
623
415
154
467
419
135
514
294
751
195
439
351
18
553
853
779
453
89
926
935
157
737
22
835
642
382
617
409
868
862
603
280
45
978
901
79
373
753
343
620
180
259
839
825
595
24
194
673
436
555
150
426
912
394
215
370
656
693
125
631
917
502
650
447
637
173
449
738
303
557
633
191
334
972
493
843
909
824
523
679
616
165
582
263
303
717
374
75
402
831
176
879
423
792
233
365
210
85
97
165
330
440
731
921
257
330
342
843
989
505
721
708
946
416
628
401
908
733
951
55
748
674
920
695
238
48
441
742
363
695
159
485
952
937
490
75
49
777
810
348
130
786
960
697
144
928
636
801
218
676
476
164
851
544
790
239
707
67
195
482
706
842
161
830
671
909
560
887
588
303
356
932
419
138
341
594
811
731
685
187
699
998
893
992
126
763
443
667
106
373
771
785
99
666
22
13
92
569
111
22
242
630
703
485
383
929
475
176
840
759
353
19
283
566
674
245
845
817
420
584
84
777
402
952
706
353
413
581
339
404
789
299
37
48
731
318
940
624
513
165
156
14
725
24
644
24
830
392
320
549
131
251
209
839
546
912
638
275
973
118
505
898
350
263
536
705
708
541
813
642
514
467
853
508
317
346
581
432
462
768
822
217
13
935
583
47
415
297
78
801
576
781
937
581
773
158
199
95
892
564
817
791
96
437
509
245
716
312
858
114
589
276
915
203
327
72
702
189
13
751
257
576
804
172
623
367
854
493
396
216
200
549
33
907
895
912
436
236
773
77
157
268
160
111
272
137
103
397
395
364
834
398
440
415
587
972
895
370
466
827
798
578
515
198
483
636
653
35
662
831
255
909
563
112
500
419
295
77
205
169
409
67
516
186
922
759
766
1000
241
149
421
538
376
100
472
618
378
334
867
403
247
97
784
681
423
850
908
190
909
710
384
757
917
992
502
967
799
392
925
342
308
156
444
158
936
2
656
510
37
790
212
796
895
281
436
15
530
760
504
387
536
732
214
224
912
813
138
516
714
119
741
266
786
786
256
172
578
371
99
567
572
711
497
272
110
609
233
157
453
215
944
319
116
985
762
791
100
185
470
111
815
526
603
363
480
753
481
284
769
109
145
952
54
877
49
984
871
307
236
130
322
793
656
135
400
165
249
398
567
15
322
600
249
234
578
352
686
733
174
183
143
174
384
50
585
691
860
120
963
348
812
318
573
992
193
224
273
357
668
41
999
533
721
479
509
323
133
165
456
607
859
754
986
733
653
45
393
938
409
516
296
528
786
267
819
113
592
508
73
356
260
400
243
142
41
313
357
847
538
588
731
270
861
711
29
543
21
511
224
99
504
612
305
226
1000
602
956
345
648
782
966
555
205
887
550
136
349
643
189
108
788
805
622
321
537
210
15
654
597
462
281
359
550
916
453
546
9
843
995
6
603
929
472
782
305
690
333
281
474
70
266
641
547
373
602
989
777
289
965
923
199
727
119
825
891
38
292
972
406
665
80
22
673
408
314
84
818
67
11
558
623
257
646
523
844
400
470
989
177
104
936
998
677
123
16
907
907
584
122
817
763
102
165
98
878
982
186
159
413
200
484
910
965
889
617
618
306
542
531
78
265
765
865
242
167
947
668
622
65
990
747
12
131
881
6
154
213
97
394
710
520
468
296
250
22
917
512
981
193
138
3
692
695
734
485
21
449
897
261
406
352
346
37
165
609
338
580
442
219
691
647
836
914
821
852
183
715
130
432
554
805
495
183
743
547
920
523
17
580
1000
257
823
454
733
665
225
933
729
644
786
679
685
116
983
833
228
995
202
986
915
300
490
317
885
79
693
337
517
315
355
714
849
114
269
767
473
528
571
20
294
310
396
280
755
164
502
345
145
991
889
94
178
136
31
985
1
682
941
523
962
500
821
898
990
97
239
464
776
346
423
106
562
836
282
891
532
225
438
993
662
445
75
24
857
598
234
861
965
639
950
743
24
993
887
255
933
329
293
19
728
10
188
83
547
737
868
57
774
157
433
909
953
380
269
253
920
746
441
646
150
213
2
748
880
822
867
515
997
32
391
490
62
707
426
767
448
962
84
740
641
77
729
920
883
997
667
657
564
363
623
309
45
797
365
751
609
881
976
58
611
191
254
783
684
774
23
40
567
660
173
757
334
125
834
208
922
141
187
663
217
673
770
498
931
658
690
920
1
606
832
256
998
285
914
71
778
846
738
858
409
646
993
86
727
879
773
256
110
77
798
878
707
217
778
15
269
977
418
782
438
433
325
812
264
69
258
205
342
908
994
12
45
970
488
462
315
357
21
460
846
992
886
283
265
750
54
151
67
821
268
102
84
645
879
146
725
638
522
326
253
542
128
669
541
160
269
809
278
331
507
858
539
603
222
779
575
88
23
756
556
302
106
952
727
534
348
126
259
977
564
129
180
6
980
257
736
512
525
875
507
939
176
91
269
188
449
519
734
982
11
34
629
233
895
702
891
712
732
433
368
507
996
186
234
407
868
169
611
368
709
105
731
494
955
40
598
480
408
116
25
557
467
766
583
37
55
716
673
163
255
268
60
159
482
906
54
495
713
376
685
705
927
488
761
303
277
283
599
401
441
430
102
453
523
962
797
884
271
586
16
561
674
936
729
655
947
33
57
544
638
611
888
846
413
308
930
289
363
266
918
467
293
721
137
796
119
588
207
185
563
754
204
610
813
108
646
41
235
672
532
317
179
112
639
647
375
138
356
471
978
488
336
101
945
395
49
745
106
761
358
77
91
591
500
69
465
445
852
525
8
292
583
99
80
417
974
82
664
806
890
238
185
412
850
921
622
780
912
467
563
382
937
768
908
547
648
284
459
70
287
151
870
731
678
62
98
584
740
84
933
287
553
475
540
836
143
38
455
126
448
600
95
923
866
815
401
78
592
735
428
524
183
390
880
788
663
440
527
314
974
253
116
169
735
247
260
391
601
810
408
442
982
615
249
156
81
171
599
33
690
384
686
657
132
592
503
24
887
391
975
594
263
620
886
906
737
581
919
127
491
581
456
651
727
200
535
93
624
696
853
830
264
11
122
175
134
393
897
595
300
113
806
377
977
55
223
837
392
140
779
71
828
970
247
427
861
455
243
881
516
13
924
872
552
920
870
200
503
342
125
674
671
637
289
817
638
406
769
416
461
755
226
424
839
266
666
966
21
373
242
356
182
147
317
920
63
843
425
135
486
490
456
890
846
842
697
354
888
196
74
217
269
776
194
155
291
887
867
67
104
356
495
960
568
923
853
394
137
25
44
967
5
736
622
232
874
783
944
480
406
883
860
576
849
8
279
788
34
704
984
99
396
563
652
748
719
237
591
27
303
643
169
602
181
695
623
119
360
896
304
627
820
198
899
738
481
343
426
967
851
762
370
299
340
466
301
731
379
630
146
996
475
166
758
628
733
735
681
190
102
397
459
320
823
98
911
291
238
81
948
10
977
206
286
141
544
798
549
587
555
678
569
651
472
683
441
926
454
459
393
21
786
753
963
675
141
224
726
987
670
919
71
812
87
493
777
54
294
767
976
607
403
129
878
556
901
915
372
993
536
962
351
311
535
107
109
284
408
589
939
170
63
681
893
409
922
460
216
283
563
909
637
933
588
13
392
677
364
519
993
135
424
766
78
718
308
417
344
175
473
965
295
643
631
458
877
189
889
15
319
596
630
701
269
200
184
730
541
889
887
833
70
703
239
993
936
882
182
886
286
14
849
368
28
399
94
367
888
118
686
68
592
881
319
766
807
619
256
65
81
357
282
874
831
540
652
536
521
683
287
795
351
894
536
277
979
256
713
35
699
432
309
270
830
831
473
145
333
882
75
373
768
993
424
40
93
588
349
329
100
407
921
916
473
98
916
131
816
262
149
755
590
175
463
913
868
527
779
279
769
327
457
927
878
284
907
353
963
633
767
738
552
69
989
797
67
232
703
327
460
279
976
804
109
105
206
898
486
211
796
81
623
629
709
258
438
240
540
456
183
373
8
510
534
186
88
895
28
885
41
650
31
663
784
851
434
114
415
240
414
426
552
201
928
746
628
404
998
239
497
451
523
305
973
770
280
787
268
477
39
182
543
379
830
151
442
783
321
213
901
147
24
217
76
396
833
137
646
902
247
523
262
817
103
710
44
26
50
300
872
4
510
842
913
632
131
673
842
82
147
446
522
952
215
670
686
673
507
764
179
422
790
772
94
757
219
699
515
624
475
312
915
15
353
555
566
635
861
880
461
640
736
506
515
138
664
206
58
75
711
853
705
250
711
197
744
134
991
584
553
512
499
337
932
533
511
259
105
929
799
908
665
425
396
397
334
483
609
976
371
470
476
21
525
903
933
468
430
793
169
213
787
718
784
934
469
171
89
835
508
975
70
359
895
599
672
105
210
605
980
783
125
384
175
636
88
984
361
163
222
506
603
959
527
686
209
940
782
472
764
511
926
228
339
136
183
320
24
509
677
179
136
645
849
207
627
859
629
178
847
51
540
424
658
426
901
220
486
48
275
737
133
857
363
858
571
467
341
14
903
965
103
941
871
775
799
973
195
854
545
341
692
423
429
462
479
678
849
871
479
454
949
115
275
715
238
48
215
290
451
401
967
176
740
425
572
510
886
303
963
396
681
396
826
985
362
643
322
859
953
260
604
293
418
710
899
423
173
95
954
743
872
83
174
200
280
314
771
349
967
109
310
282
95
4
152
281
347
989
68
202
148
79
978
632
809
71
126
462
21
355
372
235
161
450
283
10
619
267
91
720
772
108
860
543
392
521
429
900
392
33
906
453
750
228
859
57
986
683
904
565
44
197
51
748
769
260
835
99
443
745
956
32
16
132
419
977
212
139
231
159
277
42
795
398
148
466
7
51
218
243
661
9
68
329
357
346
206
14
888
999
475
735
905
853
693
712
544
864
292
436
108
648
561
809
79
692
509
943
851
688
815
274
692
38
237
215
894
501
991
606
125
55
909
247
190
31
647
164
776
905
934
242
166
302
432
583
45
254
99
367
402
924
411
264
740
839
541
484
672
633
93
770
38
821
786
157
177
773
167
882
558
320
536
112
638
13
746
964
780
897
165
693
373
104
176
450
762
353
4
177
693
448
607
609
293
761
719
390
153
801
367
990
676
110
457
377
417
158
540
913
121
602
801
985
315
99
248
116
225
413
189
708
201
867
155
488
489
892
820
190
678
787
682
280
238
739
470
532
799
736
693
113
582
322
792
836
797
830
274
795
350
197
747
759
153
198
476
882
412
820
636
731
441
897
42
888
211
495
286
744
758
822
835
203
688
638
245
224
820
614
162
652
45
818
874
860
590
870
273
743
643
816
705
124
393
124
911
95
191
735
618
205
452
260
316
871
689
313
426
986
76
329
131
987
844
71
414
665
275
954
910
391
183
681
974
215
529
736
167
710
421
647
658
295
717
363
521
432
160
78
13
293
202
186
195
424
294
710
499
803
458
438
257
541
214
521
799
35
446
800
307
444
721
969
586
879
168
220
636
971
419
383
147
487
742
413
784
930
293
377
321
562
945
713
961
945
600
253
197
991
603
464
394
375
183
897
635
477
350
724
687
193
497
920
830
639
626
459
319
199
708
199
85
511
880
599
749
309
50
115
245
942
319
220
53
431
476
545
891
631
705
250
775
479
427
172
882
540
575
539
650
615
139
760
532
723
685
449
73
747
233
121
479
930
879
937
336
999
546
781
181
985
873
376
574
717
255
617
868
905
366
177
832
970
44
788
110
163
305
868
32
931
966
208
443
498
754
804
668
306
656
740
742
337
184
740
281
635
497
914
86
670
151
942
444
390
755
928
825
939
915
608
167
146
288
50
720
194
366
497
824
56
124
763
332
505
363
331
153
909
95
470
623
49
310
633
965
574
937
713
398
118
971
277
984
79
380
502
12
692
637
772
962
831
588
81
166
580
223
970
99
450
482
897
621
313
631
573
310
993
805
724
387
661
56
78
475
868
148
382
712
203
832
577
649
427
960
514
287
107
120
81
147
678
128
743
709
366
218
361
538
98
924
743
621
516
32
403
82
386
106
261
297
766
884
37
754
250
326
932
994
684
127
258
68
45
742
498
50
617
364
38
522
680
858
815
806
479
768
340
780
20
403
859
393
705
553
449
183
370
106
190
520
248
243
700
795
160
364
887
847
946
531
517
746
43
888
310
405
689
513
855
707
282
274
748
518
315
134
24
139
269
835
384
291
625
331
511
703
670
22
837
620
450
243
601
33
810
612
615
505
220
800
847
225
493
782
614
183
483
453
704
105
500
475
5
329
344
782
46
430
794
980
132
54
201
387
965
408
120
562
792
994
369
889
214
440
863
567
531
970
189
855
445
743
367
441
715
128
585
734
1
469
114
4
986
963
87
548
930
22
265
540
794
218
608
163
331
324
487
582
50
732
597
251
756
994
12
915
97
815
303
792
763
7
895
969
321
611
635
601
289
360
200
6
684
139
988
87
883
525
147
6
817
535
567
596
735
134
321
331
430
589
940
318
360
940
22
548
461
301
670
930
39
727
383
428
468
173
724
643
149
699
148
616
273
47
287
233
68
898
581
890
4
526
968
125
739
796
726
30
601
127
382
872
715
107
816
408
965
598
988
259
929
944
924
635
238
542
244
622
219
447
984
578
306
57
368
146
427
166
244
20
697
171
762
754
101
970
738
96
573
961
670
641
46
885
519
745
182
947
315
853
548
208
216
550
412
983
487
637
386
465
193
746
528
911
150
162
424
949
336
274
57
843
304
349
888
247
286
308
274
210
418
126
725
752
497
654
513
171
791
940
404
24
577
236
798
770
773
749
726
285
860
424
748
408
781
152
693
161
345
538
31
611
836
491
547
371
585
845
263
992
211
643
769
986
592
632
363
219
403
221
924
763
883
920
969
671
788
218
251
581
694
541
805
892
593
234
928
507
998
597
101
635
143
68
680
974
527
734
672
926
383
259
278
734
638
123
776
92
98
536
844
893
994
2
170
293
800
171
359
469
305
676
947
261
778
38
573
102
330
851
822
818
861
236
350
79
1000
595
392
974
583
911
128
967
965
808
35
399
322
83
881
361
475
755
200
412
944
241
9
84
496
305
844
158
392
237
919
616
467
543
245
650
14
951
351
432
146
192
267
541
387
529
456
285
585
483
975
155
793
292
921
680
631
704
207
663
904
834
571
9
493
520
852
735
625
5
541
66
719
279
25
647
8
812
277
518
339
544
962
652
427
805
436
590
7
547
148
981
67
219
476
610
150
438
495
932
128
199
460
449
521
567
323
568
832
194
792
171
348
380
762
729
92
639
574
470
359
669
686
982
246
115
161
101
542
795
88
985
897
960
690
489
268
803
33
684
9
640
952
367
929
870
226
545
305
281
707
709
313
780
495
319
793
590
268
714
459
2
286
195
616
418
364
101
363
158
792
167
882
356
955
54
585
107
232
944
884
476
220
973
61
832
747
799
527
109
836
747
423
345
177
953
198
485
884
290
863
147
348
158
992
592
6
170
719
434
172
275
35
395
849
241
166
956
635
636
441
718
677
91
601
976
17
438
761
902
119
678
301
292
854
776
731
129
318
724
290
453
957
583
15
896
409
283
733
255
63
21
492
410
14
114
114
862
781
591
875
873
504
732
877
538
5
611
848
829
25
891
259
43
319
639
92
786
733
406
112
909
329
539
730
994
391
59
622
181
160
190
437
138
215
73
94
578
405
301
853
841
792
775
454
292
584
410
746
71
984
405
721
688
522
33
962
703
895
664
162
863
104
525
860
401
65
432
786
193
71
960
17
341
771
995
305
749
442
321
284
503
536
590
331
303
494
413
605
423
61
137
340
952
724
967
548
18
275
898
584
380
546
988
737
623
175
132
495
819
696
173
228
996
514
615
126
643
43
900
371
654
159
250
942
104
646
683
882
9
893
85
235
983
718
33
777
111
390
655
322
472
560
566
890
613
946
703
882
122
449
793
223
847
941
934
829
589
735
419
307
470
917
836
1
121
208
172
838
561
492
961
741
848
536
924
410
989
667
183
41
336
278
78
190
780
876
182
237
832
32
414
289
851
29
655
959
784
668
114
750
49
558
44
64
660
967
80
466
499
569
271
792
846
775
989
840
691
591
697
724
961
575
694
790
376
929
694
93
367
584
923
673
675
722
803
932
802
168
693
929
422
301
973
517
490
572
722
819
461
177
626
254
544
763
468
926
995
916
502
69
83
780
636
569
229
139
758
937
174
74
407
3
611
449
561
352
923
644
288
130
172
207
685
314
825
191
3
979
302
126
971
226
265
357
954
766
298
156
190
156
121
640
113
550
307
214
610
279
233
362
734
452
671
633
858
959
256
535
112
335
143
899
528
43
804
892
735
639
296
605
54
973
990
929
5
263
671
276
303
178
363
69
212
691
48
434
743
23
751
86
545
376
62
441
587
233
936
190
998
75
619
204
961
946
96
286
260
806
268
258
865
848
404
572
683
974
493
528
738
957
764
467
744
726
957
183
856
954
280
339
553
127
194
169
524
345
718
504
134
745
609
673
925
909
894
100
938
30
778
588
313
644
370
36
349
969
213
933
314
828
36
266
697
46
939
55
344
214
269
377
733
507
122
943
655
626
818
146
897
502
452
173
421
775
913
743
803
102
335
77
721
773
793
93
666
846
326
346
886
256
302
867
846
867
1000
756
791
255
867
361
665
409
911
485
555
747
53
547
927
371
837
960
734
629
102
982
211
751
13
220
957
313
500
468
649
381
416
287
421
106
69
678
915
271
180
710
667
667
221
119
561
953
560
117
563
459
852
957
941
485
642
157
451
820
92
879
600
915
959
441
903
840
306
721
102
648
286
901
153
689
648
948
137
965
57
850
977
536
274
395
224
347
597
391
866
394
700
88
687
654
920
53
196
31
491
161
510
167
178
228
618
669
978
729
899
559
814
630
836
999
18
805
846
168
704
19
801
977
203
85
294
682
648
599
694
249
71
115
349
599
293
664
252
313
135
724
32
139
462
674
567
42
606
802
982
729
544
364
677
954
650
125
227
634
320
28
137
31
899
716
981
456
724
200
865
200
132
365
138
366
260
45
638
568
243
114
321
365
665
767
329
604
817
959
83
411
622
322
533
111
53
835
780
85
196
843
764
38
762
617
120
326
446
960
304
798
984
351
174
83
505
12
916
482
581
478
544
881
478
371
722
670
402
18
459
417
548
222
736
47
7
655
990
734
950
165
11
28
136
629
162
5
897
647
323
218
142
545
180
408
716
344
559
492
404
434
775
840
744
114
13
21
306
362
654
270
792
841
788
186
91
38
855
637
544
204
946
142
890
563
939
365
149
191
898
68
968
24
701
864
977
1000
640
136
487
74
893
759
937
553
583
479
973
707
946
617
412
478
377
156
400
791
970
280
924
537
126
694
300
869
398
508
604
207
434
584
262
181
730
125
668
856
551
166
871
758
364
234
637
337
267
408
246
759
888
216
665
831
360
601
501
363
209
354
897
29
317
833
862
765
723
668
205
841
177
409
381
735
677
861
877
454
484
416
122
808
992
764
588
863
69
224
47
289
512
920
271
920
352
696
531
946
878
503
968
950
525
976
274
342
580
692
323
627
880
560
357
157
229
406
958
520
806
777
984
29
545
327
705
952
202
115
855
434
103
149
675
719
809
475
640
940
755
612
750
588
880
536
605
472
907
872
760
102
110
846
872
907
805
77
478
656
140
913
954
946
137
173
556
100
191
927
193
941
936
801
153
307
344
800
914
810
348
543
748
353
754
572
20
186
181
374
130
751
634
939
793
847
277
498
297
87
959
897
236
179
216
273
126
188
362
808
678
312
36
997
388
309
749
743
900
385
895
316
543
16
647
753
48
230
972
326
578
84
155
319
600
632
241
243
430
716
210
605
812
552
196
696
194
161
905
221
590
53
307
963
72
763
706
937
136
599
167
495
196
293
728
508
490
425
211
654
359
170
233
799
933
42
754
470
493
197
863
667
223
322
253
566
84
478
940
632
839
339
193
372
159
189
815
24
201
425
743
584
334
156
218
144
911
84
772
273
264
580
526
58
218
368
154
465
501
358
714
275
306
877
875
361
337
979
859
723
902
131
252
832
277
564
521
247
948
103
581
92
266
346
6
265
905
847
926
959
324
683
414
184
844
878
255
708
294
453
730
370
120
250
720
533
478
435
545
660
621
858
632
757
967
585
368
606
229
49
626
158
595
478
613
530
789
258
270
346
593
300
124
771
828
18
961
981
442
403
883
96
486
905
282
106
597
654
217
432
447
766
553
260
79
324
172
259
521
669
148
771
268
672
311
449
807
482
992
759
354
642
755
970
509
407
891
662
845
741
398
232
477
225
750
177
809
419
428
299
583
211
12
928
990
632
600
312
256
714
944
857
105
531
273
688
678
352
801
661
383
817
461
366
924
76
867
396
311
424
173
3
553
199
645
782
258
511
382
768
810
530
430
734
975
202
721
773
660
15
524
522
970
943
733
205
830
971
26
124
667
503
760
42
687
643
586
21
204
340
418
681
952
789
859
517
891
480
542
554
161
992
2
119
863
930
460
477
838
105
575
549
900
864
969
748
850
657
604
138
97
48
952
873
512
987
972
288
459
269
526
668
698
705
679
294
36
774
979
925
907
313
723
275
983
441
552
93
604
206
810
17
52
798
595
651
178
887
365
121
284
798
935
376
727
272
744
609
368
99
4
732
354
710
665
161
791
855
136
242
718
826
276
959
73
735
492
641
733
958
43
87
332
977
77
604
533
808
39
659
812
981
694
172
841
941
717
993
312
97
330
778
630
210
654
241
751
890
610
823
995
63
814
746
389
284
895
711
54
846
771
45
42
557
382
322
689
125
847
132
742
224
114
774
420
653
580
210
139
875
825
680
564
367
704
737
414
895
116
568
813
79
758
254
398
38
519
34
720
728
169
814
119
133
148
77
377
251
179
12
112
280
349
232
817
54
74
635
76
83
131
627
640
448
410
926
970
956
373
742
975
836
900
64
73
105
342
756
116
689
777
953
770
146
678
893
598
733
157
151
284
550
445
223
237
51
551
124
196
839
635
245
945
150
843
728
364
112
33
71
976
58
107
784
285
890
56
212
676
123
170
77
483
995
91
105
13
233
797
557
274
974
334
358
251
836
879
435
914
56
231
234
218
60
82
331
770
206
550
604
18
668
330
663
212
496
321
355
287
602
410
356
499
343
628
465
707
971
357
880
533
806
283
263
694
947
9
115
98
834
361
198
368
590
214
922
183
674
74
151
309
759
975
358
627
425
516
749
363
7
180
395
229
39
259
959
241
533
622
315
421
677
500
102
757
984
410
832
116
739
607
428
279
319
598
384
423
857
54
185
92
331
166
25
913
287
99
388
824
991
592
974
297
920
175
131
520
447
895
797
903
159
975
410
507
760
252
379
271
879
435
239
31
404
671
917
154
599
75
200
823
30
403
214
868
477
641
917
792
37
240
350
284
183
794
125
167
543
44
892
186
116
435
800
802
145
217
365
580
816
221
355
762
111
910
396
182
665
429
293
705
51
629
980
56
223
917
284
517
517
705
59
915
746
324
216
752
841
407
342
159
498
914
936
341
965
675
235
190
2
148
175
156
437
865
65
226
473
181
220
873
32
620
902
115
790
551
85
172
253
300
571
295
759
36
807
1
540
621
201
513
848
825
655
220
347
901
258
327
918
625
369
368
161
881
544
934
143
634
134
947
429
39
52
304
562
572
627
907
297
873
737
263
367
798
27
405
822
385
613
322
943
961
913
532
25
809
780
293
44
616
35
787
428
279
349
824
44
774
172
314
586
144
888
65
206
155
553
510
392
266
704
529
873
127
614
981
590
400
987
601
135
221
142
622
180
937
448
421
343
349
885
693
83
87
242
208
220
486
828
360
179
719
626
258
678
869
675
512
293
620
287
527
102
125
175
219
331
879
324
938
53
821
306
711
707
896
859
967
817
761
908
721
498
26
785
644
667
507
856
890
706
19
340
698
778
343
772
937
329
1
135
526
466
939
541
717
733
493
550
804
268
219
102
769
58
981
14
380
816
9
249
612
863
411
826
839
427
203
807
7
591
239
494
323
917
90
803
746
782
389
477
679
356
315
465
605
927
584
324
646
147
470
658
834
372
334
633
597
630
686
928
957
370
343
268
1000
115
525
291
308
680
327
918
699
28
770
889
306
335
654
535
282
723
856
402
854
849
535
759
434
982
265
376
815
953
220
962
819
568
157
442
982
191
181
904
526
159
368
116
45
861
643
113
570
734
25
896
424
874
320
550
404
683
354
701
713
98
10
545
518
274
424
865
187
245
892
104
359
620
872
440
990
431
469
586
832
473
65
377
948
1
443
544
268
840
32
837
308
875
910
60
706
565
277
114
919
607
47
664
803
146
687
491
640
16
515
718
207
672
96
445
941
655
982
960
95
863
925
908
386
921
234
210
96
305
143
544
456
576
437
205
92
252
130
766
31
483
83
153
109
734
230
488
56
96
804
512
839
347
15
851
18
416
202
133
20
156
956
973
437
724
176
409
224
14
981
299
583
937
273
704
256
185
325
1
109
351
309
903
629
166
166
793
160
990
548
315
680
728
985
579
246
251
436
382
717
75
795
787
592
618
991
619
978
629
861
148
412
672
698
866
558
833
341
370
91
899
654
171
647
398
985
316
344
654
611
336
117
782
109
783
568
168
718
120
46
647
560
120
390
633
735
283
195
516
701
783
326
370
934
506
323
539
722
432
529
100
889
14
535
231
730
207
894
242
328
683
808
665
698
955
191
594
241
691
798
902
877
885
24
168
130
500
806
973
34
827
903
952
337
22
9
618
218
18
113
379
603
528
510
576
25
369
753
608
634
45
396
576
672
513
918
346
704
286
89
579
460
811
180
411
947
911
324
8
839
602
254
316
425
349
70
942
46
27
901
557
897
340
738
589
114
565
476
658
755
782
713
825
528
223
660
476
854
866
147
406
646
116
745
132
399
678
120
995
537
929
629
433
978
904
135
113
800
112
849
787
418
671
388
471
737
98
320
32
88
937
841
564
510
669
312
731
668
194
679
653
92
14
185
887
400
113
293
692
372
236
754
920
292
994
815
616
500
643
362
589
436
990
804
279
747
46
913
525
254
372
866
237
927
640
315
704
12
276
444
130
676
120
66
31
122
323
494
520
525
25
777
656
260
636
143
993
566
717
536
966
642
380
247
110
349
469
37
586
360
93
448
330
506
273
59
953
124
252
917
496
620
952
717
846
72
800
136
866
646
818
410
127
826
885
931
8
663
612
517
336
593
74
407
822
472
523
352
498
778
449
457
355
89
217
494
391
388
382
691
914
84
208
997
936
651
962
565
934
636
1000
456
92
293
984
370
678
48
378
62
939
563
759
832
554
593
18
675
370
414
738
570
785
422
343
199
540
838
681
290
215
918
283
541
563
609
284
284
386
711
573
457
296
850
387
783
279
637
720
44
280
564
488
450
