1000
975
400
756
757
300
617
99
402
583
808
175
993
199
355
921
639
238
241
536
638
669
968
951
956
43
1
834
524
547
498
840
573
613
242
850
188
757
118
543
630
510
114
933
40
515
19
212
852
488
658
877
853
965
173
134
8
674
969
883
912
365
888
20
129
261
371
566
111
365
372
730
448
494
467
34
916
303
188
353
991
325
636
970
71
781
42
538
80
724
256
791
482
324
441
900
791
759
21
521
17
560
774
588
991
224
813
903
87
462
562
657
632
34
45
926
253
634
281
234
378
402
626
104
388
1000
91
130
372
576
574
900
548
582
598
495
611
966
115
235
144
249
956
956
804
205
172
606
953
28
105
775
790
841
290
511
772
226
760
233
861
411
625
169
381
984
357
700
940
720
408
158
766
473
236
985
370
272
515
849
816
463
170
954
113
408
144
781
758
307
997
954
82
703
603
174
917
487
646
147
563
807
227
710
635
342
829
872
675
677
287
974
866
207
469
952
340
496
710
952
244
740
825
476
684
566
520
829
791
476
570
350
50
482
197
377
596
636
924
402
951
922
893
765
370
609
102
814
829
109
560
951
419
914
78
675
521
909
665
95
770
399
148
854
902
506
153
434
984
49
133
422
971
748
519
900
299
120
230
886
943
610
215
768
867
1
974
795
372
20
794
698
183
557
69
430
68
11
996
796
518
558
983
169
377
986
177
235
859
360
867
812
578
798
874
499
314
773
761
959
646
958
95
831
476
937
725
444
845
429
328
612
796
311
74
365
940
373
817
558
370
587
834
911
266
354
442
989
798
69
186
18
983
798
198
400
516
867
187
194
580
402
202
351
891
272
234
537
287
21
898
321
733
322
100
178
368
392
142
89
132
979
775
140
930
366
613
699
802
910
913
934
84
4
745
983
433
388
604
931
61
955
464
61
314
104
245
125
404
852
260
880
800
831
998
255
850
797
721
586
576
572
377
839
360
191
344
596
475
568
133
525
864
304
677
270
405
998
772
493
285
930
402
741
631
664
702
346
362
324
609
251
794
849
149
457
189
651
462
313
563
349
270
386
61
690
180
481
628
350
145
354
113
288
148
550
672
312
344
217
635
946
122
75
350
920
120
822
333
557
776
984
196
642
658
25
882
652
845
616
571
400
873
622
840
848
442
55
180
926
919
973
627
48
333
327
574
596
85
6
919
955
151
177
792
924
596
498
787
992
886
281
335
438
83
229
7
157
836
148
399
234
674
302
733
686
122
195
317
569
876
221
380
455
107
600
328
952
101
564
323
599
664
372
914
182
943
933
347
80
226
336
399
339
130
878
662
461
430
488
841
45
692
972
672
681
286
944
647
595
915
705
580
429
870
630
941
792
384
29
704
382
980
198
219
137
19
998
658
106
568
366
963
661
520
603
901
860
951
646
448
547
846
250
635
208
164
902
911
523
433
441
128
78
912
826
869
584
749
345
633
555
719
631
705
323
129
301
304
816
7
531
897
637
215
660
309
171
685
841
243
676
163
198
136
286
809
925
328
890
317
215
423
451
892
338
128
461
437
930
563
578
739
397
320
648
603
839
634
159
188
768
997
223
987
151
707
853
441
395
277
954
676
359
909
926
818
834
80
282
183
805
978
386
182
977
610
176
399
221
448
652
353
426
38
614
515
283
827
2
53
33
413
807
481
359
391
521
186
851
740
196
484
180
381
221
948
658
195
928
852
324
365
617
303
67
32
408
217
280
795
193
604
261
601
175
431
730
279
592
122
954
322
523
660
708
316
941
339
357
103
285
919
987
74
881
473
415
881
670
686
852
431
430
914
585
375
202
669
367
490
879
250
18
120
362
338
424
448
818
732
127
645
692
234
873
669
438
254
470
293
352
808
457
412
789
391
924
152
643
79
435
169
565
262
950
642
277
643
247
25
762
137
178
536
273
827
639
187
187
546
895
744
625
167
854
654
245
752
156
238
40
75
292
729
798
459
767
749
445
437
212
727
988
497
852
717
631
134
305
618
876
412
892
943
14
540
723
332
703
441
695
621
180
48
89
927
49
903
599
245
337
294
3
334
640
461
685
128
897
70
67
81
490
944
341
438
445
865
452
661
978
214
521
37
710
181
169
978
765
737
376
277
639
990
159
237
1
255
749
6
817
976
772
839
429
429
644
124
984
200
510
379
107
384
243
504
77
480
270
246
895
148
918
488
518
981
460
465
258
291
147
569
873
858
530
553
398
87
600
524
559
163
612
217
24
420
959
682
750
604
66
367
347
469
737
261
216
443
950
142
