10000
180
264
190
822
383
599
838
867
419
583
681
736
19
34
37
838
601
111
902
455
539
308
692
863
997
178
214
1
267
963
737
468
997
251
17
847
824
759
980
147
475
898
458
831
989
337
441
640
130
6
286
532
475
852
823
955
923
947
902
440
510
794
621
563
574
728
116
163
653
305
839
156
205
994
162
495
920
691
672
630
589
283
169
284
312
435
509
651
168
249
853
502
931
759
636
254
674
523
892
411
528
690
16
698
485
236
946
697
26
951
604
735
585
526
77
672
239
781
299
903
692
273
428
570
79
855
224
389
808
710
242
378
66
543
370
924
931
982
115
932
737
559
66
705
213
237
539
943
118
581
468
338
823
226
97
658
751
616
50
357
851
583
39
911
952
582
43
162
561
91
894
868
711
392
455
957
170
994
191
654
816
31
809
31
901
942
313
363
537
928
191
890
745
516
863
51
467
666
198
19
407
832
976
371
330
475
725
256
220
470
79
214
677
58
729
703
405
601
1000
221
876
238
648
352
884
754
280
7
774
631
823
204
343
101
660
172
675
774
666
466
767
221
240
849
136
898
542
703
997
695
581
664
649
713
679
659
127
18
851
296
42
751
264
216
383
952
665
101
627
486
947
891
96
762
984
106
758
263
835
663
807
85
201
7
887
210
244
592
758
750
477
410
661
32
809
272
792
665
541
797
513
189
972
447
664
244
432
718
527
977
596
913
532
463
157
747
690
512
871
912
890
923
258
682
4
183
271
124
775
139
518
178
257
669
477
698
65
197
387
54
156
567
261
704
506
220
563
561
975
394
467
704
490
378
294
558
959
15
128
300
954
436
560
740
148
461
472
837
680
797
367
857
249
170
142
229
872
64
129
93
339
330
17
522
481
334
216
449
480
586
903
862
219
541
999
739
493
500
682
142
701
509
831
554
595
872
74
27
989
545
394
353
745
637
22
281
422
461
344
716
91
324
638
602
988
63
470
638
994
907
298
981
564
665
57
916
938
822
1000
616
286
620
555
498
99
897
447
454
681
771
137
933
482
749
143
601
393
504
432
851
756
382
61
684
960
985
851
877
733
776
680
98
441
30
951
39
231
446
867
240
935
494
930
478
70
44
623
679
707
422
530
85
354
854
63
391
866
379
627
34
420
61
28
209
94
251
147
77
953
334
654
909
767
559
183
510
33
804
350
823
207
185
977
980
794
902
115
948
766
855
187
867
938
397
650
167
416
291
352
465
670
279
74
183
324
748
702
503
36
46
426
572
9
848
796
500
449
60
203
560
38
372
885
573
474
214
930
401
441
744
994
161
506
418
148
145
58
581
356
110
900
470
246
92
552
577
523
155
532
935
196
361
185
564
87
450
501
51
798
329
244
544
266
109
764
169
264
565
610
795
340
498
981
370
294
420
26
834
203
615
744
709
172
365
373
392
854
764
254
315
644
695
12
757
409
883
227
505
507
602
157
670
430
808
613
580
854
485
297
752
278
502
938
117
948
850
232
916
81
12
601
486
894
874
92
384
450
98
172
216
859
610
991
386
466
714
968
566
861
378
770
1
639
189
846
707
361
391
453
961
449
791
736
950
697
172
248
774
101
529
925
308
766
843
404
406
804
23
648
277
696
346
407
641
468
583
434
15
138
465
127
715
145
967
449
844
645
71
210
282
500
554
547
654
652
774
152
365
322
701
911
638
534
448
336
620
687
722
12
173
873
198
697
664
669
541
272
917
388
342
420
241
966
254
933
817
222
308
520
25
808
950
450
221
268
489
553
184
539
362
656
258
198
430
635
823
119
231
813
974
393
697
332
201
50
428
1
962
362
934
225
588
520
144
776
652
971
527
467
303
73
724
243
659
620
854
682
360
412
154
667
52
352
811
774
57
485
19
651
502
910
969
106
234
679
413
430
60
955
146
346
447
189
788
138
287
111
909
814
554
722
382
906
182
299
57
353
889
463
433
412
120
77
553
385
865
134
329
237
409
352
182
735
179
255
66
30
592
834
755
523
577
122
689
424
953
454
736
576
397
691
477
221
126
272
467
526
391
913
664
631
864
21
518
28
503
409
280
676
739
468
641
733
542
571
952
247
558
379
931
267
478
225
329
828
605
155
456
435
135
71
713
373
563
19
763
731
258
862
305
867
522
609
670
463
3
661
275
105
427
767
301
249
680
347
753
22
105
533
512
459
792
469
12
738
683
781
625
249
94
80
876
375
792
670
367
55
788
319
343
195
711
77
59
806
930
659
71
952
566
143
953
426
421
660
109
570
780
881
963
827
258
635
417
529
610
322
628
207
864
245
785
973
791
986
647
681
37
932
637
512
792
989
247
440
620
951
236
834
939
777
390
608
384
224
71
775
219
716
523
663
629
579
483
191
781
4
384
56
544
688
718
720
682
945
158
591
336
90
234
6
472
364
830
884
705
739
57
244
108
699
79
394
618
792
547
955
53
390
650
624
967
382
478
441
896
188
192
27
380
950
831
364
947
85
257
575
526
746
599
711
309
411
863
30
870
960
362
939
578
812
371
670
96
96
492
713
236
912
985
243
448
117
539
410
930
859
554
205
79
808
743
969
635
93
965
561
509
227
755
601
88
455
989
526
534
357
834
662
329
392
424
298
93
833
908
74
167
754
72
501
686
570
594
728
117
320
916
8
976
395
825
981
71
604
558
563
499
519
180
511
586
371
478
668
516
243
285
828
923
149
138
18
968
473
940
331
449
635
561
618
865
713
410
82
860
384
106
786
632
16
503
9
642
854
685
930
901
389
283
454
43
380
208
276
878
252
415
659
246
241
134
178
552
932
335
952
174
475
604
638
210
639
593
3
295
481
649
252
989
210
864
926
389
227
259
538
786
56
24
977
47
279
707
967
577
823
227
443
473
374
670
401
34
845
402
453
888
302
319
851
722
683
712
453
349
787
649
838
694
502
833
255
780
788
535
289
613
197
669
689
583
738
406
629
420
748
873
403
915
620
733
152
945
855
770
51
165
183
745
694
87
596
112
292
725
515
684
268
137
39
546
545
187
479
693
153
673
732
18
761
951
30
902
720
367
722
703
327
142
427
321
109
546
890
3
719
299
410
200
490
639
438
941
424
672
660
616
195
699
337
492
862
973
407
118
437
736
336
241
362
935
346
335
815
143
859
475
159
816
854
866
424
637
426
988
448
770
621
897
543
496
170
327
845
121
713
754
750
201
407
394
678
273
280
514
869
350
887
146
220
143
878
931
924
261
35
480
570
490
347
890
574
117
332
553
373
808
56
485
184
512
644
788
266
553
129
213
940
427
841
686
997
825
906
108
245
649
66
776
526
162
645
334
3
607
566
609
861
370
781
457
970
77
858
88
301
145
817
776
441
274
254
610
521
389
578
633
567
883
941
517
285
58
433
726
747
675
515
356
861
588
811
320
619
162
86
116
906
80
730
783
75
634
380
976
263
431
223
311
727
629
239
984
90
665
449
568
963
803
192
551
5
771
112
876
547
927
959
903
476
361
670
191
561
929
900
793
856
221
296
419
446
371
896
479
349
9
19
896
774
381
315
699
698
695
470
163
110
173
210
644
732
77
178
611
752
752
308
962
877
767
184
738
856
113
307
936
311
729
958
380
281
457
221
357
40
473
866
965
877
905
801
583
816
372
211
111
460
201
524
261
354
778
646
194
81
723
549
224
821
523
499
321
499
993
64
839
986
533
892
69
2
820
466
793
873
28
895
582
498
155
630
697
862
727
789
870
972
540
890
358
967
324
226
725
448
214
109
491
634
124
835
42
450
956
940
971
115
899
673
67
855
940
185
605
302
399
355
496
935
388
935
926
809
225
181
88
693
464
46
859
231
42
728
332
433
15
197
941
502
979
865
133
494
574
45
763
629
127
853
322
734
282
950
890
795
902
290
809
120
146
725
982
582
834
734
732
752
373
520
923
651
526
646
466
177
66
828
694
915
43
183
472
148
945
577
143
759
692
827
558
242
566
318
345
450
205
25
975
847
564
260
271
446
308
554
213
89
755
975
870
490
858
513
279
116
37
198
359
181
690
651
531
730
904
350
258
720
694
603
816
852
875
16
528
628
246
345
478
500
292
814
503
963
790
558
835
155
71
78
238
555
648
327
899
123
519
859
352
388
455
633
12
37
864
753
596
310
694
923
310
153
186
740
673
989
583
84
5
811
815
989
149
180
374
823
34
513
680
766
306
562
130
532
733
169
814
108
696
549
408
744
738
289
455
726
664
333
592
838
934
427
990
32
394
870
499
67
899
14
353
419
337
216
169
45
905
497
958
246
968
622
88
829
492
552
337
366
576
205
82
929
203
714
493
492
375
749
921
150
45
51
218
853
488
255
381
52
487
929
73
355
24
566
995
631
558
301
748
862
592
411
35
43
104
926
75
140
201
731
96
576
582
122
245
706
947
736
659
983
862
158
32
830
342
333
958
643
42
841
980
144
833
957
433
715
659
968
358
317
995
299
608
114
112
9
692
825
269
530
186
587
605
902
306
806
827
323
509
133
780
396
113
892
554
268
608
145
665
116
160
117
611
607
605
817
445
304
529
193
271
264
579
239
724
212
573
585
927
481
909
311
722
158
517
162
196
643
316
984
272
908
355
843
84
609
186
790
399
24
333
925
587
178
259
745
683
538
401
260
121
670
462
856
832
583
384
481
752
694
158
213
963
433
91
987
880
344
215
683
520
265
483
40
863
499
900
328
826
588
884
641
622
664
464
298
458
565
190
843
7
526
281
824
715
213
845
34
335
678
762
942
831
951
318
70
841
602
147
199
112
973
422
381
549
209
576
560
583
375
80
971
707
566
150
508
628
173
727
997
842
982
787
378
388
501
982
158
927
20
209
766
85
388
909
326
608
302
832
557
983
452
847
13
345
175
814
114
486
613
377
354
841
675
732
981
903
348
493
405
138
169
474
37
902
398
688
994
139
485
525
239
263
98
345
466
959
441
366
770
364
632
591
682
585
285
452
362
497
293
157
981
145
371
510
160
842
792
246
789
701
917
947
826
417
76
606
416
923
930
486
203
837
279
947
375
257
325
10
547
938
4
947
230
625
73
228
633
778
449
994
464
339
647
87
367
580
847
739
802
972
753
998
819
519
737
379
448
358
325
865
921
743
457
394
819
129
313
678
726
122
200
420
581
24
283
421
713
894
562
663
573
461
889
966
395
545
478
319
147
814
904
269
713
959
838
748
285
460
187
757
446
149
692
70
709
722
79
734
524
831
914
398
831
262
467
892
498
718
455
53
61
17
470
22
347
330
974
244
391
159
285
955
873
39
904
808
681
236
460
477
246
520
235
722
66
549
800
804
354
510
796
422
519
76
306
15
420
849
134
287
534
242
345
672
840
539
768
145
311
891
487
906
555
194
76
143
608
546
202
224
816
270
193
642
524
405
216
179
859
492
136
584
900
474
299
111
25
572
723
335
680
751
682
290
583
75
53
92
17
430
787
615
896
692
123
388
455
529
426
997
633
448
609
106
1000
861
512
981
268
197
543
798
107
297
481
301
71
746
21
737
622
112
290
926
438
113
973
795
451
585
94
172
157
708
468
602
433
650
121
111
678
491
911
495
65
89
456
541
546
729
850
678
758
561
854
471
106
749
573
202
601
520
627
865
515
318
417
530
787
534
391
681
823
403
548
650
811
886
527
829
293
831
16
463
221
379
849
644
143
295
356
269
783
194
560
24
409
505
362
379
870
284
42
697
723
538
78
236
837
755
425
16
818
708
304
674
126
852
346
553
184
624
285
115
573
483
294
969
537
341
839
650
740
737
917
821
141
303
351
341
65
551
53
163
209
952
129
736
86
297
440
695
705
243
956
293
582
4
614
13
956
799
956
978
17
760
881
597
207
989
887
406
809
759
771
102
202
498
156
873
946
389
75
814
310
837
748
69
88
692
84
153
305
613
633
408
458
467
866
845
157
828
707
16
943
921
358
776
274
44
760
445
293
53
932
523
692
131
370
127
170
482
12
450
873
77
473
960
488
806
823
483
892
8
490
529
577
94
656
959
291
360
465
781
39
229
899
177
176
635
199
528
469
110
26
414
248
229
576
202
784
207
279
949
642
874
104
576
498
483
195
334
343
254
16
272
22
435
902
532
885
481
408
893
569
888
500
24
142
673
902
402
792
812
715
761
889
516
611
268
48
225
435
127
570
852
95
315
921
993
121
823
664
346
36
841
56
102
425
496
219
16
554
927
367
609
796
100
806
837
587
865
796
587
850
145
315
516
223
306
332
569
649
968
324
967
950
571
600
867
269
761
130
795
96
510
611
969
812
520
887
769
203
765
278
673
808
877
92
178
700
359
921
617
987
577
387
37
284
681
46
575
674
460
164
248
638
968
953
87
652
531
256
731
763
426
597
621
327
194
844
394
401
971
818
887
852
875
548
316
211
400
398
818
136
558
295
286
727
846
845
314
119
365
823
69
403
690
369
329
334
98
860
228
15
864
527
353
375
914
480
320
41
409
92
445
917
559
580
578
208
459
149
99
521
101
34
634
30
521
523
315
548
593
665
523
898
467
34
920
289
315
918
34
56
479
211
130
860
812
617
364
300
888
924
272
651
965
484
366
552
979
618
821
796
680
664
690
521
8
120
676
231
802
11
129
360
787
184
473
328
316
742
776
694
354
292
491
722
197
285
158
884
296
651
18
801
664
962
906
306
40
351
605
26
221
410
255
651
224
906
991
694
644
149
113
726
986
259
568
193
582
44
788
418
988
84
28
793
877
300
526
449
541
571
867
698
943
870
67
469
843
712
993
987
751
880
536
799
599
785
392
983
756
759
988
384
289
10
258
434
163
712
933
272
986
551
983
308
972
405
609
327
329
527
841
624
405
980
212
441
661
509
267
273
236
577
472
495
383
118
196
662
46
569
177
723
146
132
357
958
412
422
408
554
237
653
6
755
84
410
823
888
35
188
723
680
191
143
903
900
548
53
29
399
892
93
712
376
203
667
574
228
280
391
827
106
750
742
681
685
927
455
111
316
275
86
241
722
369
884
866
296
382
887
386
128
35
785
395
636
293
748
602
106
821
561
595
492
337
46
196
881
981
271
2
446
917
660
794
414
958
486
145
929
280
959
932
547
242
545
45
143
51
943
184
660
186
229
679
238
670
214
110
979
801
102
44
909
291
47
87
852
231
873
723
173
597
396
423
346
6
197
21
317
559
815
420
33
418
310
525
343
3
63
577
350
337
625
439
427
351
32
497
120
979
44
675
656
967
650
139
84
463
232
443
942
467
410
72
436
728
345
89
205
950
857
489
148
238
787
92
374
790
266
823
373
641
52
96
372
702
324
276
67
107
37
121
134
964
365
161
954
355
242
332
383
703
811
603
810
967
708
291
212
105
813
899
833
382
300
779
269
881
283
174
621
421
576
59
698
255
858
307
148
339
310
177
455
514
133
883
862
852
904
199
455
112
617
464
529
900
475
816
349
13
262
946
916
351
62
327
975
704
506
657
620
402
168
176
739
742
477
981
430
231
950
674
458
695
747
821
79
567
262
84
605
58
300
287
615
781
798
730
964
233
735
634
44
844
93
350
568
511
647
597
288
105
746
743
110
836
574
811
336
869
113
253
229
958
773
601
383
985
225
326
657
366
844
557
709
384
488
630
160
795
832
520
271
837
605
531
13
227
970
555
629
694
605
590
89
268
578
198
519
63
715
135
207
870
252
786
455
520
436
679
888
497
532
743
46
516
531
203
120
390
203
757
563
936
475
238
286
362
142
370
579
514
423
393
338
437
275
237
735
798
842
199
99
213
17
230
668
513
767
842
885
48
348
979
34
574
544
383
461
975
104
762
76
488
750
732
14
989
704
493
612
18
40
899
322
349
78
49
45
977
36
494
767
779
242
481
785
17
300
19
107
154
333
325
60
367
694
503
158
776
23
448
510
375
630
689
746
7
787
704
448
647
563
152
797
334
920
325
259
375
658
122
615
340
338
493
366
495
488
401
388
198
89
857
817
560
695
982
55
429
225
165
668
159
840
528
6
135
516
934
319
416
177
101
406
897
357
723
681
680
887
739
210
418
483
47
959
937
709
269
616
282
547
300
795
25
54
153
982
177
289
773
916
563
278
327
338
575
212
216
764
756
621
158
483
483
544
99
330
398
906
500
918
199
702
639
760
291
367
49
446
274
106
441
250
893
207
103
101
172
842
982
236
86
363
590
478
906
558
575
292
981
609
514
316
355
818
233
827
513
58
269
124
956
892
699
901
476
975
607
92
124
217
813
373
128
924
300
275
884
130
283
343
540
728
494
873
541
912
394
316
786
675
655
499
849
678
186
156
433
907
79
532
308
463
673
721
763
849
871
473
652
328
56
716
745
636
199
177
335
951
250
492
719
71
50
724
371
45
144
26
492
865
616
38
25
471
134
10
283
332
763
674
654
938
107
875
613
686
411
546
504
622
230
585
643
110
654
56
248
270
802
934
963
189
409
268
225
733
106
643
817
497
486
14
557
513
693
237
358
45
883
264
921
645
740
337
621
758
880
642
23
947
714
937
843
473
358
372
486
538
85
673
261
996
912
168
804
735
710
755
449
61
595
654
998
799
751
876
988
845
902
193
944
160
999
172
59
521
998
968
437
106
193
27
778
120
567
206
997
621
116
673
875
868
400
355
2
314
334
591
782
846
840
668
718
727
674
379
423
310
300
938
983
70
846
639
681
576
156
363
326
493
206
658
754
288
633
751
673
789
802
416
323
810
915
842
241
561
10
751
225
967
595
4
819
779
456
264
46
809
843
745
177
984
933
580
861
618
166
829
980
972
141
687
223
31
224
165
620
409
271
21
702
735
107
43
556
847
256
369
211
796
125
997
516
861
108
491
975
900
578
465
680
732
536
873
61
146
604
759
135
987
491
873
215
401
250
337
967
571
596
211
629
314
66
403
865
576
209
777
499
959
78
293
511
437
464
961
792
283
751
65
461
61
653
356
164
178
729
6
560
173
629
453
130
101
527
899
621
152
868
345
374
493
912
687
659
352
935
124
431
61
603
189
186
578
95
606
769
958
472
952
183
391
518
595
930
354
738
280
672
500
714
968
16
36
422
363
249
824
211
667
239
238
887
79
509
620
112
91
536
128
442
478
112
154
258
514
372
681
704
854
490
498
78
325
590
416
382
316
309
818
575
451
139
483
525
406
796
270
911
273
733
327
153
369
99
584
909
509
682
428
809
945
100
477
834
175
331
415
960
952
667
754
980
528
929
986
311
830
962
651
264
737
41
863
902
936
46
805
744
342
140
216
835
638
315
709
96
111
206
414
250
105
677
993
860
971
821
257
698
324
71
648
713
717
319
719
875
98
680
825
298
269
991
40
934
268
940
948
744
861
889
124
455
824
61
276
442
845
262
63
4
132
287
813
570
164
192
645
485
951
185
828
241
591
205
944
959
480
549
386
813
449
506
824
290
836
583
85
181
339
977
503
947
546
669
669
664
460
900
786
133
145
390
117
801
57
91
238
250
157
639
317
588
285
358
163
458
558
112
927
429
158
372
124
911
248
291
536
626
823
636
69
461
639
770
94
981
105
529
908
734
300
288
338
894
342
392
398
961
706
701
4
329
403
101
895
473
169
509
85
500
175
93
588
211
688
833
727
889
317
852
677
789
428
128
703
589
424
677
965
314
607
49
885
694
828
19
82
720
782
934
799
127
289
324
218
72
883
938
83
603
601
306
729
280
487
602
979
484
545
900
282
756
422
740
599
206
546
171
139
149
94
921
560
308
828
498
467
488
447
165
401
619
873
578
896
724
555
463
903
711
219
148
8
709
995
129
977
120
58
604
342
427
204
699
2
321
456
53
158
365
729
878
998
593
626
16
128
265
338
911
796
214
711
743
959
968
756
689
886
355
37
495
359
200
729
269
99
405
787
247
194
286
812
41
472
756
360
873
177
469
819
155
932
371
662
765
208
335
47
597
972
540
428
166
506
311
32
192
131
802
72
450
338
117
755
604
330
511
548
163
914
6
212
5
666
990
18
307
244
354
64
982
58
361
307
364
955
998
780
960
817
747
373
993
452
945
967
673
659
384
608
521
694
82
409
382
952
169
936
413
351
641
491
239
265
103
666
623
205
198
28
503
1
497
329
863
777
902
906
5
740
25
258
424
733
223
968
441
603
64
261
50
917
288
605
762
91
744
866
294
203
94
204
380
700
820
345
915
553
974
7
501
504
421
584
93
740
234
140
923
162
29
719
410
893
215
246
686
621
100
940
15
949
428
785
771
821
119
66
29
988
186
408
352
223
24
573
112
663
976
181
580
655
235
146
169
679
343
278
821
687
214
174
496
39
583
991
42
646
368
477
729
780
81
945
733
689
728
993
975
405
1000
903
830
986
62
754
925
430
830
598
742
973
280
918
970
526
223
156
588
611
437
185
601
710
334
733
478
607
856
632
184
283
747
118
341
397
991
510
593
450
585
85
28
32
499
927
981
76
615
967
487
958
878
492
200
321
28
919
454
42
963
353
123
446
420
131
786
588
769
859
615
535
254
170
965
41
757
580
445
216
143
260
920
965
905
226
860
891
221
551
939
375
976
429
173
894
389
734
221
833
259
155
924
566
166
304
611
399
824
478
664
130
997
757
96
828
135
785
404
973
646
187
743
849
14
963
372
25
825
878
903
825
573
810
499
344
897
523
98
641
250
565
102
911
834
794
286
464
103
254
52
436
976
806
183
301
160
479
779
143
204
691
559
871
420
212
806
432
953
388
630
321
927
224
13
640
516
602
271
730
565
6
537
361
645
55
844
200
756
660
291
844
495
182
566
361
908
301
651
439
49
452
235
325
759
287
984
80
229
745
750
99
385
403
227
624
334
642
500
674
284
600
199
137
128
186
898
696
408
634
650
177
209
40
237
662
767
956
53
409
667
654
928
682
183
415
401
556
208
379
35
398
325
804
174
969
138
69
560
468
330
379
862
296
967
747
38
855
776
752
366
343
520
481
478
180
540
681
949
983
294
431
611
303
715
183
72
392
33
291
721
381
440
457
408
800
898
921
577
883
836
250
388
504
749
824
507
548
463
704
145
871
792
188
223
689
70
457
418
308
414
836
32
503
222
834
303
69
603
30
772
144
991
733
555
153
3
543
494
391
591
971
666
393
354
399
322
929
514
791
749
865
174
110
438
568
627
314
506
470
656
471
924
296
185
21
430
392
854
485
874
573
338
609
595
403
391
385
446
181
476
756
953
748
393
508
689
470
767
219
715
586
448
380
375
854
172
478
132
608
806
756
235
151
151
701
129
312
343
224
837
537
275
375
440
540
451
935
281
519
636
477
984
76
505
885
856
304
11
226
106
68
618
594
557
349
240
892
699
495
854
442
885
969
51
26
415
377
161
502
149
768
840
70
66
751
559
995
760
913
478
603
727
845
110
857
815
674
185
468
9
107
274
606
395
572
398
556
31
794
290
881
621
136
293
397
646
616
684
330
737
719
73
431
332
8
253
170
825
110
665
907
302
873
877
98
929
328
969
551
480
364
442
38
541
428
21
551
701
646
309
769
692
794
970
443
82
953
880
948
998
445
787
362
227
527
156
531
980
1
25
734
740
381
102
98
706
814
473
124
329
307
324
214
897
225
608
555
96
301
566
123
609
173
883
974
105
326
683
653
935
224
158
13
651
510
943
329
946
808
804
600
92
459
352
470
84
519
753
973
50
162
771
632
55
579
935
977
507
441
450
64
460
746
421
56
664
433
385
645
693
943
784
559
363
93
372
760
766
600
251
855
822
692
870
456
755
347
152
865
291
709
27
360
553
665
67
67
718
204
823
919
816
695
945
915
447
290
7
743
538
916
465
603
545
590
141
521
818
849
668
992
290
961
40
360
745
385
698
646
351
208
802
412
518
465
887
669
36
612
887
554
485
453
701
980
368
486
245
584
910
51
568
645
764
92
247
491
782
740
631
287
315
636
143
793
183
427
56
340
834
749
583
517
711
971
201
195
291
505
55
943
163
70
95
202
771
137
73
319
46
265
314
252
483
107
148
165
543
715
837
448
772
270
223
953
175
316
241
906
673
353
685
664
653
821
113
57
693
562
341
392
232
567
111
659
345
377
622
152
832
342
13
598
459
379
763
947
197
499
166
307
452
229
420
197
93
48
797
473
523
204
41
867
980
21
317
782
669
226
610
617
575
620
585
29
108
480
700
940
666
983
727
423
39
116
779
807
897
926
793
746
814
176
137
788
498
324
361
82
535
792
456
219
290
966
614
805
754
329
900
115
971
361
521
865
708
274
335
212
901
485
119
138
296
355
677
792
919
703
878
328
837
281
286
680
787
471
715
464
260
996
298
19
616
502
691
290
882
409
982
59
118
321
5
216
439
630
178
324
901
362
272
380
19
93
548
779
1000
280
650
462
970
465
699
363
312
248
865
334
63
823
38
264
991
321
47
833
58
540
436
720
632
523
137
501
818
453
227
853
415
227
122
129
788
794
594
951
263
308
504
739
683
845
792
467
222
821
429
234
281
209
718
332
9
552
913
920
832
28
68
784
229
632
319
271
838
274
754
7
625
480
929
803
841
839
291
234
944
950
341
452
119
891
764
541
146
128
247
969
999
522
318
257
6
81
11
417
206
764
359
773
756
308
390
272
632
767
44
560
602
782
411
974
543
619
200
392
950
212
751
736
618
776
514
329
103
466
918
712
672
55
849
494
325
656
110
674
851
27
766
755
116
2
382
529
34
663
33
753
640
519
139
162
535
312
440
777
208
791
543
191
349
235
752
178
157
385
689
127
24
793
198
272
65
812
136
815
100
584
802
13
779
24
613
286
487
224
98
487
371
563
554
861
598
698
174
166
937
586
156
524
274
871
425
364
251
823
156
154
612
321
537
258
574
524
946
390
498
562
576
86
347
136
562
799
130
787
847
578
400
437
15
804
9
721
757
545
731
877
924
62
930
736
644
176
950
913
256
140
944
511
610
862
766
464
656
214
631
334
658
440
763
990
294
865
349
212
845
709
83
805
841
517
753
860
999
15
516
529
201
762
532
182
849
447
988
820
825
566
796
773
397
646
687
755
894
813
425
943
632
931
446
744
710
77
681
567
532
601
468
341
620
920
758
841
897
377
487
494
315
274
382
570
979
663
189
768
774
503
454
442
740
434
872
676
674
146
24
919
973
697
975
866
987
141
21
994
658
631
313
176
347
665
832
770
528
949
125
662
812
498
921
522
324
773
905
384
257
467
743
304
904
235
745
743
809
304
347
795
41
924
218
373
35
740
377
371
459
822
204
689
252
654
631
694
193
525
968
496
785
591
946
15
267
740
104
864
604
713
228
824
987
324
448
27
739
906
571
350
765
17
68
722
165
303
572
676
591
986
311
766
622
459
273
559
400
978
987
452
558
384
684
635
385
645
418
673
623
395
162
837
101
96
95
108
185
410
583
992
484
293
742
273
361
39
981
320
177
466
440
961
252
323
482
58
295
84
149
41
272
605
14
386
459
157
443
798
699
413
967
942
496
516
890
664
456
408
368
116
877
838
241
748
866
845
671
390
404
663
893
988
550
474
943
465
325
836
969
18
666
632
117
967
855
660
929
61
241
837
537
463
722
952
835
203
892
192
422
851
835
624
908
82
216
425
940
112
455
703
865
459
915
597
610
626
657
340
728
854
193
793
117
768
153
142
500
959
373
334
246
878
98
182
908
8
242
983
818
2
530
268
279
868
905
771
664
989
72
338
747
679
11
391
708
902
451
156
599
557
54
431
212
7
332
697
659
428
381
307
460
612
996
730
255
188
276
69
693
342
401
484
159
143
218
765
496
236
911
747
670
335
280
65
127
26
772
752
384
360
787
187
781
38
517
716
25
343
49
985
55
686
290
676
849
765
894
627
564
551
319
78
435
469
782
263
721
747
586
972
774
189
19
36
637
34
404
312
159
930
424
797
42
818
36
218
22
26
138
578
725
714
697
82
266
210
898
384
297
415
184
833
846
955
904
206
609
338
213
109
72
269
315
625
730
781
886
936
416
508
50
423
170
560
976
598
344
245
134
496
74
319
316
719
57
976
361
824
732
47
19
75
300
162
876
745
812
145
719
571
930
304
538
716
296
365
550
570
323
918
906
277
598
342
2
169
136
685
748
539
249
386
160
98
236
161
459
399
771
404
640
599
960
745
45
194
316
799
559
873
509
695
238
892
283
87
934
547
222
842
634
311
787
862
644
691
712
866
555
978
940
204
13
767
805
700
799
891
647
215
611
849
766
59
742
337
102
232
402
70
628
984
457
211
245
245
17
522
566
469
645
981
776
450
760
935
757
588
600
543
894
186
434
835
797
220
689
944
296
240
637
13
186
438
390
723
404
191
280
503
199
341
951
97
369
541
582
436
859
182
704
35
789
351
481
224
938
258
849
344
409
88
161
877
187
635
645
242
763
311
788
979
839
676
112
727
434
714
88
185
864
973
380
237
501
361
795
239
898
306
79
303
255
660
848
201
943
24
218
631
669
492
835
613
751
809
911
566
182
741
671
764
548
328
430
443
702
368
460
410
107
865
497
422
243
692
523
239
291
242
74
358
385
853
145
389
932
164
724
19
768
5
27
304
275
740
1000
835
137
705
754
171
465
900
232
271
300
765
747
769
851
367
136
298
613
132
19
912
986
991
66
552
255
107
54
882
481
360
260
431
711
615
450
482
368
706
841
518
963
946
190
404
927
927
477
973
340
14
443
126
926
222
12
60
966
963
448
216
412
492
72
717
769
422
631
994
888
513
791
383
986
135
897
868
669
419
776
248
75
810
291
377
973
787
458
493
143
574
549
333
577
333
595
722
922
815
493
340
672
629
120
446
263
834
794
490
341
389
176
960
954
94
733
720
763
785
152
689
178
254
261
365
45
136
680
232
809
664
575
487
616
148
304
14
899
105
475
763
706
493
931
732
752
320
27
234
465
359
36
194
994
901
247
458
824
187
325
421
748
297
584
633
743
391
489
435
765
898
473
890
866
159
4
657
369
433
898
491
808
138
427
366
94
3
588
722
565
43
602
829
929
87
778
232
310
527
967
317
330
464
179
519
673
42
869
618
292
221
213
15
502
965
113
97
89
502
265
193
401
281
214
779
953
179
944
484
593
146
966
622
283
905
866
39
753
816
528
642
117
442
763
863
733
24
542
66
279
905
79
755
385
778
2
619
434
635
59
591
942
870
92
685
473
468
499
749
686
376
192
882
241
881
140
235
326
356
64
953
372
759
559
834
208
373
53
45
96
122
774
609
138
681
951
121
154
521
926
718
394
446
192
303
524
961
207
954
960
488
515
379
620
826
249
886
872
972
986
772
739
830
500
205
306
369
628
942
219
955
28
422
288
242
569
884
744
582
844
972
632
979
30
442
686
977
101
610
548
773
337
669
573
882
918
124
612
109
62
429
164
600
500
174
949
95
565
298
204
739
474
751
906
502
303
508
366
910
584
21
954
589
800
403
876
569
373
363
245
595
663
498
960
979
940
628
239
448
916
598
503
746
106
230
403
611
451
529
140
683
990
812
4
70
73
550
252
221
854
973
369
159
447
793
375
344
448
343
622
888
96
335
941
22
908
525
653
534
33
724
530
831
779
624
785
134
583
484
553
187
837
645
275
683
540
576
326
310
86
336
149
767
634
549
21
870
627
919
303
194
196
602
592
594
284
35
315
650
559
33
313
798
513
506
742
5
850
376
374
768
73
109
529
451
589
713
754
847
382
586
397
562
823
476
928
864
475
708
779
505
929
188
339
832
730
995
626
845
106
418
663
929
743
670
812
685
9
132
164
842
980
709
168
644
639
528
26
547
695
284
444
442
712
576
975
978
202
772
913
372
971
825
677
997
833
566
493
136
377
465
677
428
193
401
757
733
346
983
233
853
165
768
284
217
878
291
68
457
145
738
420
334
398
478
674
711
240
284
802
905
419
359
231
625
366
903
188
851
813
2
938
178
337
521
929
339
519
393
317
627
599
341
529
562
675
212
932
641
294
150
214
839
127
747
483
856
308
822
125
333
334
758
755
447
872
255
864
280
428
852
639
981
521
560
112
524
872
410
131
257
986
944
444
991
20
265
313
76
906
770
193
109
266
666
139
565
756
808
107
793
762
299
975
361
138
479
519
871
318
998
103
28
531
110
494
303
38
148
321
159
257
444
936
169
651
126
503
887
776
457
207
907
352
89
611
725
127
904
319
201
921
646
174
992
223
653
434
164
706
218
191
655
483
575
22
468
687
895
895
601
668
445
218
487
964
18
840
474
820
463
728
660
208
623
530
907
599
38
54
795
987
471
70
647
845
272
225
362
861
578
171
314
456
174
367
735
747
691
33
114
125
611
766
348
442
614
101
296
695
267
909
101
895
88
736
29
60
89
807
963
294
375
551
478
650
731
712
818
648
24
685
114
546
736
917
474
531
124
62
642
594
493
842
72
658
760
287
454
832
317
604
287
558
114
923
324
715
374
501
143
684
742
684
211
305
493
694
867
672
456
493
675
665
805
156
341
932
118
420
956
951
783
667
145
685
125
884
392
934
558
197
271
535
770
100
298
374
653
245
882
643
58
784
134
143
160
217
80
192
82
543
227
611
949
964
464
578
943
981
7
47
205
623
808
811
257
641
193
677
314
749
297
293
727
935
59
889
607
74
64
670
341
798
870
903
614
962
105
356
525
480
855
755
966
508
576
762
73
491
867
500
243
965
664
35
287
905
124
289
881
180
565
330
407
468
51
704
940
133
235
493
491
724
321
560
997
991
955
390
357
867
667
910
103
134
442
216
75
66
302
239
69
397
368
499
184
251
828
862
48
110
528
977
838
26
814
275
352
676
850
357
243
32
746
556
455
672
493
106
35
950
144
7
793
729
53
161
712
246
974
25
417
634
940
256
149
279
111
178
919
758
740
831
813
649
123
969
201
879
692
342
184
715
766
249
437
320
487
360
903
329
490
752
128
51
692
852
65
865
670
417
727
814
242
251
145
298
663
224
888
448
30
476
549
469
302
386
394
432
586
621
582
316
540
909
741
593
716
417
770
23
314
622
708
16
359
907
350
800
436
621
15
667
422
709
681
350
443
581
613
791
140
137
972
841
465
599
521
328
22
469
214
664
743
421
58
24
217
560
281
351
58
699
568
378
577
594
302
209
304
915
85
683
419
260
660
119
181
731
46
686
647
585
897
642
259
922
595
201
345
257
788
180
227
992
21
100
28
358
369
751
291
316
986
559
73
47
417
407
917
892
624
551
475
904
691
156
974
460
256
826
45
818
701
570
506
450
876
988
313
350
933
377
266
744
12
336
474
510
707
129
508
403
789
624
534
867
887
39
360
410
326
892
964
482
734
164
626
414
331
76
762
595
927
668
879
520
918
11
607
193
852
225
661
464
676
177
867
157
482
251
717
303
549
636
381
795
780
861
781
573
802
814
557
157
828
487
704
825
766
399
960
18
377
81
509
267
285
517
666
549
828
125
109
675
281
105
268
662
202
514
741
158
932
715
835
664
390
280
134
467
262
423
413
866
729
518
188
552
741
962
896
527
428
256
178
883
295
836
456
673
981
142
640
922
990
978
892
591
216
934
514
957
472
975
79
162
73
372
159
672
584
872
462
740
10
376
52
144
253
84
370
570
656
457
13
65
865
274
819
846
226
493
407
498
168
734
418
371
252
887
327
890
790
273
608
151
992
217
552
183
395
762
976
594
84
503
15
542
330
383
476
535
803
852
915
242
990
853
324
639
26
203
966
886
473
110
817
253
883
775
208
589
155
165
366
803
533
26
54
442
301
108
6
372
623
238
860
730
146
967
119
73
361
799
625
281
41
587
599
786
13
46
888
353
413
902
128
782
51
550
121
25
771
336
319
983
928
792
698
456
369
882
195
611
513
583
658
585
627
292
966
122
41
829
742
463
182
381
919
393
119
63
762
209
124
388
759
513
352
805
387
772
75
89
769
668
72
675
52
670
558
373
389
184
681
956
596
486
217
530
462
142
483
76
393
470
62
175
130
558
74
634
598
920
317
786
450
606
295
933
524
715
897
853
434
235
212
963
423
892
188
808
85
782
411
756
333
299
919
252
712
392
398
213
906
692
407
317
518
863
47
55
815
308
97
431
839
124
168
692
85
838
151
849
179
976
267
647
546
38
330
525
780
925
738
929
516
74
866
863
13
562
550
586
233
435
132
851
86
787
592
504
190
12
996
10
926
951
242
384
514
41
5
923
686
373
510
245
276
563
227
326
618
624
995
870
713
747
248
533
466
293
924
739
425
616
347
493
181
38
571
784
575
918
41
726
579
643
554
113
982
719
728
648
95
338
916
778
221
806
444
857
524
523
777
774
981
572
598
995
590
808
133
410
625
801
629
339
315
513
680
394
593
874
910
450
314
527
76
985
908
733
910
622
782
606
351
981
991
193
784
289
874
409
744
222
131
899
465
994
500
516
136
538
777
239
180
927
623
282
156
617
917
901
134
746
448
482
790
487
573
612
645
245
173
390
170
732
18
527
183
551
961
749
529
813
88
948
442
53
982
807
783
804
386
645
946
426
626
771
398
663
264
167
813
275
103
892
516
665
18
40
182
333
582
993
578
24
729
506
399
985
662
663
727
214
168
788
587
75
765
623
523
697
135
321
621
782
26
580
780
531
450
684
746
315
486
706
469
766
272
319
213
471
24
768
733
102
269
879
274
620
145
935
620
623
967
904
771
204
167
521
540
197
466
840
593
82
702
465
52
916
431
644
437
828
580
354
757
177
342
876
183
486
163
464
609
896
687
487
558
977
461
893
523
978
741
301
604
100
767
770
976
888
133
377
706
586
762
22
50
594
126
446
236
434
330
731
585
676
810
798
769
319
335
66
311
845
189
316
570
963
810
44
82
701
749
9
673
128
784
207
837
232
98
797
56
42
724
564
315
122
303
715
30
733
662
940
702
894
725
282
383
151
665
995
570
270
867
638
373
536
155
72
414
686
54
447
312
588
605
204
868
459
196
811
458
465
800
840
40
41
980
165
496
55
774
888
720
444
424
502
944
302
861
810
270
279
264
914
237
138
54
115
24
890
110
736
873
740
621
618
766
142
675
951
911
839
663
1000
303
221
839
588
265
495
290
677
259
811
161
11
794
800
734
270
574
519
808
622
194
550
698
56
929
392
825
999
712
349
990
627
745
166
346
994
847
345
576
505
602
885
110
804
456
323
605
221
885
338
43
201
345
542
680
557
332
676
205
643
673
179
405
329
564
483
110
157
208
324
520
374
275
948
302
106
256
986
235
60
50
718
721
689
309
993
742
207
872
421
946
638
351
242
594
389
246
28
977
541
937
16
689
313
740
400
242
378
123
312
80
63
895
982
770
624
192
867
610
410
601
762
469
383
671
209
8
275
873
575
758
569
310
323
223
233
771
37
856
956
948
920
940
759
676
313
684
445
984
134
130
154
274
381
816
526
681
539
882
716
465
783
815
117
431
949
189
582
16
744
904
636
723
800
549
669
747
117
205
14
20
133
491
290
715
32
805
416
354
818
930
611
90
375
915
323
99
414
129
298
569
161
401
768
779
534
132
910
998
667
13
123
833
877
61
850
690
727
665
281
620
666
150
814
872
594
197
354
56
325
549
931
232
963
190
608
283
423
319
189
181
460
580
177
917
795
966
358
39
212
83
239
878
478
529
485
277
774
307
602
97
377
477
138
763
484
554
52
868
920
864
123
484
425
262
667
213
97
300
941
452
776
125
975
355
22
434
9
874
445
946
119
496
692
572
934
230
382
259
192
936
807
809
297
289
647
947
355
224
327
697
380
987
264
935
418
87
663
53
276
301
796
386
848
505
751
498
106
559
819
299
208
562
722
819
631
446
679
424
975
743
870
643
660
155
981
314
839
358
121
439
351
737
517
155
630
545
465
507
867
34
293
97
991
37
565
370
184
883
533
375
524
811
191
408
431
85
504
26
996
809
792
550
672
1000
608
494
895
889
575
212
772
543
537
926
369
310
118
753
745
596
382
536
766
114
305
931
759
264
833
76
1000
683
869
270
994
820
496
174
955
463
122
756
344
399
943
390
315
3
721
34
328
362
671
784
171
998
105
291
489
656
805
877
250
736
587
231
218
901
470
789
985
840
122
924
337
710
570
194
588
878
340
460
971
311
973
570
815
618
898
110
709
524
487
708
803
515
756
348
727
517
121
9
756
852
113
242
626
715
268
221
457
661
333
800
96
375
66
194
204
943
483
115
765
327
640
903
200
11
993
992
272
651
87
855
593
374
602
830
760
170
850
583
377
754
930
667
394
707
790
382
65
1
859
82
575
911
956
508
963
658
794
177
45
616
343
694
998
199
284
210
272
753
338
388
690
222
643
166
841
438
438
834
278
942
805
232
886
548
126
816
644
685
299
584
672
806
19
154
768
588
687
60
835
979
371
265
315
24
405
411
676
442
109
955
246
494
968
484
338
205
53
607
259
466
290
130
573
701
751
837
952
676
571
227
593
507
319
583
676
936
629
471
23
37
544
430
595
853
982
828
993
42
992
5
446
942
558
148
448
345
113
376
323
840
794
85
893
528
5
610
783
30
636
972
591
214
207
187
167
822
263
891
14
55
717
193
253
792
685
313
698
218
742
711
85
93
99
768
866
721
104
75
891
545
871
814
184
79
806
393
299
338
369
680
188
439
854
847
972
264
167
387
635
546
612
436
51
643
821
243
962
141
222
109
731
368
913
358
27
874
355
247
597
191
930
957
338
390
633
618
440
824
854
21
146
147
618
883
969
118
453
409
16
907
168
954
691
213
123
692
688
952
560
746
327
892
147
769
206
139
114
481
580
403
457
105
997
120
57
557
695
20
442
216
899
675
490
242
313
290
616
831
729
109
602
337
235
385
456
417
956
155
465
388
120
867
884
819
115
264
650
555
728
961
43
505
489
164
9
308
368
640
758
56
66
931
665
798
835
219
814
472
655
92
664
807
963
460
793
47
434
352
768
760
568
176
134
283
384
333
676
564
442
792
147
764
258
821
789
879
691
195
966
172
463
335
78
443
472
700
753
818
403
220
603
836
889
499
171
70
154
871
220
908
862
708
931
959
883
960
982
656
376
615
938
811
345
778
717
332
675
405
267
282
898
858
465
418
326
821
560
819
634
266
528
746
219
394
259
567
478
539
953
196
842
134
880
164
173
94
249
196
524
696
356
392
669
465
775
729
388
453
918
940
205
622
626
237
185
314
286
467
743
145
644
669
750
204
369
734
227
234
368
772
614
645
22
993
384
325
202
700
376
270
779
965
840
717
933
433
698
333
455
924
338
203
280
223
96
50
239
458
813
537
906
283
486
665
102
258
816
362
515
359
275
866
190
131
919
729
216
88
977
661
330
813
341
504
678
753
608
958
984
179
548
485
368
797
224
300
451
917
344
733
130
439
439
329
506
119
994
536
972
861
532
610
648
703
758
442
287
479
481
39
805
292
17
297
126
478
418
659
741
469
297
480
432
461
825
666
949
703
378
668
54
348
178
340
564
835
41
907
205
466
615
363
970
795
773
357
373
107
457
308
899
488
199
619
190
344
919
600
755
523
292
63
663
607
372
162
175
632
878
672
354
498
158
863
924
956
114
2
601
244
383
790
818
836
677
34
978
976
572
125
453
640
52
152
84
616
114
167
424
408
925
977
765
640
786
641
85
496
784
639
48
7
382
71
259
442
430
378
715
334
949
258
347
844
47
691
884
858
683
605
487
563
172
727
571
236
784
526
622
883
218
17
974
144
30
735
376
344
308
992
585
120
632
817
713
505
910
333
63
52
161
706
156
846
53
689
815
295
970
839
100
574
41
169
279
612
80
936
27
147
985
73
25
879
309
162
618
512
162
532
616
158
426
836
88
560
298
430
582
950
757
239
488
888
649
392
978
347
267
163
601
1000
23
688
789
60
977
587
682
594
160
527
992
702
769
545
430
78
908
428
176
36
362
411
29
458
313
627
109
718
202
843
369
139
988
46
858
865
579
441
950
576
316
288
106
73
265
462
855
195
971
323
820
33
825
673
359
30
14
155
405
575
477
664
686
602
590
768
523
356
235
264
331
193
456
919
137
889
774
19
662
517
115
348
777
413
903
533
574
310
789
448
291
913
67
357
795
632
436
650
496
889
667
202
431
908
961
878
827
144
292
128
458
850
340
435
969
674
89
518
503
414
710
858
426
89
64
184
232
955
406
627
950
989
561
609
48
123
841
764
416
252
15
60
165
178
861
187
255
829
230
25
927
522
765
636
939
764
416
242
667
737
737
418
601
759
593
680
259
424
120
740
734
540
106
911
132
154
995
94
849
94
526
395
529
736
739
604
448
117
774
419
857
797
369
895
974
24
705
38
644
594
480
969
516
452
233
841
715
983
317
733
457
383
782
858
127
868
280
723
902
107
245
219
799
958
184
585
874
56
730
454
433
907
649
477
651
530
744
495
606
905
713
640
60
526
962
542
2
613
959
137
144
385
979
300
699
303
464
127
199
588
841
729
759
633
956
390
869
4
547
501
514
67
831
315
719
487
763
637
678
357
730
420
986
408
745
327
925
140
781
969
487
167
547
766
829
133
23
609
775
762
744
