10000
213
22
179
574
307
702
82
112
69
948
771
2
210
465
26
839
464
78
371
914
25
189
311
674
253
485
400
622
410
432
890
523
609
496
412
158
509
832
511
955
766
252
343
6
391
229
461
111
675
417
512
479
618
333
976
100
531
489
733
383
725
775
927
238
770
575
613
978
480
342
737
708
114
978
57
466
940
830
71
255
23
368
6
918
740
596
158
951
176
255
260
360
849
31
122
270
112
705
887
892
401
26
794
609
571
473
712
979
432
952
920
568
160
532
716
923
466
265
907
319
870
92
880
977
690
874
983
679
446
353
482
885
404
754
859
636
61
483
225
954
444
316
706
789
832
856
770
755
200
277
71
837
93
221
902
766
514
264
805
721
26
505
618
511
236
98
899
918
514
374
416
390
291
944
537
545
82
470
726
771
73
380
994
721
453
82
501
232
242
77
973
182
747
152
142
704
406
496
239
471
238
17
917
777
888
757
231
699
487
33
207
299
263
930
944
19
794
98
326
437
587
148
828
159
806
593
324
577
8
92
369
813
729
184
964
133
895
564
99
854
312
303
867
834
432
849
217
67
574
797
753
251
394
420
625
477
951
449
841
554
692
160
180
254
990
171
931
217
149
839
335
771
454
416
999
343
256
820
646
247
18
393
506
267
200
167
495
629
186
390
286
237
46
335
330
602
518
258
33
408
719
9
901
707
189
657
202
226
69
111
365
321
17
322
198
521
16
411
527
772
708
54
460
148
542
858
55
815
668
781
413
599
79
71
144
166
744
291
22
627
345
70
29
905
771
999
918
96
527
911
640
630
213
859
177
555
135
295
160
889
119
148
521
711
168
852
409
917
53
92
678
279
783
128
176
173
656
37
962
812
204
470
283
494
388
769
677
242
451
706
458
3
159
761
42
645
916
521
92
674
590
294
295
715
693
753
576
508
33
809
259
677
694
134
872
246
68
447
918
86
510
323
406
310
583
575
736
713
803
159
110
553
745
997
99
571
86
268
127
202
483
357
955
670
195
147
937
22
220
571
949
365
646
928
687
781
114
580
390
628
643
240
605
779
430
370
413
668
717
675
138
519
517
56
407
511
106
810
800
435
604
288
755
932
290
401
574
104
671
101
932
602
876
580
300
287
666
501
862
381
679
714
8
843
905
105
273
826
685
281
767
141
768
972
922
878
162
932
98
516
243
244
357
730
169
509
708
927
830
35
571
530
715
654
448
547
657
481
355
612
898
790
327
695
569
403
147
698
607
683
246
305
170
54
719
336
547
138
221
774
868
276
264
133
780
488
820
474
791
969
603
512
650
126
563
142
965
704
386
689
563
601
480
700
391
261
364
727
763
187
428
443
343
757
944
221
488
68
62
11
218
864
508
242
942
941
480
651
554
909
831
844
854
233
231
188
39
610
490
989
284
329
779
279
693
582
631
676
241
709
164
719
204
28
268
542
515
523
263
399
227
615
671
628
356
316
412
198
241
65
730
803
874
560
501
678
285
162
205
364
942
268
475
319
911
801
474
991
691
305
633
745
444
480
734
184
404
9
697
679
607
505
659
72
753
520
121
235
329
687
648
720
551
657
81
973
715
800
860
48
817
333
299
341
130
23
176
629
436
16
945
986
324
799
655
352
480
883
745
545
556
57
137
688
829
449
798
109
536
555
963
819
322
221
1000
897
193
852
984
68
711
936
292
453
821
303
615
126
537
917
556
967
418
5
161
981
135
22
25
84
671
78
772
700
744
747
155
392
737
755
440
768
578
926
836
96
524
870
207
660
829
88
469
391
191
629
527
717
454
429
886
782
506
575
881
807
319
898
135
42
666
521
631
785
603
766
188
227
589
643
238
515
929
988
895
707
443
700
381
138
868
41
994
157
666
870
583
504
411
929
135
563
85
816
715
435
745
783
774
486
279
950
505
728
395
102
218
913
582
143
444
180
863
87
635
375
892
533
621
738
710
516
29
701
493
212
273
628
463
624
921
706
822
696
380
432
795
5
604
828
978
777
816
874
39
463
516
437
791
540
731
556
813
884
162
907
808
649
35
971
981
967
962
925
52
82
946
293
117
3
637
53
13
477
852
960
33
450
924
358
532
511
956
515
945
957
362
352
133
567
206
617
138
867
145
694
763
282
972
958
280
353
66
828
577
859
113
23
276
869
927
943
346
212
752
634
674
57
559
836
93
688
635
762
506
420
101
91
626
629
972
616
462
317
585
857
133
845
982
845
172
85
438
669
834
845
838
430
813
714
257
184
665
746
481
900
947
782
367
601
493
389
607
559
186
83
855
446
582
779
15
363
517
189
894
895
118
198
66
122
223
570
898
46
905
502
465
370
561
670
382
130
530
804
74
987
684
899
62
608
714
974
464
448
840
421
879
626
217
572
592
820
58
720
169
883
382
433
224
542
350
704
197
228
406
621
194
928
916
67
730
699
856
968
606
172
348
291
245
555
442
598
518
631
550
460
638
380
237
390
122
349
992
510
866
587
886
125
620
67
587
912
464
66
305
888
521
948
513
350
897
127
82
521
130
502
36
728
10
956
503
27
744
943
29
932
435
579
415
886
104
508
70
171
663
288
535
397
582
239
304
599
870
577
332
981
514
951
251
552
707
705
268
755
148
274
657
149
422
80
507
382
643
229
739
334
55
260
144
648
60
811
951
320
133
520
887
552
803
705
23
646
583
294
642
297
906
879
560
930
588
360
433
858
773
295
863
205
114
306
462
988
216
706
978
780
797
564
428
246
677
754
317
327
556
3
537
879
711
708
981
368
200
191
594
178
266
321
333
611
559
106
707
638
29
355
393
55
178
301
786
648
178
347
113
726
363
532
689
248
572
554
818
290
912
358
788
805
486
467
408
32
229
892
808
494
669
458
847
11
984
372
540
682
874
198
510
1000
525
333
442
402
199
194
570
723
805
429
354
668
231
247
116
694
115
336
161
725
58
453
277
225
603
888
772
90
836
629
728
640
595
804
521
847
613
94
535
31
185
280
42
897
393
233
900
19
891
585
172
729
776
625
469
876
565
989
831
209
402
731
383
495
246
802
632
267
95
920
779
473
822
977
243
471
273
924
607
156
303
761
926
166
747
917
561
601
465
767
378
40
833
658
984
804
956
342
823
173
736
165
72
256
887
679
24
439
848
603
312
164
258
529
438
921
480
616
359
266
699
801
243
251
108
83
29
945
180
446
90
714
777
825
467
584
287
451
786
690
908
649
603
837
242
381
897
888
790
454
909
944
249
204
923
329
302
931
160
577
592
238
790
452
858
118
525
79
676
572
52
723
70
284
194
685
91
373
718
989
745
895
254
405
912
681
764
983
672
129
257
756
625
365
63
786
948
554
838
199
761
208
396
32
699
214
493
104
895
970
825
721
841
884
477
979
243
410
392
587
297
316
33
92
447
427
411
682
133
277
352
991
321
571
339
973
898
626
610
319
478
453
200
745
324
570
996
994
186
851
258
321
174
345
311
648
358
253
901
449
390
318
844
855
837
185
361
886
326
248
14
277
992
198
225
545
919
982
457
469
919
289
976
980
28
575
677
371
509
786
861
883
833
25
655
700
96
259
672
749
152
181
106
380
413
835
747
226
739
53
365
462
263
209
880
738
339
364
583
77
566
158
51
501
465
237
200
29
632
239
577
89
112
664
831
792
915
929
655
511
374
964
436
166
861
972
545
522
769
476
254
208
661
773
939
264
475
355
88
991
392
56
30
677
93
887
72
731
622
959
749
430
215
29
959
756
803
340
272
255
262
643
765
805
433
61
126
794
319
596
476
57
236
682
942
914
908
468
515
516
296
970
985
147
642
561
160
86
372
321
790
585
946
556
387
281
999
256
725
620
748
546
647
443
398
956
446
670
591
315
696
762
977
822
462
746
57
87
473
470
951
250
832
962
468
712
466
818
131
353
219
883
327
962
275
364
424
990
918
929
764
563
716
698
936
938
879
845
282
1000
553
565
903
40
482
274
607
805
562
428
923
973
718
149
797
338
158
264
715
187
924
551
343
667
845
539
342
789
383
461
597
186
736
494
728
211
424
31
943
702
4
141
56
542
125
372
514
145
31
416
350
3
849
917
620
534
605
255
15
181
978
46
586
694
875
385
784
901
434
649
183
483
270
969
637
989
87
386
723
131
995
954
898
122
185
883
977
816
720
241
784
192
994
212
93
844
27
765
636
658
24
141
851
801
71
557
832
778
702
427
620
795
165
122
691
2
1
606
247
507
91
268
832
573
979
609
220
237
869
418
524
57
456
397
846
989
251
405
482
731
507
890
956
943
793
272
819
195
872
41
399
292
31
197
311
952
438
239
974
841
849
151
355
827
851
363
838
593
38
233
988
557
244
673
245
595
587
181
309
868
366
914
908
623
959
686
243
829
20
193
948
278
92
109
563
315
872
308
95
946
522
69
737
511
57
162
679
669
940
251
710
583
993
671
609
950
818
35
951
443
806
509
950
488
314
586
770
569
848
132
690
54
253
976
780
502
859
853
586
905
974
700
447
553
495
481
26
151
442
851
500
45
200
127
440
382
726
588
752
569
671
754
974
332
149
548
873
529
404
990
810
472
99
680
78
174
753
813
807
692
278
506
932
601
775
695
580
479
822
419
136
161
345
685
425
194
417
829
923
981
188
123
653
977
755
781
42
741
315
630
345
737
954
743
3
901
482
81
198
899
462
306
273
933
7
950
658
137
227
864
94
492
181
321
44
355
352
583
864
176
907
404
63
772
361
915
19
549
636
321
418
536
478
883
523
849
800
512
596
410
109
31
907
890
941
369
989
878
809
426
480
779
287
291
501
479
815
739
395
553
96
855
680
409
274
928
301
526
392
920
578
923
402
785
259
970
136
326
978
336
560
553
928
77
961
412
158
239
747
370
979
474
412
66
709
442
381
918
923
801
178
150
645
101
716
302
359
356
59
728
916
915
452
628
569
872
240
618
330
272
272
695
414
619
784
73
566
418
130
637
787
721
550
786
9
473
173
497
9
952
48
930
46
888
731
935
614
566
500
955
827
41
827
129
694
608
696
925
245
148
400
934
35
562
283
173
142
700
854
855
53
168
639
817
737
641
450
793
167
168
661
331
198
995
792
526
32
684
922
655
282
269
105
643
709
36
603
92
891
548
149
301
367
880
136
8
918
949
272
755
127
467
260
816
709
953
538
283
288
21
837
249
639
566
415
381
380
814
348
348
493
577
998
920
329
356
132
91
121
357
472
92
574
951
994
785
71
714
106
818
818
772
10
309
125
343
977
176
480
229
590
655
442
943
546
478
865
357
959
978
960
526
160
650
324
227
448
50
987
798
551
436
752
589
754
483
512
338
784
66
712
413
752
128
514
88
357
231
587
903
130
845
989
626
416
175
227
160
20
722
590
283
290
98
97
645
138
424
955
836
869
123
935
6
316
274
931
437
403
289
503
520
405
203
364
8
263
711
492
945
370
816
465
529
643
23
52
572
504
513
168
668
785
352
904
895
473
234
739
494
866
264
738
334
440
449
942
54
368
183
714
189
954
674
206
576
510
600
627
702
34
74
521
212
409
479
701
969
692
79
107
470
233
519
171
897
521
145
164
487
819
779
497
200
987
462
784
460
69
59
195
191
489
637
151
938
849
420
120
913
857
562
541
594
973
957
169
57
770
534
112
783
883
680
398
145
112
721
700
657
412
582
489
151
595
365
602
586
849
697
184
884
6
167
160
516
341
562
174
328
598
350
972
181
665
235
416
800
634
965
831
514
962
944
843
813
932
733
173
444
244
687
11
437
426
388
555
438
901
337
263
216
557
324
295
855
408
307
129
614
398
248
234
816
521
402
669
116
137
473
54
908
193
972
694
287
127
154
118
149
659
488
969
832
506
998
135
77
284
167
705
403
562
485
77
979
967
899
634
685
569
448
996
289
697
808
457
473
294
738
110
432
423
126
838
286
659
243
257
754
661
854
957
59
32
361
341
891
758
918
76
516
271
859
799
486
793
650
686
177
50
948
990
137
470
271
668
734
551
394
644
519
575
934
832
403
399
540
796
788
480
456
478
417
393
243
380
706
256
799
845
347
813
250
101
446
467
806
634
797
131
723
902
954
670
556
333
135
124
604
78
746
795
397
627
356
640
55
296
971
877
219
650
177
287
84
293
650
324
839
144
289
423
571
186
138
356
396
898
450
459
220
32
792
321
373
810
625
947
187
678
2
751
582
816
72
857
727
458
954
52
627
134
839
170
91
79
4
976
779
330
379
661
579
748
795
430
241
418
619
706
67
336
223
312
60
239
429
661
496
388
214
846
838
817
528
416
638
483
258
916
247
733
995
154
925
513
851
574
441
449
37
802
507
916
173
539
70
973
491
933
187
209
432
876
158
993
818
780
642
772
273
886
545
573
77
518
841
110
686
929
670
694
628
964
854
638
505
562
169
556
368
294
748
711
915
424
498
145
994
689
267
815
172
224
448
909
871
928
941
527
330
408
427
598
296
967
648
285
682
546
800
155
500
769
142
51
767
207
488
451
993
449
895
833
178
539
340
482
645
695
222
158
641
746
280
750
459
240
197
840
678
672
990
352
267
901
475
491
824
106
955
380
91
108
952
310
956
756
984
221
380
405
360
856
226
138
31
515
742
263
700
507
713
76
124
606
1000
583
402
216
842
879
158
876
511
734
275
977
680
323
239
297
741
347
200
670
360
424
147
893
104
578
486
222
815
946
307
942
143
174
114
843
541
767
47
211
840
407
441
933
275
127
245
480
177
500
839
695
573
68
619
497
479
389
25
385
428
520
903
256
321
895
437
760
987
768
206
265
716
674
887
930
157
420
619
701
99
70
120
502
782
184
776
967
59
785
65
782
459
369
549
334
127
21
594
409
503
699
107
101
526
376
283
46
928
943
98
967
752
859
112
243
630
855
135
365
79
809
368
544
459
961
72
524
702
9
507
276
110
636
42
106
482
515
697
437
921
125
576
812
58
328
46
398
332
909
843
116
608
303
20
138
665
41
499
694
611
17
341
337
839
243
25
991
854
96
469
944
35
906
616
370
516
621
235
118
49
35
994
743
863
514
165
864
517
837
790
131
854
132
891
923
933
476
652
342
250
406
65
2
417
677
412
190
829
612
134
429
404
724
794
393
663
530
825
704
807
659
265
93
117
59
783
546
680
530
660
987
7
342
89
675
450
440
291
761
352
95
248
118
479
300
366
634
120
568
864
69
308
513
964
986
669
461
751
974
585
127
693
673
490
446
623
219
657
416
54
510
237
708
148
348
742
992
508
385
534
723
712
58
421
240
464
571
987
525
53
921
314
85
774
136
803
669
700
149
473
284
674
479
141
42
644
857
653
784
754
190
632
298
804
87
117
10
363
686
791
21
245
529
423
937
504
74
436
797
345
550
693
82
691
585
955
701
375
589
847
54
119
211
646
576
568
859
929
435
403
797
571
819
327
679
858
453
324
331
421
373
189
552
886
633
840
650
101
728
240
935
324
244
96
977
345
974
170
180
630
1
363
521
705
223
922
228
4
825
73
977
88
555
544
808
74
232
437
595
200
733
647
273
301
575
425
725
643
65
798
160
368
170
519
617
715
357
631
172
553
863
213
476
548
660
373
332
743
900
289
103
43
972
616
356
930
187
274
945
527
390
748
558
613
53
679
996
196
317
328
781
976
285
520
493
173
462
448
879
654
286
943
403
275
124
605
703
639
338
52
441
274
224
797
895
985
622
536
81
851
948
714
600
437
7
363
113
936
383
632
347
898
217
340
600
745
826
292
146
710
909
367
871
612
406
958
79
105
508
181
74
860
699
532
280
932
627
801
629
71
144
949
245
473
586
503
500
408
98
498
836
456
691
901
349
571
342
498
64
986
446
271
724
940
206
823
371
55
502
166
383
166
942
870
300
70
679
821
349
981
441
406
839
753
671
513
408
252
813
881
805
252
67
387
374
707
669
487
913
48
624
467
869
282
690
152
700
784
305
219
519
335
612
999
490
392
792
144
695
428
346
844
804
103
594
183
870
97
846
481
993
610
71
104
844
215
199
822
39
916
157
776
397
914
777
585
793
431
109
789
974
495
121
867
309
708
485
977
831
91
169
387
738
557
3
590
45
61
249
532
308
992
632
182
746
507
651
844
934
458
261
835
370
198
427
330
947
154
401
937
824
539
253
384
195
721
446
191
831
637
376
223
370
291
778
567
492
190
442
643
483
711
225
408
138
802
608
841
743
688
343
273
587
915
277
324
506
281
228
648
134
41
405
914
845
884
156
3
678
941
847
799
794
913
232
789
453
763
135
260
670
566
341
71
974
924
779
791
909
270
16
599
294
142
686
48
702
360
963
691
420
831
186
502
537
243
793
806
997
411
362
414
714
198
481
44
383
77
120
931
673
716
788
74
354
726
231
170
54
73
803
738
607
293
430
245
971
499
807
878
950
84
885
830
429
994
279
671
147
635
555
905
57
878
793
444
950
710
363
286
250
120
930
544
422
630
887
750
733
580
885
498
141
955
723
888
935
388
240
305
607
736
6
93
67
655
852
403
387
781
207
406
350
300
961
729
253
463
813
292
950
942
318
473
7
237
866
560
930
734
788
846
825
879
347
199
933
764
174
884
296
54
320
32
95
310
261
549
64
324
722
929
61
557
417
321
111
150
265
189
303
237
378
645
658
873
25
50
734
91
974
722
743
776
216
462
815
920
13
282
83
218
926
689
933
849
988
20
130
80
771
601
672
688
741
188
243
805
945
875
286
784
507
894
73
356
951
410
841
919
994
845
339
655
658
184
931
789
15
973
494
260
635
143
413
327
265
741
467
322
585
232
980
868
11
146
45
475
615
521
771
869
961
979
431
806
286
757
813
643
394
189
821
530
581
26
278
667
536
547
225
115
234
784
653
789
325
122
832
265
992
113
983
661
465
647
588
52
245
282
306
138
168
94
415
122
271
73
372
450
337
973
602
214
792
804
595
281
619
211
221
371
461
267
873
198
217
222
235
109
730
151
862
595
275
744
856
687
71
188
528
235
556
300
18
48
960
403
739
383
475
262
254
417
62
888
54
226
287
74
41
233
995
588
988
782
822
799
15
650
472
993
331
471
133
940
829
145
585
13
180
165
23
485
567
18
721
343
80
234
984
890
690
43
159
916
30
545
57
280
74
636
659
633
477
843
100
775
695
759
392
914
180
371
908
833
513
756
876
100
493
219
119
561
956
568
967
618
300
443
130
380
799
904
38
64
688
29
513
613
382
755
196
626
642
507
522
369
252
602
638
525
810
108
553
636
246
145
882
344
102
481
258
593
810
949
762
719
626
274
646
84
924
43
52
763
906
320
171
226
218
372
2
187
371
661
250
403
734
527
323
502
44
695
660
710
14
95
368
151
557
359
31
740
827
312
751
562
633
129
717
892
628
519
890
842
48
572
140
707
560
540
74
38
961
188
166
366
750
854
432
228
903
619
362
147
797
899
82
114
662
792
262
491
134
315
664
537
590
435
692
837
447
962
826
940
251
610
399
510
451
826
624
85
266
923
870
666
561
364
161
949
382
797
644
55
709
936
482
176
551
854
486
989
508
17
925
695
918
382
568
478
388
68
720
954
589
408
146
947
349
887
581
649
350
111
248
690
798
699
864
820
348
679
812
658
866
877
316
225
804
407
430
649
39
254
164
517
633
340
324
701
669
443
895
176
873
489
689
388
182
155
949
159
245
184
577
67
645
607
628
787
735
159
618
492
479
892
896
543
73
810
813
367
74
803
880
117
122
662
30
223
411
943
568
85
207
274
569
97
230
476
643
237
453
80
786
762
101
626
911
806
478
757
191
462
857
785
619
923
708
168
204
970
675
882
620
406
965
957
337
485
414
70
712
115
66
153
240
755
368
542
446
43
133
972
436
861
217
303
855
162
688
767
582
639
385
767
801
21
534
193
919
191
754
487
511
783
504
261
625
412
204
538
757
656
534
80
549
396
659
90
331
583
152
588
414
398
66
434
11
718
131
154
363
19
416
593
203
706
141
351
543
659
179
581
456
618
960
197
203
254
3
916
346
715
781
618
741
269
197
669
943
780
464
33
31
574
256
440
508
315
194
732
501
496
864
91
322
213
587
712
985
125
67
743
81
149
438
248
766
351
446
423
395
596
686
720
269
225
901
84
491
946
381
630
535
375
124
630
632
251
754
494
474
438
359
701
393
157
931
244
30
653
250
720
324
177
851
707
511
180
261
472
67
197
796
418
541
491
869
34
974
936
921
361
31
379
689
913
108
137
297
902
973
636
583
309
865
182
100
526
17
146
131
524
428
933
227
354
409
1000
948
551
825
937
727
856
318
119
676
247
836
137
34
155
660
949
716
163
576
128
638
600
414
435
557
240
33
630
825
983
452
546
15
340
203
811
589
811
986
631
153
298
193
869
78
37
521
142
427
968
196
972
550
23
227
915
97
299
640
321
566
679
357
481
185
146
948
843
847
30
845
199
349
236
879
18
181
413
877
593
399
939
388
7
13
985
985
51
794
810
646
103
611
43
100
275
266
242
588
651
544
247
855
745
856
772
772
255
30
487
204
540
395
706
467
3
155
515
988
767
783
884
234
598
131
87
529
285
156
613
558
974
432
574
550
527
227
304
857
357
760
398
908
757
161
810
413
435
760
611
993
513
617
108
54
631
462
216
433
572
621
62
212
313
541
723
315
781
774
572
3
184
223
767
310
8
45
678
537
690
663
568
912
799
221
169
544
232
930
876
940
413
330
589
58
923
291
710
205
651
535
243
906
901
864
481
705
924
798
79
1
853
818
823
358
239
976
53
533
569
131
267
307
777
552
646
426
981
829
371
636
150
126
176
113
306
128
474
896
903
718
747
586
434
177
639
798
619
679
910
852
335
570
638
954
907
536
717
102
568
529
257
667
661
859
71
515
855
121
30
74
956
222
147
855
629
779
334
40
95
214
332
928
620
410
72
257
500
918
360
835
668
620
982
696
668
859
784
146
838
704
90
801
187
294
940
476
257
592
208
952
389
475
848
218
612
446
58
500
663
937
309
171
908
705
219
283
331
265
469
15
544
49
892
537
545
283
759
814
541
416
32
443
162
755
65
546
898
503
368
95
597
437
450
153
720
37
338
279
343
576
287
56
826
296
912
428
110
540
287
140
728
328
786
801
747
747
575
559
245
194
52
475
773
295
983
391
662
920
585
181
4
157
844
473
638
110
781
412
960
659
769
828
203
94
65
865
606
333
168
51
894
171
587
941
956
460
301
325
611
954
335
897
636
318
894
692
381
249
953
954
735
155
654
904
225
660
65
488
98
920
456
125
92
217
297
118
560
991
380
824
471
41
110
583
904
922
632
540
260
594
406
267
557
566
573
317
757
202
444
664
948
457
802
831
690
865
57
611
62
611
69
551
875
565
951
29
526
959
553
83
864
835
540
870
342
939
413
367
322
57
565
490
521
321
651
325
378
71
177
756
726
459
34
521
75
392
11
349
383
183
434
917
289
347
245
323
592
263
750
965
341
433
903
607
902
534
726
780
800
322
573
731
33
713
654
63
997
930
333
283
588
634
182
439
387
559
740
753
970
218
48
17
919
906
472
186
268
440
13
727
155
414
813
253
129
196
643
476
127
219
192
745
662
662
540
776
986
110
372
228
24
269
259
354
763
576
254
139
345
336
703
860
943
405
772
934
970
917
284
430
320
23
188
419
219
400
147
746
81
566
111
576
968
655
80
498
343
330
357
174
514
382
330
456
201
922
358
513
765
500
503
458
769
354
633
643
868
422
932
510
902
552
225
660
892
508
918
368
228
607
776
941
265
203
415
928
964
355
815
805
849
818
906
187
18
756
792
620
558
862
344
577
1000
250
364
785
668
454
237
361
526
658
533
921
616
646
871
644
820
78
614
712
184
787
28
424
836
749
238
777
371
879
559
803
343
657
67
941
913
846
505
629
32
288
671
646
537
255
498
558
815
872
247
296
635
623
316
271
935
910
118
586
933
422
10
912
210
756
437
659
772
920
221
536
819
606
903
614
547
318
27
841
55
56
362
803
128
946
67
914
185
229
556
87
7
664
301
3
377
727
318
848
774
250
108
452
26
454
914
248
982
239
91
299
981
116
996
420
360
25
82
133
139
337
980
238
201
340
203
709
478
272
514
815
371
576
302
408
168
436
958
354
640
737
979
877
942
440
650
14
188
693
590
421
351
803
438
238
943
871
487
863
14
722
443
515
258
994
902
295
486
774
575
157
849
840
23
751
913
734
166
88
801
305
408
273
209
181
250
466
765
966
270
685
55
295
867
734
359
191
682
130
555
871
292
73
480
708
131
595
926
49
731
324
60
394
151
346
947
947
430
773
616
840
597
439
64
566
261
858
477
998
534
945
546
92
361
78
258
420
412
342
712
927
243
468
307
66
560
573
161
835
962
542
454
841
695
206
985
866
638
742
957
489
311
450
882
120
83
199
123
775
57
85
454
833
138
185
566
642
856
574
169
550
187
822
496
437
680
262
187
634
623
359
335
176
146
662
883
316
752
226
69
333
931
672
205
382
231
324
401
879
322
557
633
879
611
641
517
474
517
910
395
911
833
926
626
137
677
345
934
813
450
130
246
558
391
749
440
298
631
501
122
677
676
751
459
425
804
796
612
576
499
456
202
44
433
824
129
211
278
366
691
463
672
284
660
81
227
774
667
75
21
231
591
699
892
909
195
81
167
238
795
285
581
281
114
911
125
46
204
221
620
144
9
72
705
505
703
857
181
358
494
669
39
358
105
577
768
37
379
905
810
553
294
652
547
358
841
940
329
857
316
983
271
705
77
738
202
995
320
426
498
628
755
254
39
179
398
533
590
233
80
298
633
767
168
609
38
205
765
409
80
345
350
193
68
260
66
200
566
916
683
384
364
613
622
741
722
11
74
704
458
767
684
900
21
746
147
459
157
777
682
198
123
337
101
970
979
65
438
975
56
387
173
168
711
122
49
758
271
291
388
941
422
934
737
166
107
757
355
318
418
52
355
946
104
506
174
611
270
490
422
421
952
126
302
964
66
745
15
897
525
570
104
961
136
409
509
747
147
221
99
847
853
825
328
368
361
458
115
747
169
19
224
621
210
627
862
403
409
524
689
54
783
713
242
970
851
968
895
490
774
252
709
921
704
130
384
251
376
136
605
414
94
436
483
842
312
772
908
223
570
724
895
796
614
983
151
558
891
664
705
612
729
546
663
256
900
11
864
216
140
33
784
185
616
441
223
264
446
662
751
201
344
252
671
296
862
603
471
58
208
204
401
771
733
846
479
800
634
1000
178
90
470
411
104
355
326
117
734
400
738
181
632
767
210
438
931
736
357
155
11
143
921
442
500
419
67
156
718
92
139
774
459
507
654
676
400
635
103
579
363
749
956
474
534
230
252
755
133
937
505
180
206
621
978
295
153
621
645
26
548
103
45
964
524
600
637
209
392
252
662
509
75
839
318
17
180
659
583
103
607
424
493
529
134
661
635
30
726
591
396
657
464
537
253
807
967
568
985
454
635
778
783
16
620
123
630
287
245
145
980
97
254
172
4
328
637
586
950
128
601
280
744
317
961
718
802
92
652
994
842
38
381
475
406
98
496
456
919
505
739
663
239
979
217
352
56
289
861
137
877
77
54
205
596
552
543
56
690
209
876
816
86
366
900
46
657
626
303
315
449
542
661
724
498
30
920
825
775
830
840
474
165
17
169
743
334
419
560
90
595
139
622
367
206
821
969
190
865
736
725
856
646
745
637
320
357
909
342
777
409
44
519
721
458
47
763
799
32
827
415
352
567
675
294
367
636
560
91
391
711
460
128
213
727
810
176
614
327
373
626
279
400
611
269
292
753
235
690
340
523
24
566
950
730
301
196
926
744
263
643
488
761
350
836
273
578
273
795
99
10
143
322
837
440
705
695
131
108
412
500
734
42
502
703
155
710
871
876
198
775
653
576
956
706
452
516
863
677
30
702
75
228
583
575
958
949
717
351
71
786
93
603
826
378
684
422
565
618
252
919
681
505
489
725
600
163
616
470
635
420
434
44
986
808
927
668
609
518
114
568
925
1
925
775
289
416
372
245
428
373
609
284
297
312
41
40
353
36
124
925
970
198
485
210
909
168
321
229
368
460
649
926
105
734
33
28
860
115
916
371
150
932
476
949
722
834
186
759
921
125
749
433
574
792
544
488
753
175
68
705
331
334
433
880
162
301
649
721
531
181
781
565
529
647
777
431
55
522
29
908
714
292
194
288
489
577
987
840
258
12
247
355
340
585
52
875
851
961
561
23
29
462
636
88
38
580
900
69
803
579
945
547
293
755
261
788
519
5
811
275
561
861
182
798
459
258
730
291
938
787
578
125
709
262
630
162
768
197
392
162
664
966
599
286
944
424
744
258
314
3
553
606
361
996
25
54
773
313
703
992
196
341
91
685
579
381
411
269
125
834
945
767
427
204
256
559
453
547
379
519
752
471
682
538
878
242
82
167
731
727
530
920
326
860
165
706
748
588
138
544
301
339
290
442
52
934
594
588
704
265
589
989
716
470
216
479
852
689
121
858
464
296
935
337
837
403
436
532
246
122
785
612
17
53
346
673
403
360
260
479
646
474
634
454
774
540
39
676
398
523
241
373
727
128
53
678
721
505
982
453
777
732
974
893
768
398
405
71
884
514
106
519
182
399
523
477
404
573
108
768
990
98
438
641
493
550
466
99
493
618
420
572
374
937
617
32
840
660
681
182
525
898
941
326
553
573
949
758
214
835
203
157
438
922
473
838
992
83
658
318
410
616
249
371
233
598
404
231
657
923
954
325
610
408
163
826
109
766
374
199
617
965
597
992
629
583
946
49
684
701
472
985
465
523
875
809
568
281
936
267
559
739
989
685
347
43
39
721
818
814
103
961
32
845
392
108
322
650
311
673
306
445
707
804
69
885
879
381
875
514
890
881
367
917
109
189
854
746
998
717
534
339
58
234
7
994
653
798
205
485
110
484
723
188
396
813
985
21
548
905
860
612
573
796
658
598
434
562
311
557
911
635
9
607
214
978
18
956
709
887
417
111
491
138
122
356
300
96
547
859
971
807
874
200
413
189
467
617
477
511
918
198
959
498
809
597
202
370
906
514
685
782
649
548
820
280
580
891
31
480
414
906
119
670
295
796
738
242
941
642
619
255
529
458
160
811
8
454
458
264
399
253
519
575
29
334
213
637
645
569
296
89
93
50
664
752
272
891
542
433
220
793
590
594
570
302
198
332
876
21
447
336
527
359
117
613
419
217
102
746
99
109
679
176
165
268
563
574
197
726
82
495
254
349
408
132
970
196
849
774
132
649
181
570
97
987
133
498
592
179
191
271
682
550
864
598
620
30
86
857
260
785
543
617
723
793
341
646
641
250
870
69
682
178
613
368
213
943
546
949
947
409
8
104
763
462
336
860
924
603
288
900
400
8
901
709
778
862
936
324
132
801
882
384
987
345
20
395
747
393
618
651
359
392
207
906
384
947
269
99
348
948
682
617
756
417
216
204
873
816
352
984
485
908
770
567
575
159
789
709
101
533
301
607
966
606
70
766
930
126
282
329
663
276
988
575
921
552
948
133
929
293
317
81
251
199
257
497
578
503
631
617
561
359
164
407
274
129
76
514
514
394
580
889
888
305
490
181
266
47
102
438
549
277
720
621
160
453
207
878
169
732
948
340
687
882
98
399
186
1
250
796
912
64
995
311
328
937
41
26
855
115
398
114
252
774
760
851
564
380
20
766
404
277
483
484
584
83
297
866
77
703
637
794
15
748
449
316
380
120
326
307
896
647
829
123
989
57
131
375
649
324
776
783
525
624
92
118
109
626
97
549
239
521
906
881
223
468
99
461
699
642
735
103
970
266
312
604
23
464
709
21
548
535
182
118
577
82
277
693
182
869
517
811
304
191
634
750
570
508
60
483
320
58
181
464
291
553
277
813
580
862
517
869
13
469
478
241
307
372
37
103
433
301
590
217
613
972
17
56
324
878
938
408
170
246
783
134
374
145
137
763
858
849
768
856
677
581
997
294
868
683
73
492
48
474
758
179
761
321
460
187
547
13
58
577
991
267
713
442
960
406
945
831
263
996
369
513
266
919
803
232
772
719
161
910
817
813
17
745
954
230
438
432
379
234
651
538
488
447
443
671
638
253
260
935
383
550
193
105
714
265
49
476
986
334
138
693
746
35
686
903
911
956
595
231
424
437
576
80
368
436
63
85
321
349
132
808
278
174
230
268
624
463
111
12
647
57
200
7
239
501
219
26
295
618
792
638
315
517
922
798
317
68
6
155
37
384
586
942
787
188
40
142
176
561
729
736
52
982
673
434
802
862
119
865
597
369
868
41
533
573
145
590
321
420
915
331
564
101
154
437
102
875
665
517
239
845
488
546
381
230
874
992
225
221
629
218
326
832
978
685
631
822
555
797
218
296
733
558
329
956
375
495
418
731
41
782
173
975
396
925
664
695
823
396
782
994
286
509
996
313
880
722
704
504
154
11
479
316
830
327
471
224
87
316
161
990
35
785
875
867
409
713
977
1000
348
788
21
692
290
183
875
973
126
637
157
606
40
439
417
507
292
130
489
497
205
463
635
121
65
871
696
869
334
669
313
869
794
82
254
350
315
539
845
168
355
956
50
467
893
17
826
655
624
283
734
7
90
224
311
491
754
833
750
947
129
838
338
662
505
253
293
763
565
620
448
187
830
860
118
58
105
164
8
53
284
556
607
319
88
649
624
434
929
633
870
855
685
833
123
159
380
565
457
390
278
77
303
623
122
822
602
184
770
662
149
164
865
759
714
132
707
380
912
173
826
930
269
651
125
643
441
567
304
496
50
689
859
170
449
180
722
212
194
27
818
862
638
513
71
323
603
379
208
387
407
798
789
924
367
302
988
757
443
104
146
248
597
433
902
168
351
516
938
989
110
163
579
945
137
962
968
902
670
660
290
539
43
775
148
679
216
953
316
213
819
493
762
28
144
464
97
159
591
604
415
763
607
187
679
581
24
12
911
261
883
955
717
392
178
800
825
85
291
739
681
904
711
622
54
262
726
339
174
353
920
848
401
140
899
6
170
842
410
357
61
542
810
920
696
813
65
783
940
567
844
844
977
824
811
845
646
913
956
666
587
961
834
589
795
45
355
15
864
62
898
206
398
109
652
50
699
328
303
951
572
282
755
174
187
320
556
287
355
103
759
754
835
385
171
224
621
221
958
206
63
850
708
939
728
47
528
422
526
210
87
621
702
680
868
545
760
194
777
765
723
535
633
877
955
425
233
711
661
953
550
869
749
182
953
734
490
830
894
81
565
805
671
405
557
53
636
279
453
771
393
122
517
27
168
364
653
779
526
434
860
307
52
693
281
389
937
851
801
80
616
867
588
972
26
906
670
479
535
185
702
178
107
247
587
264
195
549
940
215
363
525
145
77
366
503
353
735
813
310
785
582
774
101
462
154
942
157
670
825
645
34
781
174
970
617
128
770
670
446
70
200
32
954
71
38
183
401
696
808
437
153
524
868
858
295
241
366
496
600
598
463
485
977
838
777
852
40
24
265
649
646
463
457
66
817
199
749
915
987
16
196
279
65
686
400
284
856
920
462
216
627
494
778
846
919
797
544
472
628
748
724
101
641
649
660
14
933
183
962
259
158
937
419
157
126
799
133
619
119
376
956
125
713
976
417
100
502
451
376
7
416
661
868
293
39
396
672
753
900
387
867
40
795
362
557
622
384
979
320
664
927
343
600
551
595
845
488
237
454
556
409
24
546
186
521
552
21
233
520
922
48
482
359
175
66
618
467
318
113
544
113
627
284
990
244
158
438
69
679
835
303
518
414
44
863
553
400
46
928
448
494
533
479
193
425
278
690
255
289
825
882
708
215
86
550
792
122
88
102
865
906
557
498
881
564
953
99
229
259
804
186
902
814
295
642
691
69
230
57
106
218
124
505
490
574
857
670
483
243
196
118
864
501
714
633
28
570
652
74
524
193
963
68
163
634
500
380
195
594
354
975
350
24
767
949
274
158
988
38
67
875
835
933
55
339
404
682
61
41
893
384
172
891
379
598
632
817
95
781
245
271
909
147
839
620
355
333
874
720
616
578
666
266
428
385
161
443
530
809
630
185
203
389
701
884
564
447
517
44
995
362
159
240
471
36
890
382
639
627
20
652
744
261
211
990
227
376
104
325
84
808
763
720
331
51
670
146
595
957
900
736
261
431
404
523
14
130
581
605
439
889
739
120
888
983
886
25
922
811
242
780
147
134
248
592
556
739
625
861
165
809
811
82
662
730
394
452
776
977
240
671
181
597
734
409
358
5
284
846
619
536
458
513
839
88
530
170
448
62
301
510
865
476
341
892
242
847
666
672
43
838
14
440
259
358
319
743
748
837
130
31
530
536
135
250
234
580
546
271
603
146
388
478
638
623
114
148
773
825
488
603
763
483
816
823
247
723
282
866
847
159
689
137
750
495
743
224
853
811
555
139
978
234
150
894
232
88
311
920
704
573
768
227
858
997
748
702
222
248
323
544
374
760
490
73
563
689
143
213
315
59
499
443
887
99
652
416
85
783
882
407
652
475
595
664
402
827
226
869
415
244
581
614
117
987
415
997
275
65
188
305
942
475
29
555
773
548
766
148
394
29
97
186
714
976
461
535
447
404
605
724
498
792
622
343
674
213
905
683
845
841
31
938
176
713
485
857
985
1
558
831
684
75
932
103
648
604
608
370
584
356
329
164
698
66
81
751
873
525
511
729
506
602
282
404
841
843
57
308
769
993
756
1000
820
713
633
926
658
30
109
842
129
792
21
824
606
822
191
196
919
550
952
839
864
116
79
209
829
385
678
757
280
282
601
967
331
277
713
561
220
793
204
214
884
859
68
508
882
24
250
205
858
475
486
394
158
981
611
703
803
676
287
594
498
319
548
571
641
951
450
714
237
663
783
615
907
358
230
827
173
768
21
148
212
257
579
908
486
96
284
645
181
163
976
144
545
885
375
929
462
190
770
470
796
952
76
338
995
755
631
464
900
274
744
348
356
63
697
877
516
236
740
848
197
483
884
511
11
799
838
426
768
788
972
906
810
397
879
975
116
621
907
104
3
101
169
814
169
285
768
88
620
374
373
245
105
751
675
529
874
316
539
478
771
700
523
923
821
444
953
984
241
503
408
659
166
642
696
885
597
324
921
502
749
678
458
58
739
48
613
876
491
303
314
656
174
240
389
273
97
80
283
25
98
718
905
787
57
711
876
580
725
116
578
298
522
776
234
716
277
531
148
814
319
17
386
686
122
953
969
374
480
151
758
897
325
735
6
641
918
597
754
636
155
955
888
416
126
102
83
139
847
612
959
102
520
964
738
742
441
216
622
143
236
905
906
802
348
854
755
932
87
560
373
572
850
813
992
517
966
135
861
40
20
809
517
499
529
702
252
228
149
467
176
225
249
876
725
471
702
870
511
799
484
222
172
888
613
898
93
651
281
121
884
560
374
260
352
239
470
745
675
636
732
782
961
508
71
742
548
876
972
530
950
736
227
158
185
621
66
42
156
85
508
465
59
43
370
748
828
590
669
428
539
708
676
357
169
181
292
244
991
596
877
128
860
28
610
693
118
447
678
345
123
814
988
348
347
628
755
540
968
544
682
799
135
222
127
206
559
98
708
385
987
596
347
417
159
864
877
714
388
464
351
221
522
610
202
305
393
389
947
748
710
103
662
208
778
388
460
539
587
487
895
679
8
646
318
624
397
856
550
316
143
326
506
47
391
407
887
576
807
882
190
561
495
857
453
868
587
504
95
165
462
821
368
571
593
762
543
679
459
333
67
754
563
107
875
389
819
752
427
953
903
440
251
256
413
825
545
9
328
447
10
896
245
237
934
80
37
244
799
877
794
171
900
665
959
110
817
900
677
810
446
987
265
666
304
813
599
919
747
609
306
147
286
819
346
410
882
215
986
640
932
538
150
870
723
324
929
34
397
126
355
821
997
151
826
91
493
681
391
309
514
624
723
99
436
348
606
670
499
916
897
13
436
3
396
889
31
742
831
760
540
201
675
841
258
330
480
177
84
349
886
553
35
78
702
596
559
643
230
651
82
821
260
538
238
379
387
25
612
613
720
19
96
435
317
191
451
324
228
58
91
463
442
173
316
600
993
44
584
140
820
507
344
543
718
713
921
144
697
54
380
900
817
871
614
117
902
781
504
725
64
937
156
844
299
852
219
349
626
260
940
475
149
19
970
175
848
898
100
460
678
370
725
842
213
451
503
164
597
919
256
817
115
723
373
315
273
878
403
91
137
557
718
971
103
473
109
342
935
425
288
708
736
457
17
164
365
304
602
346
392
981
979
988
493
203
418
693
372
136
269
376
863
445
186
745
695
70
187
455
356
58
98
993
150
786
304
886
838
285
999
17
415
750
485
770
492
344
926
13
673
948
682
900
161
784
307
605
335
539
71
401
192
904
582
558
418
448
266
192
919
227
798
630
778
7
399
669
885
203
120
613
360
404
952
294
189
511
727
73
429
852
483
72
290
592
970
491
511
949
526
536
377
747
157
333
336
16
908
681
893
111
375
623
613
119
212
549
600
83
520
301
33
473
719
496
553
993
1
974
861
643
538
209
437
381
871
380
50
199
943
509
196
200
918
861
451
222
161
476
814
742
648
139
866
692
795
124
838
444
611
325
212
279
673
101
789
341
167
514
373
718
667
43
708
955
165
453
894
299
158
528
605
464
564
158
408
973
915
727
54
140
113
338
405
720
155
172
353
552
232
755
618
989
929
617
832
122
279
102
44
201
295
947
648
59
594
11
541
333
399
366
340
768
726
481
458
934
498
282
35
806
229
579
94
893
862
367
572
448
562
530
976
723
658
610
519
589
135
644
528
824
521
974
260
763
828
544
935
304
462
439
412
876
201
81
692
956
271
767
127
868
244
740
558
858
868
361
597
68
40
644
6
674
259
679
405
284
197
828
613
775
844
312
710
607
106
719
15
381
850
823
954
301
545
744
882
813
593
92
925
690
123
111
535
157
682
555
619
248
863
889
726
863
660
835
533
477
577
944
809
617
98
862
836
351
28
309
391
527
104
215
315
958
964
363
679
858
694
230
268
867
571
737
620
741
655
511
523
280
78
340
395
782
41
164
340
111
727
924
973
407
746
336
787
573
479
710
582
756
602
822
411
646
133
320
141
597
339
759
422
228
790
841
631
573
968
882
309
520
802
825
12
245
34
106
20
216
607
773
912
661
397
439
943
671
162
909
536
355
129
401
125
48
227
2
71
406
201
599
269
68
392
714
247
578
991
124
512
443
351
819
419
459
64
908
464
882
806
244
928
823
652
292
36
285
479
70
93
417
893
788
151
259
51
474
53
862
659
975
315
370
460
736
201
485
111
867
423
3
780
145
772
659
875
176
560
65
760
348
435
451
641
682
526
700
761
969
377
742
111
984
116
690
900
441
14
921
239
563
177
38
461
586
66
20
952
140
591
229
136
767
841
718
394
526
949
812
805
26
567
70
469
772
135
428
988
541
701
545
206
425
356
300
612
125
893
131
626
92
621
938
381
638
110
464
115
544
147
524
622
499
823
562
130
116
529
597
812
176
835
267
422
104
393
497
101
791
826
98
679
567
960
341
991
878
603
493
714
192
296
729
383
621
443
789
417
408
432
95
364
345
256
843
380
435
212
752
153
598
585
33
365
982
571
17
296
49
769
922
723
906
505
331
351
527
30
162
528
264
157
157
80
444
779
610
522
57
316
635
80
460
707
644
625
51
5
89
70
984
967
953
109
632
878
688
286
191
371
239
357
391
366
638
132
691
7
796
191
365
613
997
960
14
575
284
236
428
11
337
296
931
648
229
881
858
56
405
499
460
716
140
84
115
936
181
883
23
830
667
316
730
538
747
226
579
405
29
989
64
458
859
500
117
339
225
755
366
498
358
496
180
464
865
405
86
45
752
98
123
102
606
172
627
235
216
808
872
154
634
537
417
252
18
278
636
496
107
892
976
259
244
56
421
770
273
279
249
219
449
726
469
545
519
783
551
700
883
106
218
978
693
213
726
7
761
534
697
138
843
233
431
845
1
258
555
61
981
943
508
704
755
170
204
363
656
421
813
767
603
408
10
686
446
72
459
542
403
743
154
368
109
223
101
961
193
809
309
2
328
867
845
19
745
135
478
20
918
44
148
441
451
676
1000
36
981
642
578
874
269
660
490
660
361
104
553
994
676
447
854
329
844
541
755
385
841
725
263
361
896
202
956
960
925
689
106
851
55
521
227
323
128
947
663
338
134
930
295
553
927
49
198
197
66
583
10
694
678
628
466
349
219
512
10
682
392
787
113
628
792
196
797
206
89
455
615
992
14
612
484
498
966
220
189
312
454
658
240
353
736
555
412
97
787
770
265
525
355
792
546
559
124
272
247
149
781
787
560
849
15
796
158
755
669
81
919
627
593
254
507
891
63
92
569
830
911
710
464
515
291
726
985
853
122
236
868
160
876
855
589
791
140
518
897
706
411
818
886
420
287
955
529
963
347
825
98
729
775
1000
688
945
430
114
71
174
302
798
931
