10000 900
159
29
116
35
36
162
22
151
22
84
36
168
37
52
173
40
162
169
96
185
58
179
164
125
197
20
173
102
95
92
112
177
144
102
33
53
85
137
48
157
11
162
61
33
141
147
109
144
10
40
77
85
78
129
81
86
190
42
164
12
145
26
88
85
40
142
181
145
145
158
54
187
79
171
1
91
27
33
141
152
66
68
164
54
70
153
2
78
125
37
140
65
21
109
173
58
150
182
97
171
98
38
184
95
103
77
177
79
115
24
80
61
131
122
24
129
55
26
149
191
107
196
107
167
134
153
81
3
22
167
30
167
23
135
48
145
188
188
57
154
116
142
80
138
21
51
103
55
177
157
160
94
169
68
198
43
154
6
26
14
31
198
47
171
129
180
96
152
16
174
160
151
132
181
34
172
171
33
97
151
184
169
66
5
10
33
184
67
1
48
156
159
117
1
48
115
137
90
43
55
62
69
87
128
94
63
79
189
138
39
148
166
145
60
183
189
79
70
135
36
39
85
84
180
34
4
197
13
45
132
7
28
105
10
140
2
101
23
158
190
30
189
19
11
15
46
81
8
82
107
182
180
114
145
144
31
45
81
154
87
65
23
2
99
154
22
153
173
173
190
84
166
177
8
25
164
171
142
132
199
105
186
142
126
188
140
22
78
32
69
8
119
56
107
79
151
80
118
18
62
168
141
80
118
12
76
76
170
173
14
72
97
56
193
185
30
35
153
10
195
117
81
75
192
11
66
80
111
65
110
29
189
61
51
26
180
83
55
20
126
46
19
14
199
104
123
129
112
22
148
28
105
18
135
184
117
196
135
135
181
179
75
26
84
19
159
95
5
181
34
198
45
125
29
173
165
106
103
94
153
130
98
170
119
108
140
80
179
55
169
131
14
132
111
191
108
112
101
93
36
101
19
20
178
21
65
92
38
152
83
191
182
34
29
32
2
186
134
19
190
98
65
52
39
25
133
199
100
60
119
194
112
168
100
168
141
95
164
115
185
50
143
99
19
155
145
144
134
122
8
109
62
145
92
39
151
162
101
167
26
148
25
89
133
23
79
134
108
71
191
138
1
91
77
79
32
96
22
147
1
19
153
21
26
72
54
31
152
87
179
67
113
87
95
33
100
151
36
175
192
10
72
78
83
33
165
176
47
172
110
102
166
131
176
46
181
68
184
59
114
172
191
105
78
46
102
69
4
155
117
141
184
199
107
176
62
79
100
96
16
60
129
1
60
158
200
110
61
115
6
184
89
87
36
72
162
57
8
5
171
5
2
101
149
69
68
111
27
182
84
28
177
98
193
58
32
128
185
66
28
68
69
3
189
93
163
117
53
38
22
174
132
48
61
142
74
101
23
131
144
168
132
36
133
163
177
152
135
76
91
158
151
115
196
28
164
190
69
111
16
84
100
44
157
165
191
39
51
15
174
135
34
74
135
93
17
135
132
188
11
41
74
82
175
130
86
157
54
25
91
116
18
165
187
10
68
41
27
109
104
174
98
102
66
36
167
172
192
188
129
50
153
70
131
173
127
164
2
126
131
131
34
37
91
3
23
29
38
192
2
163
120
183
75
2
83
140
21
82
119
177
159
162
75
111
44
1
55
70
17
175
112
13
128
162
97
48
49
58
95
112
78
77
104
190
62
112
193
91
121
191
172
21
155
16
57
9
91
10
17
158
104
139
166
78
146
181
97
110
32
184
130
138
103
151
49
189
81
200
25
145
91
43
110
74
79
76
108
197
152
179
38
54
40
15
37
160
62
73
21
53
162
12
112
106
13
165
16
91
92
125
162
100
182
113
128
142
12
77
16
4
196
75
146
172
56
24
24
167
43
39
118
124
107
41
36
35
110
152
64
160
178
197
79
30
52
179
45
178
56
21
147
45
5
118
37
177
56
57
90
35
7
21
5
136
54
112
8
42
55
26
135
184
58
155
104
197
168
146
184
178
167
166
134
79
91
181
117
161
148
153
192
142
24
94
99
42
141
114
99
117
21
58
100
65
49
62
96
5
69
198
189
195
105
81
126
179
65
111
112