13000 870
64
62
95
38
44
22
73
73
78
45
4
21
3
83
49
36
44
3
93
73
32
19
3
76
4
38
84
78
8
3
25
11
76
89
59
24
35
69
54
97
49
22
79
64
69
1
21
88
97
45
12
1
56
47
24
73
92
46
96
59
68
75
53
99
17
51
43
86
19
24
63
51
60
78
66
55
31
28
53
10
1
78
100
13
81
93
32
24
77
4
6
59
88
74
37
4
4
82
52
98
1
85
52
4
11
15
22
77
47
23
36
83
66
49
11
61
5
66
73
76
95
49
64
79
73
61
63
63
74
63
40
77
31
27
18
6
36
4
73
86
31
7
96
98
6
9
93
58
90
34
38
91
39
19
90
4
47
95
64
10
7
19
52
10
9
16
32
8
4
72
47
96
42
75
54
97
94
97
87
42
27
36
57
95
74
90
5
40
48
73
89
53
100
6
56
91
98
6
71
47
45
50
72
65
78
30
8
42
89
96
80
52
34
51
54
7
73
20
8
87
17
73
81
39
21
64
7
94
99
9
6
18
68
86
94
96
65
42
79
27
100
26
54
20
16
8
84
16
29
8
78
5
50
92
24
6
3
14
39
49
48
3
68
22
5
90
99
30
27
63
70
89
7
3
22
22
11
86
55
28
93
9
13
71
32
57
93
78
87
63
66
54
4
96
4
24
81
27
30
79
8
63
35
31
4
18
9
63
25
7
76
80
8
84
56
2
60
15
19
11
52
63
33
4
35
25
89
31
46
98
19
59
3
7
91
23
42
15
96
12
68
13
7
24
63
90
48
19
81
42
80
97
7
11
37
44
41
16
22
12
19
98
43
4
22
68
84
50
60
72
16
40
27
93
98
38
43
9
100
56
1
42
93
20
75
45
90
81
95
58
76
9
29
40
41
27
57
47
55
58
65
40
60
98
25
79
91
95
82
5
17
78
37
35
17
9
3
9
88
55
58
11
85
70
42
3
54
40
11
95
4
83
85
14
11
5
31
87
22
2
11
50
49
70
81
6
48
31
42
67
74
30
78
42
81
5
10
7
15
74
65
42
6
11
12
23
8
38
41
40
13
37
2
49
92
54
19
11
48
99
88
59
72
14
79
13
79
83
9
88
76
5
22
37
14
70
32
86
9
13
13
55
56
38
85
29
86
51
13
4
45
85
9
35
86
1
30
20
93
87
36
47
80
32
11
87
7
11
97
37
72
29
85
66
87
15
9
6
7
41
52
6
13
87
87
75
65
52
22
2
52
58
28
49
97
57
5
45
87
73
25
86
9
99
11
41
73
21
12
100
18
2
76
42
16
36
14
56
100
9
63
39
26
78
61
53
98
80
37
79
25
6
58
62
17
77
44
24
46
68
45
77
94
97
18
99
22
23
42
96
70
16
45
1
87
52
15
51
84
75
96
11
63
68
39
32
79
48
70
62
45
3
78
60
100
11
6
1
15
78
58
67
71
9
72
70
4
10
42
50
74
88
42
10
62
89
77
51
34
69
58
31
33
45
65
81
11
36
17
2
94
17
3
45
69
59
42
84
18
43
83
3
77
63
58
60
85
29
14
58
92
25
85
86
51
91
14
5
17
4
25
50
32
46
59
22
3
52
95
28
79
74
75
43
50
41
35
55
90
93
4
58
4
7
41
38
65
47
10
18
15
85
6
82
93
44
6
35
24
62
13
46
3
56
84
63
51
26
68
22
81
75
6
2
68
29
92
96
28
66
49
73
70
15
63
41
80
12
47
26
86
22
32
69
60
3
11
76
33
71
35
97
81
93
99
47
33
75
18
94
43
11
85
66
31
79
64
61
21
2
37
11
18
94
12
26
97
62
76
62
28
64
73
91
67
34
70
41
87
93
47
11
46
74
70
50
71
27
90
83
30
14
44
24
26
27
77
37
51
23
13
23
49
41
88
93
88
94
45
90
84
38
30
54
54
99
54
67
24
20
99
4
67
39
45
65
81
10
42
63