1000
63
896
566
481
353
154
365
393
242
321
906
46
590
60
952
389
413
224
17
188
222
111
231
333
524
638
779
483
590
405
575
473
693
826
424
503
798
740
377
373
640
228
653
907
299
83
211
920
109
477
975
788
716
155
258
338
606
952
580
494
500
301
785
911
578
611
371
860
455
164
497
150
434
405
724
406
778
751
434
297
192
209
662
257
194
227
79
476
764
989
847
525
91
320
35
282
902
48
727
270
183
166
95
3
898
933
964
377
881
435
12
796
223
472
701
215
570
663
884
369
544
153
334
37
197
146
389
12
293
697
587
797
921
549
990
91
222
222
262
300
769
19
314
527
30
673
361
910
223
6
558
839
744
549
962
909
570
621
131
245
101
78
367
724
859
364
85
404
362
837
5
55
760
809
742
776
302
403
581
797
550
638
887
305
68
24
33
766
579
192
587
193
48
721
471
423
981
139
188
525
284
833
392
63
343
221
447
80
265
702
833
756
919
565
723
84
213
166
180
990
855
908
383
638
436
31
278
769
261
649
20
242
404
844
720
328
650
316
714
590
791
897
819
746
872
684
509
582
449
958
564
558
363
559
386
340
920
537
173
813
706
840
443
549
968
782
433
125
972
587
366
289
587
355
645
682
173
611
211
879
829
665
700
537
576
570
364
607
494
861
172
728
467
349
532
939
199
848
130
453
937
385
810
916
714
208
621
609
417
623
285
289
452
854
403
63
560
981
406
894
803
805
614
105
426
545
123
812
626
554
157
181
357
270
893
51
313
225
587
67
738
344
87
239
666
747
129
927
681
497
161
392
709
720
729
433
901
639
802
444
26
520
746
492
128
50
867
989
91
52
694
592
270
404
90
703
234
452
455
752
737
273
127
996
981
487
170
461
506
239
570
36
450
85
993
51
858
582
430
131
495
481
541
580
74
466
267
508
175
632
841
261
467
279
609
287
287
480
97
13
172
583
637
746
218
687
839
892
716
353
924
105
826
676
196
119
659
562
942
326
335
727
165
210
639
150
380
930
62
506
472
148
582
197
534
468
315
786
438
21
770
958
161
323
629
643
484
935
328
504
430
374
829
459
514
668
43
840
190
692
442
11
807
461
576
619
773
894
687
631
190
757
546
328
874
506
101
490
83
759
36
636
219
925
587
731
26
694
457
24
937
52
391
206
837
211
291
704
200
284
143
198
542
896
79
5
411
208
455
937
707
410
434
143
25
515
821
147
578
822
9
808
409
349
518
910
388
803
772
278
977
299
306
79
750
377
286
930
878
271
616
367
598
392
549
617
787
590
789
557
783
747
53
797
97
756
838
443
317
25
749
150
699
784
988
415
944
121
678
251
178
413
221
536
164
568
501
189
671
705
367
318
918
217
603
622
338
175
347
138
563
505
974
656
400
336
669
862
283
356
481
402
209
643
28
807
576
927
530
516
516
993
719
427
214
24
331
583
394
777
156
498
231
473
385
411
237
552
142
91
172
353
359
607
936
522
228
216
657
653
1
204
353
298
476
103
365
487
755
137
521
776
137
291
73
2
89
875
457
205
723
106
602
105
391
107
645
124
310
269
870
202
822
546
280
375
802
421
912
967
643
522
146
158
269
524
531
816
243
543
152
805
703
336
980
616
15
374
108
879
869
377
500
491
118
380
467
183
19
639
65
702
402
646
411
697
79
621
853
494
38
842
390
288
443
384
596
658
606
124
843
344
945
620
701
13
213
168
931
141
169
371
553
675
382
788
931
234
86
873
221
613
771
204
418
525
910
344
304
852
624
116
278
489
217
714
718
237
318
661
941
363
744
510
141
404
297
626
497
488
498
838
727
386
576
320
466
206
994
237
235
165
519
292
162
624
635
181
427
398
226
177
321
747
377
551
766
390
767
728
436
736
115
150
452
853
217
639
496
833
277
891
195
346
495
970
40
29
271
696
101
316
1000
419
524
937
17
117
472
966
228
659
208
724
251
525
50
96
958
218
866
587
844
146
527
862
707
429
194
444
989
234
367
150
795
928
40
526
827
400
290
690
529
856
692
321
765
306
701
193
394
161
885
289
646
396
204
801
643
279
171
379
213
544
569
327
1000
507
640
659
958
608
309
439
655
312
71
270
688
922
162
93
125
718
807
498
69
193
485
411
710
768
283
80
164
845
52
638
106
848
411
858
630
598
989
373
406
703
346
264
772
250
351
811
475
671
815
685
438
911
109
340
833
980
344
972
474
950
466
763
789
883
536
206
385
126
525
819
477
610
995
22
586
265
915
557
679
573
758
509