1000
5782
6497
2461
2095
6651
1507
9935
4079
4822
1337
112
5783
8284
6932
5351
5093
5491
9478
9041
3360
8152
5926
6862
3741
5630
8287
4596
4295
1431
4525
3512
5948
6819
1675
6292
8488
352
6152
2101
236
962
1982
8639
5854
8049
1991
2375
467
3195
6879
7090
1743
8803
5548
4774
5530
2651
5345
9685
2434
8383
9522
4937
2597
2066
5841
7587
7976
1587
5920
2102
146
3961
8672
9454
8700
9774
7850
3208
1666
54
9870
5442
9565
9752
6418
3581
298
8743
8897
1850
6331
4840
2437
5616
2462
609
1550
1258
3417
1440
6535
6129
995
7469
6264
1196
48
5024
9338
9092
4513
5705
3280
7049
6342
9299
4070
1047
6603
6727
8510
1349
8440
4132
3915
8723
1210
2445
6730
5169
7609
4914
1215
5899
9872
3199
765
6111
8335
8205
744
5605
2840
4043
2155
8035
1394
5831
4034
1455
106
304
7817
5110
6039
7080
6487
2153
5043
1629
3433
6637
3910
4923
8888
3711
7985
8259
8229
6655
3280
2191
8200
138
6745
1515
5943
6246
4104
9058
5189
3411
3171
4448
3736
1211
1798
8999
9050
7507
5509
3224
7848
5928
2657
3192
4924
9328
4470
9509
6081
7380
5393
5066
9404
3199
4198
2977
2412
657
7869
8931
4481
8621
9786
2720
4212
1642
4039
223
5521
101
3417
4286
9731
4824
310
9145
8189
7328
4234
9062
1542
7450
7856
6856
7368
5134
9029
4205
365
1990
7269
4753
3786
8017
6531
5421
37
2935
5096
1299
1490
6756
6690
9699
5164
9021
397
6356
9411
7528
6407
1807
7569
186
8361
1853
3775
3594
3042
1199
8549
8801
5813
7061
8894
3418
5766
1365
6277
2889
354
613
7316
3092
438
3894
1860
6511
5632
6517
3011
1812
8110
8940
1367
5428
2837
4899
4067
3655
2722
2058
375
3282
1532
7176
277
4221
2211
9912
3160
2164
8145
6379
2557
3420
466
866
9562
9581
8975
8847
4590
8810
9826
6360
5850
2422
3856
1544
8091
3790
6453
1825
1072
4691
3999
1000
3152
8021
295
5382
902
3407
2117
7573
3524
5970
7467
1930
2872
7573
1851
7602
3140
7491
7896
5218
1801
4589
7145
2687
3582
7611
2617
6905
9819
537
5919
1256
7027
2791
4600
1142
7172
2992
1668
4771
534
4261
459
7462
3595
8268
1362
4551
7320
9889
583
6613
5561
1631
9488
7133
7853
3991
3970
3479
9699
5570
7181
3166
5410
4028
4358
4812
6993
3959
9942
6
9012
355
5778
3553
8931
7300
64
5794
4442
217
8130
8649
6366
7233
1632
1235
3517
3724
8889
6362
974
5056
504
1925
6551
4192
5618
4012
3343
7699
8111
7322
9525
4924
6434
6394
1335
4746
1043
3169
1524
4799
1524
2383
6633
9243
1650
797
5662
2854
1623
6292
9679
5263
8466
9312
3592
4255
2564
9892
2133
2240
5186
7852
5525
7524
8610
7040
2968
8319
9832
6514
8416
1497
2171
8969
3501
6969
381
2368
9672
1368
1401
7729
8265
7575
4428
8195
7571
154
8189
5523
5991
4846
4938
3898
9848
3683
7588
7451
3034
289
2148
9969
2678
7254
7132
2142
6321
1564
7177
901
7898
7699
7978
5380
8485
8562
5389
5122
1314
2389
178
4087
3152
4067
1027
5821
9871
4447
8631
5351
6388
6546
187
7356
1829
624
1565
3459
6139
9778
6045
8982
4502
263
2151
2331
5659
6697
5291
830
4618
2286
2860
9507
7681
7016
6829
4997
2975
836
1675
1153
1402
6673
5198
5784
515
9555
710
1957
2803
701
1575
5123
5304
3816
7157
416
891
9752
5913
8721
4842
1825
8609
1854
7741
9749
9512
3060
4915
8253
5711
4286
9107
3924
6115
6341
307
21
2422
2513
714
4552
9539
5221
4424
7712
9759
470
6667
6049
8287
5610
3782
1307
6157
116
2794
2335
1045
6037
1581
5
9411
6311
8555
7492
1032
8075
2454
2614
262
4033
3838
508
1139
4730
8405
9514
4657
152
502
3762
7268
4052
8468
9059
8345
2116
8237
254
6962
7628
5017
2107
3064
6758
2465
7780
4284
9642
6945
5814
1402
7046
7514
8395
6937
3509
7793
8372
2735
1145
5225
7041
7459
2610
7926
7245
1547
1117
2547
9411
8325
922
3105
2344
7222
6198
607
9950
202
3009
3691
7000
5886
201
2752
8136
688
270
9539
5734
9769
588
5584
8229
4324
8020
2305
5670
8971
1176
7061
2229
6310
4850
7168
5455
1677
1801
6446
5963
4361
904
42
9226
1393
8631
9347
2180
381
9394
8950
5480
969
7919
7502
1582
7017
3736
8479
9601
7164
6337
8791
9738
7272
2196
5278
3782
3355
305
7624
6978
7724
5507
7309
4958
2620
797
2245
4655
7150
4957
2464
8841
6139
4169
3084
7456
5660
1591
3533
4518
2091
1662
6440
472
9319
4130
5963
6517
74
3153
2942
2868
9146
8233
2749
3360
1186
4104
7061
1733
1844
5445
7655
6959
2585
4732
728
8330
4208
2009
6564
3704
9037
8521
2959
7438
7566
496
5459
229
304
998
1451
1774
8535
9205
3692
4659
4253
8365
8985
5227
7735
1279
6467
5915
7571
2707
2889
2250
468
9202
7778
5799
2019
6191
6519
7680
2392
8976
7337
6732
8770
846
6081
9853
4303
2394
7922
6781
6817
3109
5039
2448
1382
5717
710
742
5209
7590
3285
1007
1852
2006
8892
6964
8727
4334
456
5306
1913
3815
4312
3366
473
4483
9327
4702
858
599
8487
9932
4072
2432
4956
9533
4502
251
8357
1462
371
5955
651
8611
4025
5372
9625
7250
2105
4498
4232
3940
6499
8161
9652
9053
8990
3812
6556
8325
4931
3080
8323
1250
3869
6248
3784
9703
5097
7206
7643
3564
6769
4619
6648
7791
2132
6583
657
5031
9602
1764
2096
2333
6554
3685
8440
9350
7102
4627
9236
6510
8860
668
422
3183
1990
5501
2874
2991
4632
7067
7657
6393
6834
3325
8855
324
756
2287
8475
9083
7083
6597
232
3424
1019
4589
6441
7912
3086
2076
99
3726
9893
4393
6369
4173
1430
