1000
6099
6060
5191
5036
6059
3680
7683
6546
5921
7872
122
5290
6591
6039
7233
3182
4387
5838
2438
3977
3393
420
2096
6862
3154
3982
1940
4026
2971
4141
9226
9486
4614
2154
3805
5007
1880
6099
9619
5694
8010
6336
7981
7411
8483
9640
2283
5896
1353
2739
4067
5273
5221
7160
1379
6615
7309
5523
9296
8715
2097
802
1814
9885
7952
9947
5193
5442
4207
6314
2784
3427
5956
4753
9088
8852
3678
4068
9782
14
2900
1124
5240
4531
322
5111
7560
3240
6337
2149
5923
3006
5054
4429
2076
4857
1147
5043
3624
1502
1187
7427
908
7414
8779
8645
5365
2721
9312
5473
4949
7626
5978
4795
5825
5727
4152
7676
4710
538
3284
4611
4840
977
455
2928
42
9834
8622
2709
8070
3561
6699
1248
8069
2901
6620
7307
6594
7749
7822
7610
1631
8356
146
813
5752
8727
1108
7908
1063
3918
9815
9506
8735
984
9541
1472
933
9098
188
6399
1531
7056
2899
7229
7975
9835
7767
2372
3320
1859
683
3647
7254
1046
4354
9399
6753
592
6486
5348
8400
9693
7346
1350
8628
57
3884
7346
7508
9591
9142
7234
6020
7647
7287
7835
4149
615
536
1679
3810
7419
3968
6877
6189
9599
2008
6518
7963
5363
143
6336
5428
2007
3930
8222
9092
6072
3017
6524
4885
7401
7684
5402
1576
3433
4718
2219
8413
7302
1902
1320
1636
2505
9667
6696
5574
6386
5772
9003
7494
3054
5213
9370
3959
8182
9778
1843
1009
9631
3583
2065
7398
9959
2203
6749
2936
8703
9963
4676
7
6121
5839
733
7308
2857
9097
5613
3296
8749
1731
9243
4903
3717
8926
5502
448
1499
4736
4505
2454
5231
1562
340
792
8444
2975
5553
6731
359
9168
5411
9541
5690
7642
4499
697
4394
6285
2150
4292
4811
2046
769
6009
1690
7768
1976
9132
6926
3019
3614
9929
4523
3684
1125
3342
9518
1024
6857
4408
9704
3494
2739
3190
2192
4179
6778
1853
2020
8440
382
113
4095
2910
6403
486
8571
992
1632
671
8222
9380
4969
2370
6712
8049
7641
4880
3832
7689
6979
5960
472
9715
1562
4016
7657
3951
2627
1892
1007
2347
5727
4929
2797
8358
2205
5189
8631
8712
9328
9458
957
6403
6391
8435
2232
2552
3506
6091
1819
9900
8254
595
7739
4951
2637
9810
4628
5872
5523
226
2779
7831
5045
3611
4477
6770
4041
7111
8740
5374
6927
3792
3356
3045
2176
8158
4409
9360
8261
5140
3317
350
7243
4407
1226
8941
6188
9316
6618
5668
1549
4380
1064
7168
4115
6411
40
1344
1240
7362
9970
4685
3575
9700
2617
5016
4932
7556
4031
7643
8177
8069
5175
4100
2055
4635
3735
2863
5233
3432
4151
967
5723
2902
5486
7549
2401
3895
9290
4656
2493
1781
7364
2620
6964
5099
4137
1785
1889
4695
2484
4873
3997
2495
7063
7962
621
4421
5586
6677
9440
8845
7197
5108
6317
6605
1299
911
309
7365
9967
3003
9901
5851
8062
539
8179
5534
4704
9928
3459
5236
3560
8658
3750
9318
6167
1198
9373
6875
2329
5591
8990
2728
8786
2299
2681
4585
8765
3739
3636
2913
7183
5319
2119
6680
7298
1345
92
2059
8135
684
9431
4353
5096
9024
4973
5592
9198
2216
8667
644
1596
5336
3138
1702
8078
4772
7906
6830
2669
9624
5389
2150
867
8478
8976
1264
8602
878
7320
4602
5165
2381
3204
4256
1894
698
2255
681
8651
7717
208
3126
3771
2563
8046
8929
6326
3673
4994
6769
2796
7754
7610
7437
7000
8403
5177
4147
2650
921
4286
1320
3096
2067
1377
6070
4387
5656
9285
5168
9448
201
5154
7961
6208
59
4526
2189
5829
5941
5603
2110
471
134
3246
8580
4215
4673
6779
7912
1876
7827
3835
8090
400
6525
5794
362
4716
9764
7901
3798
9695
9574
4363
1886
3047
7752
693
5695
500
2525
6659
2557
8961
3304
1003
9782
6773
5742
3349
8073
4265
4508
3500
7809
2007
3593
7139
3005
1851
5148
448
6158
5233
8387
211
7126
8795
5980
716
1368
675
8721
204
5227
3979
351
8605
9799
1391
9864
6636
7987
6889
2010
962
7543
1095
1334
7053
9198
5222
3740
3285
3971
2087
5110
6981
7599
4048
9328
150
7468
8641
1454
2183
7025
7947
9231
106
9001
7619
3855
1157
3263
5881
9191
9871
7905
6453
4041
277
9401
7546
2545
538
4956
4834
6744
905
448
2786
7440
9155
5513
7462
1347
3996
5954
2454
87
3682
5926
1603
1564
6263
4934
1301
2256
6982
6761
2054
4682
276
3450
6138
6305
2593
7763
8949
4241
3847
6601
4620
2659
9523
6378
2919
619
4084
133
288
2845
5582
7005
5279
1611
7187
6302
4121
5957
2521
8625
4487
4783
3588
146
8979
6027
2079
8001
8057
1576
8507
1923
4629
7733
3450
3427
9365
5323
5900
7688
5120
8523
6016
4283
5039
5262
4730
6518
990
4795
3688
720
9055
6380
5322
3175
4928
9486
718
8486
3693
8365
209
464
8132
7511
1276
5456
8478
2772
8963
4168
5588
8886
3247
9519
6151
8259
1021
4218
6580
9208
4191
5917
4699
6523
7807
3688
430
4668
8568
9485
9365
9917
3130
7620
940
1323
6135
8855
9160
5967
9671
3693
2070
6695
5028
3318
1100
5049
9437
2656
1514
1623
6712
3829
3242
1398
728
9098
6317
6105
3723
1844
6910
2841
4874
5569
6993
7023
7706
4355
7886
3318
2569
1682
409
7130
608
7711
9462
5468
707
7610
7282
8726
978
6381
5461
9837
5538
3151
1027
280
4399
7948
9398
9204
5511
8830
7441
7636
4225
6953
5055
1246
3587
8426
8409
1821
7614
8775
8136
7147
5700
6693
4651
4197
2371
6666
1292
2351
2807
9557
6069
5434
8559
9451
5905
7810
7673
9384
6667
2785
4662
1569
6489
5135
6613
8957
5408
9250
4094
7587
8149
4613
3851
6391
4253
7133
9014
7125
925
5240
7331
5651
7634
3102
5479
4341
1509
6048
9736
6586
4535
6737
1342
2310
2174
