1000
9225
6231
5036
2774
8345
9286
7077
7689
1096
1495
3936
8253
7690
7607
2787
6136
4992
6945
1827
4696
3054
6641
8617
3264
4052
4984
2559
8597
2691
8291
9371
5327
7772
9739
620
6582
4186
2532
8677
9202
6680
4904
1921
8629
3415
9208
7834
5530
9492
3757
1433
2234
6244
6841
3361
8652
1006
2165
5349
9847
2461
4885
5891
9121
3375
8366
7929
9085
7556
6776
5188
4332
5890
9045
4079
7638
7681
9526
445
7624
3797
522
8278
6515
9940
1450
6528
7081
9755
3524
8574
3785
2633
8424
5754
7515
1033
6672
663
7630
8193
3536
4055
9125
8281
9835
8268
6543
8711
8472
1039
1545
3368
2277
3437
3057
2355
1382
7043
8751
8915
7548
6325
4758
2579
7229
1927
695
6480
8659
5944
593
8953
4582
1485
8487
7082
626
2023
7226
4095
2645
6889
6934
4226
5816
408
2903
7358
4479
8642
2719
9494
1642
5135
3122
1893
6004
8922
851
6337
2727
7430
5532
2131
7756
5811
3439
3811
5416
861
8350
547
4153
3579
4444
8480
5918
8870
4330
2806
7569
7271
3648
2049
6473
380
8557
6240
8522
4651
384
4201
5068
915
4976
5884
8921
1477
1868
3363
6456
4160
9988
3002
1249
4792
5280
5452
9574
5037
8366
7416
9887
1356
9894
7358
8483
1875
2853
9399
4389
5880
8421
7751
6920
4385
5906
6151
5632
4391
2416
2724
9416
1213
7107
7424
4532
6220
4211
7180
6444
1504
7939
2086
980
1983
827
1758
4505
3812
7191
3709
5969
7921
3229
6993
5602
190
8857
1586
5342
6961
3492
4600
5433
5630
4783
6365
1679
396
5227
5375
8724
3745
7177
9224
4547
2248
3846
7701
9259
8647
4488
7213
4622
9095
4828
6751
8641
4617
8655
1893
294
8395
2483
7231
2566
7466
8768
7543
7724
554
3057
9744
1371
3409
3717
5577
6733
9817
8737
9270
160
602
5265
6092
5086
8182
1165
4684
430
3299
4631
3035
7943
6816
9653
7707
6803
2744
4783
1870
5175
9376
5413
9233
6948
1256
5594
1713
5938
5143
7936
5210
9949
6962
1025
8208
2433
1725
9820
9451
7624
2860
4387
256
6445
1615
109
6844
6614
4031
94
5777
9088
5437
1514
2927
1456
2578
886
6125
9164
2537
3967
4937
5061
6275
4133
8242
6940
8884
5831
1662
5532
2535
6823
7478
2351
5788
181
6397
2675
4682
4341
3392
9808
6667
6435
6867
7189
5995
4166
2274
9318
1774
730
2291
9451
83
68
708
9192
8726
1632
6253
7542
7304
3455
1115
8840
3233
6226
3230
2997
1903
5179
5598
6962
6444
2957
6844
2757
4618
8806
6440
5324
6991
194
7769
3738
770
9191
2795
1460
5441
250
1680
8017
390
289
255
2769
8139
5685
3965
7030
6629
4020
2540
3968
5866
3024
8353
1419
7902
2272
2657
2134
2825
117
8221
3769
365
1609
198
7478
2620
2285
8313
5046
6444
5338
1960
6159
7016
1291
3901
6055
5820
6952
2640
2606
2443
3861
2831
9570
2161
3583
6253
6603
7604
2866
2638
7513
1306
8506
4213
3011
8462
7205
5184
6224
9632
215
1399
9529
7587
2900
1217
3450
1091
7326
8241
8817
5370
1785
9213
613
6865
8178
8111
5902
6077
3065
2592
3179
7969
3892
5829
1504
7917
9399
1005
7088
7922
7726
2109
3365
2600
5730
2017
4509
8289
3542
5485
7035
1078
8065
9113
2605
7786
1570
7646
8641
4278
8948
7441
8546
2743
5396
7796
9659
8550
5271
3030
880
8138
9837
4412
8115
566
6446
5877
8849
1252
5748
8446
1756
9071
2076
9663
3538
8906
1658
7138
5998
690
6895
154
1466
3964
860
477
4062
1902
1419
6250
5219
8672
1964
6122
1339
9378
5376
9517
6655
3306
233
3824
2055
2528
5151
6669
7600
865
5284
158
7847
1507
1135
9
9577
1872
9183
2406
1152
829
151
3102
1162
1392
6179
6552
4758
5247
3882
7429
515
1117
6687
4047
3491
2760
56
9857
62
908
8206
1599
8971
8787
2862
825
556
9065
186
8544
8327
8753
8469
5428
1165
7860
2464
2802
2629
1990
7028
5673
7390
9330
5591
8125
588
5643
5581
1846
8002
6704
4552
2480
7054
3815
7436
2859
65
221
9463
9257
5719
5745
1641
108
6249
9689
8550
5152
7300
3441
4050
8041
2523
3362
3859
9478
4570
9245
1462
3043
895
3243
7599
8598
5721
8575
4453
2142
9310
9389
5565
1966
9392
3719
723
3478
9092
9151
4065
807
311
5976
4256
2954
8858
6991
9781
7840
5474
4630
7719
8991
2361
2796
9644
6776
5587
1209
3427
1003
1854
4542
2619
5568
8604
6784
3878
6303
6207
8522
9390
6508
2933
6762
8039
3330
4653
6540
847
1944
667
811
2391
4283
2505
8184
2550
8983
9997
2863
7892
1146
4379
7123
3628
5103
2078
5878
4670
3884
5697
1336
3978
2491
2221
4841
3718
8288
6174
1605
7889
1565
5813
8535
3697
6900
5407
8521
78
9166
8374
4533
2159
327
8830
9879
4936
8353
1591
392
9382
2626
5356
9264
5783
5981
2760
4285
6766
6551
6476
1364
3507
4418
6074
253
3027
5218
9704
5292
2141
5858
1066
9414
1159
4821
3289
6137
2800
3656
8658
453
2141
3141
3799
2829
8046
2507
7744
2332
188
8272
3841
7151
4705
3505
6317
3759
9247
6983
6793
1555
2463
7039
4697
2761
8329
2234
8636
2385
1088
8671
2379
7086
330
8598
1876
7929
7986
797
1114
3055
4083
3219
4413
3204
4494
1825
9615
9510
8331
7331
5227
8647
7329
2822
7920
8616
4859
8916
7097
921
5862
2770
7959
3762
7690
8875
5632
2252
53
2112
8006
3706
6150
4161
9176
2694
3858
5613
4321
3474
4237
74
5083
4308
5479
8647
2186
9459
9369
2517
5527
5381
8737
9951
2651
1923
4666
8376
6276
5490
7447
1210
3466
135
4783
7136
996
5501
9439
8821
7195
1603
4315
9660
3785
61
7574
152
782
52
1186
3780
8316
62
271
5136
9928
6118
7046
8618
5096
8738
6367
817
3751
8841
7179
