1000
1294
4112
4189
9943
1101
2848
2754
2749
4827
3687
7233
3555
2200
8675
2856
5044
8436
7747
5626
9263
1305
8153
2092
1490
6155
4167
2235
8210
7068
7067
4870
6519
532
6157
1993
7242
566
8800
4766
7022
3561
5637
3820
2182
916
6276
9082
9609
5970
3521
6080
6602
9636
483
5895
1282
8727
9900
9345
6451
7341
5474
5025
6632
6347
3254
8230
4508
4079
5305
1611
4723
1697
9294
8393
2577
577
1519
5449
4431
6609
3195
1774
9669
1136
4891
815
7110
1932
7554
9091
5687
4396
6381
1151
5631
7456
8450
8987
3108
6640
8308
7191
3068
6801
6999
6939
5268
4247
7437
452
5898
3746
409
5900
1512
7942
4755
3210
1506
8896
842
5251
4182
1694
453
1294
14
3716
6877
2427
6412
2174
5320
6370
7818
7474
1583
3987
4681
5757
6855
3005
3155
2644
8149
8961
4365
2491
7153
1116
8443
3785
8428
8670
1958
4555
5567
5227
3895
3018
1524
5069
8483
6488
2934
5851
5507
8644
1577
1426
643
9625
1610
7290
9258
2857
6793
8788
4778
5932
362
376
459
163
9077
4151
6620
8998
3160
4150
8691
6992
3041
2237
9594
3832
8715
9615
7702
360
4009
6798
6760
9431
8503
8214
9167
9315
8908
2373
4045
3118
4219
3928
9471
4065
7673
5020
1395
3733
4824
4275
2257
6827
2304
1847
9367
472
6073
7440
9427
8852
4942
2060
3664
4460
947
9744
7391
8683
7696
7279
2781
572
1822
8402
8003
2402
1460
2598
598
9912
244
9701
1768
8163
4798
2350
4971
9336
3454
3936
6137
9273
2456
2546
5628
3142
785
2167
8442
3082
1640
5477
1258
7747
7953
6012
4946
3752
602
9552
9904
2727
4455
8509
6462
5793
9975
823
2014
5848
2443
3748
7657
7376
5271
1369
2861
7087
1820
4322
9575
8581
7074
5045
6333
4051
2380
5571
8813
5639
193
9931
2258
2870
4488
6158
4881
3764
775
166
7318
2602
2534
4063
475
4401
9100
4227
4334
8849
364
1101
7481
5273
9532
2292
1886
1476
4964
2874
2743
6343
1815
7797
3641
7751
906
6081
3301
5650
9569
8240
9318
4159
9020
554
8644
79
6671
2055
520
8141
4485
1866
6892
8744
5634
2689
8991
2603
8191
7351
7510
5855
666
3136
7501
6857
6597
6160
9498
5968
709
5188
1765
5486
2001
206
391
8428
1733
7198
2400
9615
2235
4102
8212
7542
1346
7215
7118
9572
8710
5381
8486
9000
3655
1045
4021
6812
2343
9925
3597
608
7157
7370
3631
9467
5772
7301
9265
1196
8342
4247
978
5577
3987
5333
2912
6964
3511
1932
152
4108
3828
3883
5820
2601
154
9420
5669
2055
293
4459
4342
4614
8233
3693
8826
5117
4092
5734
5683
2984
6015
6945
3375
9211
9326
8057
4743
9947
4065
9336
1558
241
3382
799
2329
4842
3966
5367
9320
2587
7892
8834
121
6748
1886
6342
3347
8783
7090
8677
6075
4134
3733
8814
9056
9644
844
202
7355
4959
9210
7911
2328
7824
1726
6652
923
7963
6843
3686
777
4435
6465
5300
7049
9731
4981
3054
7869
9231
8226
8048
2208
7524
5650
2144
7758
3605
9485
5656
5310
1871
6718
9587
5590
720
4410
7489
256
6069
4146
6431
4070
2154
202
8027
6347
6822
3166
4098
5696
2579
726
8210
9478
107
9403
6161
2718
5255
5921
954
6971
6040
5909
506
1095
7927
8960
7109
6243
2106
3407
5240
8558
8090
462
8514
5071
5087
2948
193
7774
6662
1956
4932
1649
9514
9143
8855
718
4379
6268
1970
7632
5159
837
7156
6089
9549
5202
2071
1684
1679
4227
1828
5614
6253
6865
5696
1160
4022
9348
5955
3254
7158
9449
2833
5089
920
9925
2072
7120
4765
9116
7531
2221
5191
5171
1846
8263
6716
8128
2671
9704
8530
18
2064
8389
7879
9790
5485
6933
2748
4576
3182
3641
9929
1414
7517
9331
6279
2816
9018
1818
2858
1581
9586
7833
4249
2232
7220
6680
7254
5958
2993
1813
3597
325
9247
6412
6856
4036
2462
1865
2076
3006
9700
5196
9909
1032
6373
7601
3324
7677
7492
4107
119
9889
3079
7813
2954
3423
4155
8878
1937
821
9767
6943
1273
5488
6740
9021
9320
4766
2779
9655
2240
1203
728
846
2124
9360
4964
7584
6710
4948
3817
5883
8450
6374
903
7539
3441
2322
8525
5138
6793
4603
8166
5702
3149
3145
6937
3503
6294
5150
4001
3282
7693
607
702
2494
2017
4597
3428
9484
5508
739
7225
8193
5406
5401
3467
3451
2880
6324
7560
9418
8207
911
2284
2532
9982
8640
5782
9138
5036
8749
9464
2633
2438
8939
1675
6040
1195
8770
6808
7602
3014
5477
5204
6123
4466
4676
1407
6155
3166
4962
4881
9342
9658
86
6328
9133
8439
5773
4165
587
6694
7695
6263
8137
7282
3176
7407
9448
430
3986
6703
9924
6728
8312
8796
9766
8210
1127
910
3441
5683
7429
2271
4913
3910
3313
4202
5253
6458
7085
7413
6994
5696
5421
9057
287
4921
3456
2614
3066
1101
5540
6299
3311
5329
552
8177
3031
5778
7359
9266
9052
7451
9356
5752
1824
4731
776
8765
8343
5120
4072
3281
7346
2874
3019
3176
6742
7395
3032
8363
4640
3116
5497
1172
5131
6009
5437
4369
8632
1077
1832
3969
7146
5043
2815
9625
9531
3878
6593
9152
3973
5196
9595
5111
2387
991
3479
3324
8329
2440
5486
8372
2038
2806
9821
5863
2279
5831
8874
8533
9662
2264
936
7621
7429
8131
9199
4871
1472
3790
9202
562
6416
6468
3838
2206
4917
6478
9915
6507
1789
1806
3918
3832
3925
697
2251
7747
9559
2299
2999
8568
7358
1787
2236
2185
3871
4593
9941
7570
1310
8235
7737
3866
4813
1218
8276
2045
6066
2698
6707
7146
9930
9570
3325
9526
1911
874
3562
8886
1246
8764
9946
9782
5529
591
9004
1712
8436
5556
9292
8227
9453
5131
9300
6455
1168
6309
3494
1317
3111
9021
7046
2030
2492
5164
8962
6596
7597
9754
1398
7667
7246
