936	559	710
382	506	397
17	799	414
743	415	763
27	591	398
995	630	538
40	714	624
560	639	459
709	329	288
697	698	574
528	1	390
679	442	879
606	266	816
451	99	917
429	292	467
941	370	388
601	220	827
288	270	431
137	531	675
315	806	986
479	707	291
671	257	454
619	314	639
381	180	182
55	311	537
550	284	295
506	771	636
373	469	644
834	156	277
89	936	99
872	48	405
730	509	600
921	23	725
297	446	833
521	928	37
277	29	638
762	157	283
158	3	204
664	102	366
584	840	533
876	691	67
237	334	935
228	339	166
205	885	268
837	622	383
394	154	260
132	160	155
611	816	223
58	603	373
604	689	540
63	552	440
646	608	706
321	123	614
217	899	634
628	322	378
561	774	788
986	733	324
272	563	950
369	182	395
555	183	681
443	918	802
77	397	140
599	299	963
542	926	701
327	308	405
492	323	824
127	272	878
316	670	123
873	864	907
500	141	467
430	850	297
616	389	775
696	671	583
777	250	812
565	388	785
172	819	527
608	930	80
364	556	219
151	307	833
4	334	175
47	862	310
86	271	689
448	367	567
935	517	33
965	386	76
813	637	134
994	387	594
1000	888	655
786	337	223
647	400	116
293	2	815
211	729	672
685	130	138
261	407	898
576	900	545
238	105	957
14	769	713
449	694	995
100	289	677
142	657	452
254	900	275
157	142	242
636	608	507
639	944	374
27	433	101
773	115	474
260	176	865
861	952	519
344	503	241
1	563	284
826	892	473
786	947	967
599	235	577
318	534	318
585	994	87
588	792	951
108	504	130
287	88	548
607	611	528
722	672	540
375	881	447
409	724	796
302	945	807
127	748	690
242	452	162
702	528	46
52	458	296
594	156	473
956	905	728
595	751	113
709	996	162
661	894	1
187	607	961
199	825	978
1000	825	582
932	594	692
808	68	743
715	208	983
958	77	840
57	398	605
750	117	474
763	399	21
687	566	217
265	616	662
950	727	868
563	484	266
1	909	525
823	695	446
344	193	845
80	97	351
930	979	917
24	209	598
74	754	636
564	326	122
698	696	263
710	556	230
337	547	406
397	776	96
639	350	599
608	167	289
77	717	606
64	421	661
2	90	434
244	754	599
221	166	405
757	252	577
887	537	657
131	383	704
841	591	452
626	685	213
674	497	692
816	687	757
19	193	291
342	932	979
942	385	296
146	935	58
536	779	898
890	468	594
420	23	332
592	433	569
178	110	313
106	936	836
432	313	94
356	671	660
920	200	901
609	77	76
794	32	351
348	58	881
271	826	735
68	781	767
395	398	536
367	955	188
592	170	610
332	208	290
708	278	644
617	508	748
412	931	768
860	115	978
571	84	630
959	86	552
425	691	52
486	112	45
467	582	223
587	102	471
171	853	361
206	56	239
623	515	805
172	861	826
300	91	162
830	291	196
56	712	900
968	591	642
806	269	930
420	372	532
293	533	651
339	686	365
827	605	955
211	46	929
227	409	706
783	790	711
549	241	486
518	28	847
794	273	83
388	920	327
489	452	305
636	898	484
265	354	997
952	546	737
907	117	727
675	925	220
938	103	476
848	480	277
521	735	46
393	491	25
399	904	841
574	284	872
962	174	383
302	602	751
853	747	721
353	833	943
451	665	282
37	580	49
373	971	794
170	363	559
891	548	361
800	285	743
804	828	242
179	102	602
524	225	811
195	946	111
70	51	940
864	544	220
544	810	732
770	538	317
700	821	971
893	49	510
528	39	421
385	518	702
803	938	911
562	813	214
812	176	290
365	195	255
710	599	852
153	162	910
381	585	176
735	966	892
55	669	519
201	83	30
108	800	18
333	455	649
892	785	201
169	883	201
139	121	461
686	203	118
744	119	524
661	805	988
221	90	496
183	236	17
50	668	528
640	490	743
583	743	447
810	962	209
174	326	221
64	951	359
704	626	234
962	414	72
656	969	232
273	964	161
827	20	640
918	481	866
602	596	802
385	108	297
946	384	509
780	386	926
714	897	627
983	964	389
251	23	944
222	464	401
49	506	950
596	960	233
409	403	981
129	638	977
271	79	483
442	739	442
551	932	182
984	697	515
130	603	294
780	464	708
191	435	244
51	818	187
729	945	927
291	125	515
238	346	149
940	156	216
847	519	400
1	410	117
611	255	357
280	490	67
323	155	220
269	899	896
355	212	239
906	255	943
29	409	943
625	120	659
715	894	918
550	763	203
92	697	449
14	474	915
630	739	97
449	127	827
691	77	371
897	266	311
608	207	469
140	366	518
204	789	902
788	54	821
831	987	751
626	965	754
688	247	889
614	148	305
45	941	875
58	66	287
728	358	125
410	550	583
113	177	972
385	648	526
275	862	218
301	66	921
91	83	349
788	271	126
83	430	525
897	594	888
310	318	294
332	116	30
249	74	286
338	97	586
975	33	580
879	213	616
803	5	190
366	556	984
373	240	919
975	740	248
915	955	939
610	200	965
836	271	794
884	105	624
519	279	287
567	108	511
907	730	167
521	657	107
968	995	212
949	792	490
859	253	2
611	1000	356
421	894	412
905	552	639
598	759	391
28	798	916
750	15	296
958	625	354
681	999	254
905	699	460
831	459	765
136	297	183
519	195	56
323	300	633
297	422	147
978	370	647
970	567	741
231	706	928
248	563	802
260	178	230
174	511	609
243	963	342
972	487	387
307	4	121
995	881	917
91	716	723
705	936	874
882	168	397
54	930	173
439	488	437
757	531	325
428	544	232
912	237	859
614	245	740
693	494	436
922	585	738
751	946	219
734	19	212
45	362	853
297	608	813
626	705	728
457	828	394
386	494	865
740	630	280
539	746	872
466	623	174
888	122	925
991	871	456
996	448	889
214	62	231
623	295	591
638	412	233
184	956	553
133	997	424
700	814	30
984	384	430
157	936	101
499	536	346
670	325	848
28	459	996
662	518	540
198	62	545
808	307	305
296	713	282
988	224	288
483	564	430
577	533	761
181	735	437
589	97	204
85	541	617
363	473	794
436	117	468
9	953	921
157	235	669
229	512	534
882	532	907
86	732	301
802	84	713
305	647	172
725	717	739
776	60	124
518	225	625
361	227	974
130	9	15
887	266	120
107	129	24
497	25	712
330	728	143
348	720	43
818	817	131
134	842	356
400	128	331
568	826	791
211	818	344
535	852	595
42	484	796
131	719	720
73	275	428
189	430	784
434	945	775
20	591	894
507	107	585
63	259	525
953	942	258
138	909	235
666	68	452
107	31	88
280	129	351
466	426	635
6	479	86
171	970	582
17	927	70
279	441	864
345	281	3
714	424	332
120	15	592
181	789	385
820	593	539
152	910	810
153	200	919
933	716	514
983	570	987
65	122	103
589	346	979
445	908	160
568	195	941
945	728	268
781	615	966
455	811	108
580	811	408
557	798	598
298	296	419
365	210	153
333	541	481
342	867	963
185	625	724
276	879	434
76	62	853
277	625	454
900	883	425
34	273	689
122	876	48
251	989	468
66	512	582
498	253	303
7	273	127
242	300	404
976	73	809
422	791	603
284	481	438
689	336	426
567	9	103
752	439	393
487	36	917
747	895	742
834	872	835
506	728	198
559	15	901
797	894	429
638	363	164
586	469	426
253	306	646
223	173	297
375	843	285
109	467	120
219	303	574
972	704	353
640	827	823
635	685	890
879	588	958
920	583	434
206	171	708
611	94	950
172	749	478
583	127	896
145	578	314
638	198	355
545	657	620
691	932	11
766	464	215
712	893	452
698	998	6
642	635	380
27	65	440
397	467	729
996	73	957
176	328	461
597	383	65
256	287	905
152	86	316
155	25	413
295	77	989
433	282	553
133	181	821
707	80	533
893	213	980
604	865	322
374	940	666
955	813	207
983	947	309
818	835	359
319	353	530
932	789	896
338	784	817
608	744	800
332	909	102
951	736	874
86	385	792
829	599	521
128	140	982
849	881	856
121	270	415
28	49	138
302	337	597
621	658	691
10	567	632
489	257	614
308	738	253
460	985	313
121	640	851
825	640	172
689	918	389
887	190	358
389	916	542
559	378	363
294	395	222
249	811	353
306	737	497
280	396	124
793	462	275
146	568	760
624	752	466
515	613	854
852	623	5
798	255	917
889	732	89
179	432	243
155	258	67
641	501	131
636	670	924
545	374	566
357	300	324
978	109	760
649	290	142
898	241	42
556	129	613
778	771	460
474	51	564
384	284	433
989	886	278
175	550	509
495	423	188
710	358	44
728	897	431
57	929	827
27	331	462
28	752	74
716	959	589
230	87	15
522	813	355
979	431	930
402	216	828
124	200	652
13	632	485
825	215	852
228	596	991
171	806	277
520	115	904
346	642	14
814	615	914
855	995	977
162	429	963
980	196	482
858	235	158
150	672	514
28	690	507
915	720	507
255	699	873
356	405	157
221	789	515
276	587	122
253	809	571
890	51	244
529	878	390
736	844	619
173	903	961
370	80	996
926	914	86
776	648	68
986	946	899
482	59	887
860	987	145
134	340	782
926	429	187
185	393	153
995	705	247
827	585	338
790	279	398
785	619	264
235	573	233
425	34	262
116	83	602
25	202	221
322	46	749
111	106	247
629	756	721
620	898	198
353	728	65
565	901	769
289	807	383
324	514	563
670	548	835
955	798	305
401	900	659
754	510	213
874	557	477
154	756	11
423	425	599
305	78	128
670	182	122
631	817	37
662	21	249
623	642	798
366	560	737
418	45	956
380	222	356
685	639	508
886	295	995
367	85	50
945	855	371
502	230	462
943	448	862
956	760	638
410	93	569
788	71	11
415	400	243
211	341	150
874	119	405
661	636	893
671	344	880
436	460	129
403	382	238
258	27	969
678	111	76
820	499	316
397	248	414
476	41	66
827	352	58
316	870	456
898	555	225
559	73	390
693	749	376
660	909	62
794	422	798
490	733	786
125	836	364
275	387	572
327	781	820
268	573	416
960	85	367
858	506	815
504	885	276
361	19	604
148	245	270
733	301	92
350	69	134
800	688	212
153	579	425
678	49	583
346	126	564
606	179	949
510	11	894
147	821	194
771	124	512
406	895	888
185	659	155
662	352	402
850	745	312
982	814	540
170	359	872
432	300	467
592	523	254
660	667	967
814	135	528
90	483	851
23	45	623
355	782	178
523	506	463
697	123	925
465	187	540
148	894	691
219	753	1000
437	247	823
931	931	954
823	437	119
297	675	675
711	21	198
924	998	618
995	53	496
193	758	868
924	825	695
904	555	551
196	603	369
342	848	742
950	843	140
75	547	613
273	183	361
747	935	33
72	256	586
845	848	879
44	966	765
708	876	991
839	564	359
2	402	909
454	502	416
151	449	166
128	397	284
934	676	931
168	533	527
865	209	325
17	254	71
84	730	840
818	803	323
731	233	278
7	262	4
506	234	580
935	389	622
777	356	152
788	676	874
859	909	454
905	77	803
992	98	518
69	302	412
350	691	929
343	598	507
991	176	801
198	552	100
287	317	778
342	447	264
564	139	152
150	991	964
290	590	572
850	692	804
344	198	50
143	339	696
588	815	609
110	744	463
727	879	488
231	33	805
257	335	396
721	988	180
976	79	836
667	791	397
345	21	66
178	565	225
620	678	247
224	146	36
496	978	174
191	64	774
379	17	960
912	948	999
853	352	173
833	765	6
764	601	353
213	682	414
337	116	36
956	844	573
231	58	12
320	267	755
416	99	534
583	687	633
93	974	361
901	736	707
431	392	261
929	813	83
322	134	824
113	234	745
470	231	119
429	427	224
808	997	968
229	532	788
262	577	75
964	17	960
507	764	278
910	125	8
535	106	606
941	942	245
549	119	620
768	33	462
194	336	325
389	524	812
445	618	538
38	141	917
770	373	235
273	374	828
216	826	848
788	70	518
611	924	668
456	360	4
935	657	637
108	33	801
634	177	662
236	2	245
223	441	941
959	658	544
671	71	436
763	663	133
840	942	13
640	311	778
520	188	486
960	443	578
957	2	227
324	700	913
536	821	575
139	781	358
507	240	347
183	848	880
539	288	690
554	657	214
771	392	990
786	333	595
472	532	592
81	63	827
520	99	874
1000	348	73
694	701	895
254	776	632
309	449	844
87	209	861
939	219	730
418	650	361
991	900	897
742	152	34
331	117	397
641	927	110
267	252	136
437	597	422
553	914	994
944	428	492
329	899	961
866	450	809
344	621	192
670	461	693
748	907	631
232	100	199
315	771	534
534	416	113
140	153	405
738	657	89
237	824	318
457	513	345
88	386	718
282	985	75
71	863	491
859	345	774
710	339	357
468	612	734
598	253	166
765	962	104
575	189	439
840	627	846
784	205	425
348	484	948
368	639	426
842	181	116
559	386	548
720	42	740
313	862	22
396	31	665
832	838	962
31	800	335
849	374	404
778	518	275
792	970	22
790	478	420
71	368	370
93	300	353
333	565	717
815	541	667
940	144	231
704	466	8
622	426	487
508	935	753
43	952	7
707	359	172
575	705	120
422	886	298
268	649	503
179	54	282
333	795	131
594	182	187
64	225	493
60	623	253
619	326	605
542	208	956
549	235	133
23	935	783
362	10	586
167	400	548
836	297	612
543	964	256
998	431	839
926	329	823
895	658	753
134	257	439
25	447	585
372	796	10
207	830	516
839	570	587
85	486	717
921	383	977
753	582	318
617	461	430
968	887	344
237	111	563
916	664	619
455	484	762
837	644	108
66	929	480
639	414	360
565	750	568
633	749	840
294	384	17
634	710	317
492	613	932
156	370	339
897	718	899
758	253	43