121	940	224	214
273	584	933	543
405	347	430	784
955	924	456	818
245	384	636	261
838	27	905	721
812	803	770	946
254	329	414	632
401	968	118	615
967	827	441	23
456	222	854	687
563	184	30	442
962	36	866	622
803	693	222	731
946	770	816	266
72	878	241	957
59	986	444	757
635	570	252	441
41	23	291	234
497	538	331	462
60	188	952	615
547	751	108	911
755	967	594	518
762	478	512	793
893	195	294	266
228	707	11	521
627	399	508	511
456	820	209	726
675	57	213	550
278	664	233	365
902	393	551	374
392	811	260	38
649	57	423	362
282	855	380	225
308	350	230	666
134	930	425	33
965	380	786	945
620	62	272	869
974	690	608	580
710	86	747	108
196	192	181	166
425	192	687	290
955	208	553	199
119	584	949	351
317	65	41	317
991	178	164	760
203	66	643	535
874	991	488	285
530	437	754	407
866	345	725	844
193	135	733	107
982	777	278	515
645	169	765	577
340	257	279	164
400	320	347	629
866	69	730	113
378	292	748	169
688	952	786	163
509	10	103	170
456	559	239	150
563	59	132	254
461	802	103	952
194	34	56	699
659	181	896	702
412	608	949	677
849	32	182	102
592	786	164	791
758	189	340	791
747	654	398	827
704	339	615	858
584	83	674	934
282	724	394	861
621	319	375	798
57	292	718	146
273	974	868	700
713	607	222	197
171	645	278	300
305	972	229	776
350	656	315	65
335	695	432	523
675	221	490	220
480	869	997	5
537	230	525	186
292	931	593	296
757	258	434	397
728	554	930	941
233	837	847	34
61	251	521	737
120	780	962	713
596	682	458	942
414	366	266	806
974	307	944	344
619	332	866	214
114	766	810	780
923	820	660	829
637	58	697	722
495	789	25	732
769	170	496	784
56	200	515	717
178	495	77	708
354	386	1000	410
301	343	852	619
145	118	301	999
937	313	755	892
7	813	846	995
199	604	663	479
261	496	506	340
802	191	383	274
346	545	558	118
617	139	204	3
630	811	32	766
314	189	614	690
720	113	313	3
719	821	77	132
974	236	298	24
34	962	192	535
588	453	893	790
931	355	165	524
927	91	597	103
192	577	5	569
673	479	955	232
175	848	102	979
467	686	930	850
45	815	626	127
512	680	718	345
182	338	617	374
932	335	100	788
521	655	46	634
765	67	676	186
847	234	64	19
598	160	96	432
133	134	52	214
546	310	898	943
558	39	52	563
251	977	295	320
474	64	70	548
152	983	894	499
436	676	852	383
77	627	166	480
173	127	996	745
920	60	578	319
214	197	878	375
694	162	69	945
378	173	636	157
844	184	899	881
560	421	630	206
743	675	296	540
946	217	120	67
577	233	288	46
935	642	90	768
491	952	459	903
442	220	779	818
559	342	50	52
907	682	554	569
346	69	763	979
966	8	879	264
369	168	132	974
554	55	258	760
487	120	330	361
86	581	828	138
235	945	48	518
92	400	902	845
365	45	295	164
747	188	973	911
13	419	263	802
959	905	718	834
395	817	935	677
800	231	987	854
783	12	969	386
633	520	338	581
54	561	380	971
4	155	261	16
526	889	289	410
859	661	31	763
97	8	299	696
320	347	12	501
936	534	947	218
563	654	308	389
646	574	885	301
127	996	439	573
61	814	890	106
228	162	544	199
53	550	81	696
635	802	517	492
148	828	243	237
925	773	150	27
148	405	728	828
794	568	504	537
155	518	692	992
671	934	615	735
302	600	346	217
354	228	559	543
403	705	12	73
8	479	452	504
842	888	414	560
251	522	592	768
203	174	882	441
432	981	650	956
530	112	112	675
385	542	50	825
836	429	907	458
475	488	807	27
297	764	889	226
503	672	603	693
967	541	97	825
941	40	349	364
139	639	940	806
319	823	854	692
307	874	96	775
275	943	792	624
883	894	588	990
249	317	953	484
345	189	592	693
13	648	717	781
51	71	931	440
859	768	839	570
494	338	132	71
419	973	24	842
934	799	737	923
372	304	887	474
10	315	561	564
115	437	245	719
143	83	196	722
688	963	620	36
426	91	44	910
514	544	527	776
976	42	374	741
649	778	301	884
830	287	814	783
75	770	8	33
769	617	830	992
40	652	511	279
334	705	571	397
51	641	783	447
744	459	89	621
699	290	302	357
963	30	924	765
254	194	681	386
61	159	301	876
744	791	510	384
724	569	295	815
26	477	810	607
125	135	558	843
865	31	323	561
665	730	485	532
759	820	220	835
455	598	742	458
27	4	657	173
501	416	927	435
582	606	773	888
600	289	714	378
844	903	721	736
964	12	960	401
658	854	542	592
531	293	578	40
437	668	402	343
795	863	519	22
587	588	732	911
744	53	959	801
945	115	853	613
98	89	140	430
309	883	251	925
995	120	78	990
689	528	562	956
619	186	247	972
742	788	841	805
477	708	596	775
477	224	708	705
494	723	579	980
662	962	855	40
553	334	231	380
146	885	904	110
707	259	98	67
824	626	597	629
525	636	782	758
483	917	571	500
102	127	600	936
551	278	299	344
475	98	113	435
113	747	201	248
751	605	821	578
578	281	893	242
825	569	28	991
581	635	675	465
522	316	889	976
704	67	84	629
43	953	61	163
165	804	985	969
399	43	418	269
895	123	465	664
693	76	587	860
965	917	615	187
419	993	316	727
156	23	651	248
948	769	909	70
936	173	387	508
946	540	844	567
420	463	894	739
565	955	154	92
113	973	389	813
536	466	743	488
87	179	87	781
525	400	837	885
691	572	265	80
554	435	831	581
886	662	688	787
895	208	710	614
646	527	510	358
379	833	366	842
240	231	619	520
696	974	375	929
4	554	420	880
563	401	916	669
748	816	230	338
