48	22	52	63	45	78
22	37	7	12	15	27
71	4	71	5	71	7
67	67	66	2	48	54
26	42	64	29	20	62
12	29	60	42	48	39
22	70	9	58	68	26
26	51	62	46	24	85
33	33	18	61	70	86
13	33	56	38	63	31
26	60	18	3	67	28
9	60	43	43	38	75
4	33	33	70	70	68
49	53	44	46	11	24
54	20	34	6	48	92
36	66	3	53	45	16
45	51	66	54	28	28
43	61	21	5	31	49
28	70	35	44	36	71
38	66	31	21	41	66
61	69	53	60	42	19
62	28	14	28	57	95
14	14	61	66	46	21
59	59	11	64	56	31
2	49	45	53	31	66
68	60	15	17	1	42
63	41	37	29	67	48
22	20	69	51	1	60
39	10	66	65	39	51
21	66	70	64	52	42
51	62	23	33	58	76
57	20	10	20	64	12
48	70	58	44	47	70
45	60	35	35	34	32
58	48	17	21	43	36
47	36	3	50	2	35
52	66	13	35	21	10
39	16	33	51	26	28
9	1	22	8	23	87
49	16	40	18	27	22
66	22	60	7	30	59
34	21	2	41	47	76
27	13	40	28	68	4
64	27	6	17	13	74
64	13	29	9	59	46
6	70	55	1	37	78
28	26	9	54	45	7
45	19	50	23	59	23
46	4	16	26	30	76
64	15	40	56	4	89
6	64	60	3	65	76
66	34	65	3	1	83
4	56	43	26	61	1
54	6	67	50	50	74
1	47	70	59	17	32
23	51	3	67	27	96
69	60	69	64	15	9
55	67	5	37	62	19
19	22	69	19	31	58
23	50	34	30	38	70
68	61	9	51	60	29
2	44	45	51	27	71
28	53	48	68	41	38
36	25	5	20	69	47
23	29	20	41	65	14
8	14	7	70	33	99
41	59	44	43	27	67
64	46	39	61	40	24
47	53	25	63	19	56
38	46	70	13	13	63
53	60	11	12	63	47
67	37	58	64	32	9
2	59	6	56	45	82
69	56	61	14	28	70
5	6	48	21	61	96
70	2	52	34	55	96
44	56	22	53	24	53
26	59	58	63	49	62
62	52	29	67	50	30
2	20	23	19	60	37
15	70	34	36	46	47
28	35	3	12	25	28
42	27	33	44	8	44
11	3	30	54	69	57
51	4	26	28	67	55
2	39	58	3	63	61
16	56	9	17	53	8
27	59	60	52	26	20
37	52	47	64	34	84
31	59	45	43	55	62
28	64	52	53	40	30
52	55	38	8	68	3
49	50	1	58	27	6
16	2	1	17	8	50
22	47	41	57	62	61
43	53	18	24	63	16
28	36	28	13	49	37
69	28	41	48	36	26
21	37	58	21	13	60
38	47	10	29	56	81
66	68	5	23	64	65
25	25	63	49	54	90
46	8	49	66	68	86
45	25	37	59	3	35
22	52	58	51	42	58
46	57	17	18	61	50
6	59	40	19	57	20
11	1	35	30	44	61
22	46	18	54	67	56
19	23	14	46	1	37
30	59	65	3	55	6
60	42	62	61	21	47
66	1	64	58	21	8
32	65	44	46	50	11
7	69	49	32	64	36
40	63	5	33	56	16
34	55	22	40	24	85
29	43	55	5	10	58
1	46	29	68	5	72
46	37	45	42	50	72
3	41	43	25	38	34
45	61	15	62	4	73
25	67	58	5	70	57
26	13	40	60	44	41
29	34	45	46	53	43
60	65	27	18	66	41
61	53	57	15	21	78
28	20	46	29	51	20
21	36	69	40	31	68
2	16	4	33	14	89
5	34	51	64	36	60
61	39	69	7	7	84
7	46	48	26	43	7
34	55	18	3	37	65
28	39	45	35	14	54
67	68	55	64	15	5
29	25	44	6	27	91
48	38	49	44	14	54
53	66	53	12	18	59
26	17	47	48	29	52
57	16	27	54	4	27
59	38	25	38	43	100
5	7	50	69	30	11
67	66	47	38	27	54
28	39	32	12	46	24
43	53	33	70	27	21
21	70	26	65	17	75
53	60	61	9	10	53
62	52	65	63	2	50
55	31	58	68	19	5
45	13	1	43	16	19
51	61	26	9	29	17
43	37	23	2	10	30
66	23	59	23	62	27
64	57	22	25	50	79
29	37	40	48	13	59
30	6	27	65	46	87
4	49	10	62	54	60
5	56	20	11	69	41
31	28	65	16	23	78
40	56	12	30	64	57
29	61	41	64	44	100
50	50	46	48	14	37
15	6	66	36	40	35
63	57	59	24	34	60
20	32	43	11	54	96
1	51	26	28	44	83
43	43	65	53	59	62
36	51	52	31	21	76
32	11	36	40	15	99
56	54	18	3	52	14
62	57	44	63	12	93
40	20	8	56	46	61
66	25	36	56	69	26
48	11	54	16	58	1
54	52	38	37	38	7
39	2	55	21	53	80
53	2	12	13	39	73
13	43	44	26	17	73
7	48	34	2	70	20
65	50	48	8	28	30
22	17	21	57	50	91
32	44	9	39	11	33
65	17	10	61	33	59
45	6	60	2	46	84
27	29	21	53	34	38
58	19	63	61	8	96
15	24	3	55	48	49
60	27	66	11	44	67
37	10	63	59	10	10
66	48	22	30	32	33
23	4	35	43	21	49
42	8	1	57	26	46
9	50	25	23	9	90
32	35	48	13	41	15
32	12	24	52	58	29
19	57	24	18	42	14
64	6	68	15	9	38
55	29	41	44	22	45
32	5	29	34	50	79
58	51	32	55	21	29
44	13	30	11	60	28
13	36	23	62	10	91
41	70	44	40	29	43
14	15	65	55	6	37
38	23	22	7	9	55
7	23	45	32	65	57
36	54	6	39	25	59
64	69	63	4	55	71
64	15	52	14	13	49
18	21	44	22	11	96
49	38	7	21	55	86
25	38	64	27	57	57
9	24	60	5	46	37
12	40	57	41	10	94
24	44	35	1	27	83
48	51	5	4	11	14
21	63	10	64	1	24
61	2	40	14	55	19
62	23	4	54	55	22
22	28	22	66	15	99
36	48	58	45	26	56
67	39	27	13	41	98
67	37	58	63	10	61
67	2	20	7	51	92
16	68	63	65	15	4
47	13	8	55	16	74
25	70	6	42	61	6
42	10	37	1	50	84
23	66	23	10	17	82
70	1	62	30	57	60
24	8	3	45	8	96
65	12	21	67	38	19
29	17	54	46	59	60
11	42	42	29	11	31
8	18	39	20	54	10
45	41	56	66	61	46
41	7	11	63	35	47
66	10	23	64	2	93
14	10	15	22	5	97
20	52	58	15	30	91
60	27	66	33	65	61
52	39	63	22	29	74
67	31	42	50	10	36
37	1	8	9	38	32
62	4	1	8	64	71
19	33	32	13	2	12
27	39	68	44	25	13
65	44	22	12	25	66
17	17	9	28	36	97
19	30	28	59	38	95
55	17	64	9	9	87
11	15	26	41	20	36
64	51	38	68	34	43
61	45	19	5	13	59
25	5	5	21	38	16
66	61	12	69	69	62
27	59	9	5	22	78
4	33	33	34	22	45
30	21	4	59	18	55
58	28	41	32	5	87
6	34	32	9	31	30
35	63	16	54	19	9
22	67	6	34	2	54
34	61	19	13	49	97
8	30	43	2	51	55
13	25	20	66	26	7
47	64	48	28	31	80
28	67	26	46	21	93
6	43	48	53	6	25
24	50	21	18	8	4
44	15	60	38	48	49
62	36	58	69	35	16
2	68	55	52	48	86
57	48	1	39	32	42
64	42	19	11	1	21
11	39	17	4	21	79
50	13	63	14	45	72
7	28	65	45	20	95
22	34	60	64	57	37
23	36	45	56	59	78
56	51	4	44	31	53
40	55	41	51	2	27
36	42	5	13	11	12
66	49	39	13	27	85
15	25	61	46	14	77
37	38	28	54	29	75
21	30	20	19	65	19
36	32	11	61	62	65
9	15	49	42	32	39
44	41	29	38	39	45
21	40	47	45	34	57
16	61	69	35	7	48
64	15	22	45	20	51
24	37	15	54	11	2
60	37	61	47	51	47
22	28	37	21	19	54
42	47	20	6	14	54
11	27	31	60	54	9
38	56	59	55	8	76
64	39	44	25	23	49
29	38	67	29	38	73
68	12	3	16	13	34
24	15	14	66	29	44
66	36	40	45	4	35
23	10	65	8	1	68
43	38	19	60	49	75
6	68	28	25	42	84
41	47	42	51	16	84
2	42	1	1	28	27
9	4	20	2	13	61
11	34	48	13	46	60
48	7	6	12	32	13
47	45	17	61	20	66
30	59	16	54	27	78
54	13	6	38	36	13
65	65	36	57	58	88
34	36	20	45	46	79
40	31	31	70	26	90
17	16	41	14	53	16
22	64	31	32	45	56
20	2	61	46	33	98
57	70	34	4	10	28
24	60	28	25	20	37
21	29	54	3	68	60
4	66	39	10	20	93
65	29	58	60	37	66
35	33	53	64	19	69
48	1	3	52	26	77
35	61	56	24	13	94
21	19	13	34	65	82
5	35	55	44	57	31
70	5	64	46	47	24
42	20	46	51	53	46
7	53	22	26	66	72
68	36	26	14	24	94
30	21	14	35	66	51
34	48	45	28	4	7
50	11	34	61	21	37
15	56	22	52	4	94
31	65	13	57	27	69
70	27	50	13	50	53
23	62	26	45	23	18
65	70	7	53	19	32
28	40	63	2	43	16
5	49	61	35	49	78
39	38	43	52	14	6
20	44	11	69	22	2
12	51	26	27	10	9
40	30	53	29	20	62
23	43	67	21	65	3
38	45	65	52	17	21
65	8	70	37	40	75
41	57	20	18	12	9
25	11	44	37	63	69
31	46	20	56	1	47
58	51	64	66	8	17
63	15	2	14	46	28
27	51	32	61	69	44
68	65	20	44	54	10
31	65	68	24	41	63
11	6	43	36	16	36
49	14	21	12	64	13
21	44	16	63	5	83
6	38	36	31	11	75
64	38	68	44	54	99
42	64	53	39	29	30
12	47	50	59	59	91
63	60	22	68	51	62
52	45	34	38	54	61
11	28	57	66	67	35
68	22	9	17	16	72
7	33	37	59	51	85
42	33	45	9	36	85
35	52	18	42	53	75
69	41	31	50	27	52
2	39	65	37	68	24
45	51	51	7	38	40
53	14	26	62	66	19
2	51	9	13	14	47
34	18	27	55	21	11
38	24	57	10	13	18
43	44	58	35	31	58
25	61	45	64	16	59
4	48	30	16	48	29
10	31	60	53	33	90
43	27	2	43	66	84
17	14	38	51	40	34
18	16	34	56	42	13
58	10	40	60	16	75
1	55	44	18	50	92
62	22	30	63	53	59
28	25	41	53	21	95
31	58	10	38	18	42
35	14	20	42	18	52
45	5	30	29	46	27
6	63	36	70	70	5
18	13	64	64	64	98
48	66	8	9	6	76
13	15	60	47	39	16
45	2	51	39	27	88
38	32	64	59	68	87
40	44	46	38	52	3
57	45	2	47	33	5
48	53	13	57	15	75
47	63	12	44	13	68
6	57	24	15	48	53
64	67	53	16	27	60
27	4	30	47	9	9
4	16	52	22	38	81
44	6	31	18	54	80
20	6	56	60	23	97
53	22	61	2	23	29
12	30	20	30	9	39
19	59	27	56	70	63
39	30	42	70	50	75
56	28	53	45	69	65
21	16	45	67	67	22
21	37	27	56	70	73
26	28	32	18	25	46
40	53	15	54	8	65
18	4	37	68	27	68
63	25	48	24	18	45
37	67	9	57	49	83
20	50	14	30	60	85
45	66	49	59	17	39
47	29	47	14	4	46
41	61	54	18	40	61
32	39	31	14	63	57
65	53	52	14	48	3
37	4	12	24	51	3
67	11	31	5	8	43
69	51	47	19	58	60
69	24	30	53	15	35
37	47	2	10	10	54
41	30	27	63	22	41
57	61	48	12	47	33
9	36	26	66	7	71
48	51	12	47	16	77
2	14	30	41	69	70
45	41	37	33	38	22
11	16	9	41	46	99
32	35	28	6	31	78
28	69	22	15	13	8
62	43	52	52	68	99
50	52	12	62	13	81
34	69	42	47	37	31
21	18	70	23	57	88
2	70	32	47	52	71
10	9	43	5	62	83
3	47	7	55	44	76
47	70	63	57	26	53
26	66	21	41	8	87
7	17	20	52	14	48
40	26	34	16	56	86
40	9	49	18	2	59
20	16	65	38	25	75
70	54	3	45	16	35
24	12	46	63	5	36
50	5	20	66	52	2
2	14	15	69	2	59
47	9	10	14	46	48
16	17	27	52	70	16
34	29	40	27	25	91
42	36	18	42	24	61
47	61	59	52	64	62
43	16	70	20	31	72
47	61	7	63	37	42
10	35	31	52	34	92
29	18	51	47	23	54
62	26	39	57	30	15
5	32	23	15	8	68
10	39	34	49	62	52
30	7	64	24	6	79
42	19	46	9	68	83
17	15	8	4	30	31
12	12	44	41	20	51
35	21	41	68	47	64
15	54	6	13	70	1
67	20	19	54	28	41
32	67	16	12	22	54
13	19	8	3	47	26
9	3	16	1	16	64
61	19	26	13	56	63
60	60	49	41	67	93
70	52	43	13	44	92
35	59	36	14	42	48
34	54	3	45	11	44
47	7	66	59	17	59
56	46	16	43	54	11
32	20	10	57	9	6
3	15	25	37	47	14
4	3	19	15	25	43
60	59	49	46	51	70
41	35	20	12	29	37
35	45	34	31	70	95
17	61	24	39	41	5
6	49	44	62	43	81
32	48	45	37	44	83
62	24	23	68	1	35
67	41	19	53	63	94
60	8	14	32	30	75
57	37	70	68	37	71
31	19	21	68	9	1
69	9	66	14	50	91
33	32	37	67	61	8
58	50	59	10	34	47
66	42	54	28	59	19
55	58	24	35	65	14
61	10	60	1	2	24
70	24	54	14	41	1
54	24	63	23	8	62
6	20	2	61	32	64
63	3	10	62	57	53
18	14	13	58	53	14
1	68	7	1	7	18
41	9	5	30	58	80
51	32	41	25	3	60
66	59	28	62	48	95
66	60	9	55	55	18
45	21	58	54	51	58
64	51	8	56	2	34
10	28	9	39	53	28
65	29	35	65	27	38
5	70	1	2	57	46
27	57	46	55	24	96
16	52	46	59	16	84
27	59	67	47	6	39
6	67	49	28	18	42
40	32	63	40	64	20
4	22	46	42	26	90
12	54	22	47	64	69
27	34	21	1	8	55
23	25	53	1	34	48
28	42	38	66	67	46
30	19	51	37	63	56
51	32	9	52	59	2
46	68	36	69	60	40
61	49	53	41	6	15
59	34	49	17	27	82
30	6	14	21	39	78
25	41	36	58	11	36
65	14	40	20	11	68
43	47	44	23	66	20
18	31	42	52	53	5
40	2	63	2	29	57
69	60	62	45	65	88
30	64	6	67	25	87
68	12	16	17	64	48
22	37	22	32	12	17
16	48	45	41	5	64
61	30	8	49	58	21
66	57	39	61	20	36
31	29	25	16	39	8
69	25	34	60	51	84
34	30	50	66	49	41
62	4	20	66	51	11
69	45	2	2	4	57
23	4	8	43	58	33
28	26	3	43	17	45
3	38	26	20	57	100
8	13	64	55	47	9
59	52	29	42	31	88
44	24	28	57	52	97
45	51	11	5	59	95
24	45	58	11	11	13
15	10	10	20	29	23
56	38	25	18	51	53
5	22	66	64	50	49
29	52	5	26	45	26
21	7	7	36	65	95
33	56	59	8	59	2
15	51	15	22	7	38
68	19	41	68	18	57
21	43	16	15	47	33
52	55	3	27	37	12
28	70	13	61	31	79
16	22	14	60	5	93
35	46	27	16	52	77
23	55	59	19	18	92
53	22	61	31	22	1
41	55	22	45	67	37
19	49	28	25	47	19
53	1	14	21	20	17
9	12	42	9	36	89
8	4	6	19	46	31
41	37	2	11	31	6
37	36	13	54	57	45
50	45	18	29	66	20
62	4	37	37	28	86
13	9	45	56	57	19
5	29	1	53	63	78
61	6	61	32	16	39
57	37	33	23	11	45
43	57	69	40	20	67
18	44	35	10	31	37
67	65	65	29	12	71
61	64	14	6	62	59
11	33	14	15	49	48
18	14	64	27	60	99
59	54	59	24	60	60
42	26	38	70	14	99
7	36	55	38	70	94
63	53	50	8	33	22
51	54	18	68	2	16
17	44	61	61	19	61
23	63	58	13	61	64
45	16	43	18	56	17
54	61	1	58	59	30
58	14	7	30	49	84
37	54	12	24	54	99
15	44	28	65	37	39
60	63	61	52	11	43
20	70	46	61	19	66
41	54	18	41	50	5
12	57	4	32	50	48
17	15	38	49	44	54
5	14	15	63	69	5
11	46	25	16	19	53
16	27	36	62	68	81
9	10	35	58	43	15
32	54	27	66	12	75
8	9	69	52	21	99
55	25	23	30	26	96
55	36	65	18	25	26
46	4	31	20	69	48
26	27	62	69	18	66
61	67	38	29	58	78
39	21	5	30	36	55
37	55	69	24	19	47
56	52	1	35	45	48
38	13	21	6	40	2
17	15	14	23	16	3
4	34	23	51	12	35
62	63	60	17	2	58
41	65	18	55	43	21
4	19	49	53	65	41
63	67	19	8	40	21
53	38	65	66	6	49
59	31	15	37	11	9
28	69	53	36	14	92
23	55	7	10	9	4
4	46	19	4	4	88
3	25	27	2	53	69
26	63	33	36	24	72
37	56	49	12	34	95
31	14	38	27	16	37
67	23	65	65	20	65
34	5	7	47	47	64
70	16	5	44	28	31
55	42	42	49	5	10
40	53	32	7	8	13
58	61	37	14	55	47
25	67	58	50	56	44
40	58	56	13	39	82
54	38	44	59	50	86
48	53	41	51	14	39
30	48	15	68	66	44
18	25	3	8	55	13
57	31	60	30	14	55
32	32	30	61	20	97
8	28	61	57	51	32
10	64	57	2	49	13
34	27	45	48	47	84
54	13	63	42	63	99
44	13	64	54	22	33
49	4	60	27	59	91
69	8	32	4	45	37
57	19	35	46	54	20
58	26	60	12	21	79
25	29	23	24	18	26
32	38	14	19	14	93
47	23	67	14	16	78
31	63	33	70	41	9
64	13	34	32	45	58
57	31	36	6	18	58
18	55	58	42	25	1
70	5	35	49	27	98
41	31	38	69	55	72
37	68	52	9	5	61
67	64	45	69	47	77
53	62	67	2	22	25
64	8	46	67	25	13
68	27	67	39	58	45
47	43	14	31	6	74
20	28	16	60	42	59
10	11	40	56	31	90
58	32	9	25	37	55
7	38	45	25	48	94
4	43	21	49	52	78
15	51	64	52	29	90
38	47	61	6	24	1
55	70	32	16	68	53
63	22	69	8	13	66
37	48	28	60	38	90
46	50	64	38	37	65
60	31	38	46	54	81
70	49	45	59	17	21
26	67	12	58	16	92
27	51	58	61	60	37
65	19	47	42	51	67
62	12	34	59	39	65
60	19	23	22	64	50
4	1	51	8	10	54
69	41	60	12	60	48
31	14	60	57	60	1
70	47	28	61	5	94
69	45	1	11	59	6
2	30	26	66	35	53
37	64	19	17	14	66
9	26	6	54	52	63
55	19	46	13	41	8
55	70	35	2	18	66
35	8	24	8	16	78
61	56	18	40	49	89
41	40	26	52	45	20
17	11	57	15	8	35
54	52	67	2	62	78
56	69	38	1	58	86
34	1	3	28	9	95
65	45	19	13	14	56
48	37	31	23	49	60
54	51	15	63	36	55
22	57	2	4	13	6
52	44	60	59	7	64
47	39	63	33	65	47
36	12	64	16	65	21
27	59	59	66	36	85
40	14	50	16	20	44
56	12	8	14	45	46
46	5	12	45	24	72
40	60	57	33	29	13
55	38	66	3	35	12
66	28	69	26	14	90
70	31	59	19	68	23
41	20	64	46	65	68
59	44	14	58	21	86
47	65	49	2	6	6
66	32	29	8	58	51
31	69	29	51	56	65
27	16	34	37	50	79
34	56	49	25	19	44
15	1	46	29	13	79
20	39	23	1	13	91
59	16	16	38	1	78
66	23	29	29	70	43
28	44	38	19	18	66
18	9	67	49	8	34
56	17	14	17	1	16
20	35	15	50	13	58
55	23	33	60	61	17
17	67	51	6	2	55
22	54	62	4	56	72
33	56	20	48	38	81
70	8	32	52	70	34
4	56	5	34	13	69
39	13	1	39	56	100
8	23	56	35	59	1
63	9	24	21	64	74
20	18	11	20	30	49
13	54	36	5	14	2
66	63	11	47	60	89
49	2	46	16	12	24
3	61	20	33	65	19
53	17	8	55	34	82
24	23	26	63	2	43
20	1	8	33	41	75
9	64	53	62	31	69
15	29	56	63	13	71
60	9	8	53	57	99
8	34	43	59	22	56
40	9	26	27	64	18
63	62	46	25	60	41
28	64	30	56	67	62
11	49	65	6	9	60
50	28	45	54	1	37
41	70	28	64	16	16
50	4	64	38	4	20
44	65	1	51	8	7
10	70	35	52	42	15
64	24	51	5	34	5
32	48	18	8	53	12
35	33	4	42	51	52
67	15	17	64	66	12
41	45	47	6	58	36
42	40	8	35	12	79
66	11	23	56	11	61
34	46	28	38	23	54
28	35	69	12	23	91
37	68	7	44	51	37
8	29	35	68	2	29
29	35	59	52	70	9
25	5	36	45	64	4
19	55	9	11	54	35
47	59	7	42	43	58
65	24	68	20	46	84
70	21	62	24	63	22
70	57	2	42	27	3
11	20	19	23	18	15
65	54	69	22	43	4
44	67	15	4	41	55
39	51	17	19	33	7
38	54	56	35	48	37
49	30	38	63	51	10
16	53	70	39	26	55
47	61	18	18	34	87
21	40	42	12	68	10
59	11	5	48	11	38
8	54	40	15	45	81
21	25	1	27	27	45
13	63	27	34	67	98
65	10	56	58	47	57
54	41	8	61	69	24
65	3	54	20	32	82
16	35	17	56	45	58
54	67	26	56	25	21
22	61	65	18	65	47
9	35	58	35	62	36
38	33	5	19	70	78
59	70	18	19	68	78
11	8	64	10	38	6
28	47	64	56	18	38
41	70	8	63	21	45
67	37	24	24	53	48
39	22	57	56	17	25
17	14	49	67	8	33
16	65	65	11	63	43
29	25	24	60	10	64
31	23	26	52	38	46
56	28	23	59	31	73
31	11	41	31	39	87
48	10	16	55	32	20
30	69	57	57	57	68
14	30	68	8	55	96
31	19	4	41	23	93
33	39	10	40	21	23
52	36	24	61	15	93
23	3	12	27	23	26
18	54	15	20	9	35
27	49	13	48	36	84
18	60	57	19	5	78
11	55	57	8	4	97
8	54	37	5	26	80
14	1	26	36	48	76
40	9	25	45	13	70
42	47	22	36	17	21
40	48	40	17	11	25
42	31	14	58	12	72
31	8	19	7	2	100
17	30	39	12	35	66
41	25	3	27	41	50
8	12	59	55	10	33
65	12	19	25	65	50
35	49	48	43	38	19
28	49	46	28	14	20
34	27	55	36	30	15
64	46	8	42	56	40
31	58	23	41	26	32
38	45	32	4	61	12
58	69	56	10	58	58
3	45	26	58	14	18
46	68	4	70	14	51
55	31	29	6	7	40
9	38	2	10	70	58
38	3	55	37	16	13
37	34	49	41	41	1
62	5	55	68	32	39
17	3	6	42	60	87
13	23	54	34	14	40
10	46	46	5	58	30
19	47	66	12	54	60
43	47	3	47	30	89
36	62	38	51	17	56
35	2	63	5	57	36
55	29	19	70	52	13
64	10	57	19	40	76
23	66	68	2	19	82
10	42	4	36	54	29
28	51	27	4	57	7
41	23	57	48	3	19
18	47	35	10	67	10
56	18	64	44	22	30
67	29	58	39	63	5
39	49	2	26	32	69
20	66	67	3	16	70
29	36	39	37	32	29
26	68	36	14	60	62
49	68	4	36	68	55
3	18	9	7	23	5
40	69	24	9	61	5
2	16	16	50	16	90
35	67	11	44	37	89
24	68	22	55	40	17
3	27	17	18	67	98
67	59	17	55	34	93
44	13	44	38	61	49
66	55	33	60	33	17
1	46	30	33	4	56
39	55	30	55	8	31
26	31	70	9	40	77
61	52	55	19	39	53
21	27	44	12	27	20
1	9	6	3	59	72
54	26	68	35	10	93
2	35	5	41	41	15
24	10	21	65	6	42
60	29	53	52	15	91
18	2	64	5	3	56
50	36	62	12	35	45
10	70	50	54	63	6
39	16	42	28	20	27
42	12	39	59	64	3
53	63	6	9	40	59
29	3	68	57	68	70
35	17	32	44	12	39
47	54	54	68	70	19
57	45	15	29	41	57
2	39	51	58	8	53
17	28	22	54	50	73
40	32	38	6	12	10
40	28	27	60	11	6
32	66	20	15	68	67
65	17	27	70	3	53
70	50	61	37	65	25
57	9	15	33	62	65
3	7	45	46	42	44
65	63	2	45	42	43
42	11	69	17	28	66
40	29	58	44	57	79
35	23	56	13	33	7
45	26	39	47	59	85
8	63	30	9	26	17
28	7	39	34	39	63
1	21	28	24	60	83
18	23	54	59	7	37
32	55	64	24	34	49
53	32	66	61	14	72
14	8	70	41	34	57
41	64	42	27	49	56
27	59	31	37	63	68
35	30	43	70	29	13
54	8	43	17	63	76
65	66	63	41	57	57
29	8	37	60	5	37
7	42	8	62	46	13
5	28	20	13	5	13
9	23	58	34	15	90
15	25	11	67	15	60
69	11	46	32	42	94
16	25	49	53	51	16
38	58	28	12	68	66
14	65	59	56	15	16
56	36	41	11	46	55
27	53	27	70	30	7
23	48	4	50	54	76
62	35	47	41	27	26
51	48	45	45	16	60
42	47	24	18	10	21
55	64	37	8	12	39
70	47	60	40	70	31
20	13	26	35	8	90
3	45	5	29	54	95
31	41	33	34	24	58
27	13	20	22	46	53
16	55	66	67	6	96
8	8	45	55	46	80
49	13	27	54	64	43
59	43	15	66	65	28
53	37	45	64	1	57
63	30	9	7	9	24
39	17	61	11	65	64
30	26	46	39	23	36
41	27	40	20	24	99
58	1	44	13	22	34
25	43	20	9	11	49
8	52	48	55	33	97
40	20	42	51	32	48
54	52	64	4	35	41
43	7	50	33	14	11
51	45	32	22	61	69
57	5	33	47	25	34
24	70	2	14	16	49
4	54	65	25	58	86
33	31	25	26	47	67
40	49	18	33	60	88
35	50	30	50	17	93
4	36	54	8	55	19
26	5	38	33	14	82
8	21	4	56	1	13
8	67	59	55	48	78
66	12	3	54	13	84
9	48	46	39	9	57
33	20	25	49	30	32
30	19	61	60	62	55
26	3	33	55	12	30
26	52	63	16	68	58
38	19	3	2	5	73
19	47	2	56	41	12
52	62	48	52	46	67
49	25	58	24	26	74
