1000
416
655
462
804
535
685
808
701
47
238
256
50
408
585
690
186
160
202
265
949
637
80
110
467
323
139
711
65
704
290
94
217
423
216
444
157
331
232
951
813
389
202
209
83
961
896
841
100
76
750
389
582
95
345
915
510
642
574
824
484
905
542
481
153
915
193
346
687
843
302
241
252
858
740
58
119
73
195
427
32
864
870
449
260
581
892
949
964
412
255
680
243
978
701
493
326
52
409
532
330
683
53
662
597
542
260
975
837
728
681
414
693
414
472
762
790
543
888
821
210
495
117
368
381
449
720
528
296
940
910
241
252
84
166
581
409
834
782
924
216
607
285
679
633
717
700
746
127
152
602
506
112
463
617
921
269
438
242
17
565
994
771
452
136
124
342
434
370
810
146
312
290
982
953
253
401
104
203
309
712
441
865
711
639
887
173
505
81
942
662
971
303
959
715
918
387
106
130
909
353
209
831
187
313
26
943
943
458
637
647
126
271
323
674
851
639
119
286
260
237
121
403
359
160
226
645
224
83
246
634
515
604
542
617
62
596
132
748
32
442
742
375
153
599
379
721
507
814
371
563
414
278
253
960
59
369
314
765
542
137
559
200
610
713
11
869
655
770
5
438
820
950
255
712
182
916
533
924
422
491
525
307
700
179
988
630
795
535
877
46
57
586
141
115
576
628
534
963
763
61
593
90
164
748
11
526
715
812
448
985
483
973
858
51
303
873
878
627
268
969
938
969
104
994
466
975
256
444
80
788
391
285
188
727
191
261
259
210
440
318
237
5
291
741
494
315
736
326
612
394
251
427
285
45
515
300
885
695
895
4
866
945
792
471
552
721
562
764
340
934
309
226
122
400
822
16
705
111
73
458
666
922
724
977
142
384
375
901
382
226
443
140
738
505
371
210
246
437
811
498
483
743
47
340
458
121
543
107
374
942
285
635
104
633
542
534
343
718
151
176
837
114
992
501
213
279
274
727
461
454
25
597
133
525
310
845
75
447
277
25
607
834
557
742
634
364
784
645
799
589
818
614
283
438
760
530
903
857
428
88
64
336
755
514
871
756
807
252
314
3
696
442
424
188
606
772
987
463
397
159
202
304
798
107
490
286
351
203
21
657
870
464
213
714
81
571
159
828
228
976
424
604
227
611
898
181
100
569
305
687
591
813
667
190
715
770
652
99
444
502
890
958
906
714
740
493
62
870
304
310
695
6
228
458
596
576
101
1000
687
569
556
659
755
866
891
658
803
886
164
213
730
151
41
29
668
546
769
50
183
82
572
367
883
203
682
983
388
629
514
168
672
625
416
422
947
102
460
336
272
366
63
735
70
64
438
503
433
101
957
929
353
656
153
128
599
3
348
948
975
896
858
992
124
496
659
816
14
74
307
650
424
176
150
905
910
395
442
671
754
566
551
458
1000
245
544
282
294
67
77
968
100
137
97
788
582
117
697
767
183
317
509
562
431
990
142
21
703
946
854
951
535
216
120
604
748
868
739
915
875
510
525
147
465
298
663
634
492
902
978
750
955
54
516
319
907
522
859
236
262
535
345
114
702
948
564
224
274
305
464
934
713
115
643
17
591
442
487
131
118
661
769
157
594
238
327
384
124
1
830
21
511
806
789
394
402
410
168
560
422
63
342
638
157
591
649
361
554
916
200
428
816
678
668
571
770
604
689
170
15
58
80
480
761
102
860
262
330
174
762
946
126
764
767
715
333
256
6
614
796
187
521
654
868
9
299
32
440
640
248
737
23
564
472
601
126
380
924
217
995
997
335
611
961
468
583
688
96
45
80
994
216
683
904
377
358
272
737
954
588
72
873
152
770
493
451
955
197
995
150
383
722
632
972
780
507
639
923
989
867
862
194
218
73
620
452
699
173
341
752
907
363
693
545
824
287
216
225
167
413
93
496
229
580
520
526
241
444
378
532
16
740
709
486
803
11
375
195
435
558
374
369
202
416
810
960
5
789
665
706
689
728
273
421
472
211
578
563
369
565
11
356
530
942
788
820
199
240
713
622
894
618
625
235
733
708
100
209
310
822
926
669
746
122
756
73
577
114
109
379
78
427
835
211
458
596
327
179
203
284
742
87
325
665
928
296
413
620
601
29
711
740
859
962
212
743
169
641
654
860
868
502
638
446
300
7
256
267
588
442
714
472
874
229
384
811
930
682
648
61
112
447
893
338
686
801
984
572
453
724
155
797
98
313
963
623
72
453
57
318
783
564
16
900
939
298
689
754
324
289
508
252
571
373
565
873
392
144
92
878
677
