10000
33
236
173
734
411
218
561
993
647
363
266
286
152
774
738
331
716
158
869
124
892
757
282
779
12
781
290
621
110
591
735
208
437
352
558
476
621
269
620
494
445
853
71
126
783
418
92
373
163
478
393
577
120
1000
203
559
816
827
235
957
169
271
388
816
406
863
295
220
232
509
600
83
456
460
479
894
785
296
268
53
737
761
342
720
435
337
913
231
76
577
761
610
830
490
902
533
752
181
637
902
336
155
397
525
187
980
573
597
942
903
855
284
258
648
786
247
620
784
896
424
186
464
395
184
16
988
213
233
710
185
893
93
359
243
932
746
266
570
191
457
434
404
802
514
504
354
300
13
512
521
423
414
638
391
490
922
913
837
389
5
966
693
781
759
604
183
142
29
744
956
490
733
73
633
801
624
385
952
580
605
991
390
410
714
114
792
966
944
142
238
146
549
80
935
902
460
171
166
489
183
289
548
657
640
247
700
110
819
436
632
609
141
454
9
742
741
724
295
849
871
494
107
160
439
833
650
708
279
127
664
987
964
737
556
251
248
93
151
532
592
243
659
243
292
467
286
615
743
590
758
781
587
649
279
54
318
755
186
257
336
656
393
342
585
332
110
369
403
235
993
792
677
987
746
563
68
581
788
137
404
530
854
408
842
752
299
163
104
242
496
870
540
946
264
651
147
410
490
637
660
586
345
647
862
258
642
644
582
998
497
153
120
857
555
796
895
126
207
53
702
299
447
948
303
492
451
743
479
844
708
179
719
614
853
388
760
14
505
265
335
580
693
447
431
37
30
680
484
209
369
696
795
498
572
875
879
167
783
152
834
224
469
673
550
56
169
792
891
607
565
977
553
623
225
599
594
995
661
788
658
101
5
387
905
668
237
282
495
596
169
640
229
665
988
862
635
124
880
782
616
592
585
67
648
477
761
639
177
891
74
118
546
632
635
977
933
40
729
198
291
84
611
735
701
322
121
965
837
152
168
419
496
742
877
834
83
645
679
814
256
6
874
231
878
367
711
452
116
496
787
784
523
884
883
116
37
956
625
11
201
404
279
171
818
895
967
670
841
558
766
883
717
352
359
341
432
30
959
38
83
707
62
126
977
863
28
854
705
722
50
681
56
962
420
576
634
687
887
502
867
603
355
288
942
668
48
346
458
703
850
801
679
380
59
947
954
176
750
392
495
895
399
954
211
400
463
281
425
239
111
769
609
472
441
944
788
610
776
969
217
911
591
857
97
571
776
384
807
984
82
487
13
667
765
159
806
129
688
890
513
675
347
794
654
765
59
915
466
209
96
579
233
407
645
621
269
844
878
216
513
981
588
585
547
57
565
149
652
130
26
694
784
925
251
986
121
651
747
304
748
955
980
410
538
6
301
791
136
436
57
383
876
622
56
202
129
239
896
631
315
371
220
681
564
290
117
80
796
31
372
979
201
435
339
512
571
341
903
918
181
695
254
94
96
684
930
296
512
333
242
558
22
269
595
118
513
820
208
467
232
523
585
361
456
54
761
731
946
357
448
400
117
705
775
274
740
404
366
111
616
846
565
748
651
272
28
137
171
510
69
159
1
987
808
178
731
725
961
604
619
202
434
705
478
881
333
203
374
233
764
23
916
368
475
282
706
561
52
735
304
657
741
265
865
196
395
293
990
498
957
82
441
472
988
562
270
993
568
410
108
563
360
288
814
261
635
410
527
685
482
776
609
410
3
788
917
431
577
974
920
220
53
220
923
184
254
152
932
910
585
421
852
60
304
150
841
426
937
265
153
380
642
559
598
113
499
479
917
527
828
932
52
104
245
18
593
376
652
528
278
775
570
689
80
945
214
964
777
736
73
887
990
658
556
742
183
877
952
99
23
507
230
72
74
831
991
582
847
91
695
694
462
642
463
467
701
808
474
550
263
269
430
527
631
727
521
873
632
659
822
913
596
572
132
564
672
594
547
705
186
609
137
528
576
709
546
641
784
770
106
80
111
312
737
245
344
181
645
201
353
690
149
218
832
388
929
175
42
5
924
670
944
814
879
341
752
683
120
881
279
62
686
721
894
129
622
505
570
907
276
469
91
826
988
364
26
7
948
663
759
357
279
358
193
267
328
48
925
2
190
563
809
229
173
910
334
524
532
850
141
652
196
922
629
723
755
285
393
466
263
331
524
613
445
816
134
625
331
918
44
285
170
183
818
161
937
713
66
472
406
578
919
969
625
165
123
791
35
781
261
564
558
239
534
599
530
58
919
758
847
102
746
543
396
894
870
569
231
653
45
119
783
605
386
156
263
519
270
512
50
968
50
682
754
852
236
759
743
630
407
323
361
90
638
274
6
193
37
703
284
728
683
223
727
150
900
395
313
611
361
335
424
777
437
667
205
880
936
226
936
765
519
15
582
621
21
719
910
567
340
35
268
229
880
653
731
589
148
879
466
864
57
832
256
113
780
573
334
191
866
512
276
23
840
293
182
51
786
108
854
561
305
909
790
842
772
404
83
486
566
580
271
448
620
838
635
552
717
698
414
189
822
882
395
284
251
857
657
515
96
982
323
962
688
235
761
148
498
783
786
69
121
550
1000
658
158
74
83
462
229
100
693
529
452
449
969
581
315
768
248
933
125
167
610
252
115
94
280
751
127
904
506
540
838
217
175
268
769
115
991
602
199
585
244
105
433
487
673
998
444
916
785
194
108
862
979
217
779
478
190
955
405
876
119
162
579
729
907
45
664
130
476
688
205
64
86
505
29
992
755
587
31
809
791
904
116
468
662
579
134
605
963
577
734
37
117
717
160
934
245
227
600
507
424
949
577
350
465
789
997
874
431
724
100
61
540
48
594
432
64
4
271
543
223
184
730
328
266
483
724
514
696
842
717
262
366
927
528
279
102
660
813
816
558
411
595
648
621
110
69
670
713
988
836
200
770
648
11
55
564
243
198
312
310
432
428
643
143
799
682
920
795
45
955
28
512
824
972
48
912
886
214
756
303
685
530
160
908
979
68
457
626
376
429
749
250
482
166
417
627
746
427
758
742
825
407
286
313
408
332
454
53
581
58
124
620
445
913
556
336
740
198
927
817
918
595
408
968
236
413
433
464
72
704
610
258
937
841
836
793
925
580
206
710
571
117
676
102
158
813
482
468
628
40
666
53
552
317
547
977
638
555
591
968
250
935
387
13
979
377
814
143
98
579
13
968
465
700
175
733
175
993
852
292
589
663
678
482
82
258
774
82
106
446
897
775
130
203
694
355
327
728
505
32
974
145
866
496
713
510
950
941
169
368
183
842
315
20
303
287
555
958
338
284
980
601
622
420
362
661
974
236
237
850
253
778
531
903
11
810
373
329
543
928
757
430
265
5
28
470
283
293
159
463
247
545
700
970
917
944
47
967
288
304
3
538
265
609
944
518
616
282
897
334
630
932
889
555
74
357
54
933
729
173
172
977
22
818
576
105
794
879
988
423
296
131
689
957
711
854
180
102
904
764
182
850
710
995
647
188
223
976
94
866
425
507
698
559
782
543
372
271
347
184
863
234
403
794
772
644
661
434
958
209
632
48
575
302
117
89
811
197
205
799
629
173
549
36
489
364
28
624
577
388
848
112
653
589
952
905
83
188
970
348
299
910
353
94
460
612
781
554
564
43
705
803
522
924
252
905
541
892
699
555
109
332
53
23
237
862
881
367
833
774
900
12
277
561
90
306
574
856
943
530
850
262
312
592
903
529
359
62
80
724
152
704
685
74
871
801
769
306
932
3
26
487
482
662
402
976
633
297
497
987
404
520
565
120
900
176
326
636
905
382
431
556
491
200
379
71
101
254
579
621
746
79
710
370
431
729
445
293
198
511
674
447
675
482
49
759
252
118
472
972
884
218
672
498
29
921
410
1000
230
263
105
320
390
927
410
964
276
65
452
590
803
982
658
92
434
251
75
764
631
332
758
875
515
852
495
423
746
861
548
758
948
665
251
14
628
854
692
453
298
992
93
595
384
815
879
31
124
26
805
290
600
750
57
102
175
870
964
136
440
996
243
928
483
471
777
568
679
165
678
739
991
397
911
763
851
739
534
481
842
825
490
212
308
285
956
506
265
624
653
185
820
798
26
587
79
608
625
639
483
703
252
254
638
381
316
326
390
620
21
423
324
881
875
2
382
256
262
265
531
871
649
306
575
981
665
822
349
851
321
48
819
831
69
688
429
206
396
885
557
666
764
622
981
954
373
673
412
612
75
862
593
34
302
156
100
216
446
624
129
271
476
165
762
27
499
25
397
375
355
131
915
250
231
25
180
864
635
13
800
977
918
871
77
264
135
451
58
805
588
69
92
726
607
839
915
917
516
789
246
750
674
848
221
432
958
495
862
581
961
7
290
261
820
742
718
864
683
817
324
376
819
689
732
134
844
638
537
789
664
201
302
892
139
788
563
619
563
14
163
490
721
623
236
664
904
507
255
238
775
954
654
369
760
241
448
966
643
35
950
169
465
390
711
202
779
878
471
755
138
904
982
24
927
828
92
872
823
39
393
422
272
691
486
384
557
928
125
743
651
741
560
757
424
801
213
130
690
961
515
480
580
415
66
428
53
542
677
113
271
501
515
606
671
847
253
826
714
489
47
512
909
271
38
825
16
926
507
800
741
890
925
367
775
695
790
472
274
527
48
456
536
642
983
255
348
332
158
916
807
162
514
15
330
402
172
95
819
351
459
628
229
754
552
139
795
78
40
498
29
844
367
514
851
63
759
496
314
562
838
860
953
787
732
897
943
817
444
455
772
250
60
942
873
867
325
319
196
514
215
303
619
511
753
60
880
372
378
989
438
101
415
383
406
410
515
263
892
812
72
197
653
237
466
479
284
813
983
446
632
46
66
104
460
938
57
173
209
268
667
736
46
331
887
187
833
751
769
454
890
562
2
326
189
23
605
558
758
300
418
373
876
557
861
160
134
889
204
387
711
56
648
874
746
557
632
722
856
982
81
980
825
658
906
986
164
818
266
339
996
62
536
268
659
176
664
800
527
361
219
847
437
193
519
739
854
568
46
359
61
96
371
632
13
563
844
798
343
542
583
717
171
994
646
111
9
267
641
21
397
558
85
404
264
356
121
443
383
185
301
66
331
73
651
52
53
856
483
410
239
923
489
50
566
229
539
379
763
388
733
132
109
615
687
387
428
635
704
434
408
620
526
871
999
64
940
941
232
998
415
300
99
781
589
785
161
980
883
285
896
317
366
593
781
964
838
910
997
352
461
147
82
542
499
240
603
804
99
530
196
418
716
81
372
462
442
722
905
333
54
979
225
600
782
458
664
102
118
802
58
214
29
807
236
394
393
183
466
51
897
525
580
52
124
317
852
139
233
552
277
644
519
355
879
785
93
447
25
831
816
483
566
537
585
456
516
897
697
670
67
919
353
129
62
919
59
659
432
159
317
100
324
913
651
801
179
830
268
697
279
684
813
529
47
724
333
294
94
397
929
487
821
555
141
493
716
304
461
726
255
241
414
432
289
35
170
240
929
251
571
203
122
582
1000
444
613
211
486
810
899
405
761
981
926
221
486
540
354
799
214
701
856
473
406
210
980
981
14
71
415
979
454
597
478
110
853
56
556
838
949
232
430
567
520
599
655
300
350
970
64
608
676
916
643
324
787
300
721
78
105
366
580
749
334
875
509
49
571
464
234
333
856
949
550
739
45
455
170
474
280
954
183
265
844
638
512
474
589
942
498
193
700
923
590
381
182
594
103
854
23
334
428
27
662
92
844
940
474
219
585
514
506
287
872
812
424
101
75
119
338
473
200
168
138
210
896
404
451
485
589
880
784
629
307
264
628
501
769
794
132
908
736
696
370
152
775
264
577
577
347
196
205
182
675
661
996
376
78
85
899
992
957
773
442
634
590
708
127
600
307
322
542
889
417
657
168
224
163
44
89
179
226
864
639
358
28
551
285
743
629
492
143
775
426
980
295
524
278
589
168
956
67
674
75
149
602
484
22
367
960
830
509
291
795
650
290
495
647
322
456
564
106
600
823
436
584
283
781
741
126
379
860
920
647
435
551
27
328
934
73
362
752
935
248
628
851
270
763
310
568
914
486
54
289
991
800
125
114
95
607
113
895
793
171
465
668
699
933
127
41
299
191
680
772
301
605
528
444
239
469
681
371
627
798
407
339
733
701
14
889
575
267
314
646
979
545
165
893
559
675
478
607
972
677
651
634
338
942
118
582
347
876
297
409
603
215
165
752
756
360
715
83
232
139
297
970
306
63
461
837
757
355
759
593
725
453
698
877
847
915
167
189
962
6
173
663
440
957
274
749
931
197
36
106
834
427
767
864
24
18
144
213
595
587
591
1
789
706
115
29
910
379
643
994
796
207
22
2
276
65
370
934
819
31
305
298
748
514
676
174
128
945
276
358
131
148
11
601
854
313
373
846
755
517
117
574
160
805
795
124
340
826
60
788
873
100
572
216
735
934
868
183
297
714
290
258
341
459
10
525
889
210
205
574
310
478
305
59
822
8
772
591
261
14
178
97
383
318
593
998
141
907
270
887
312
877
301
807
845
449
132
781
165
729
108
274
751
939
629
705
109
8
540
329
498
730
838
650
806
823
517
599
663
434
485
936
96
720
480
705
118
641
761
903
293
535
5
701
421
320
902
583
897
44
182
956
324
939
435
929
624
379
791
278
13
527
937
259
33
869
462
373
313
229
291
624
716
417
1000
19
336
631
975
968
195
379
183
343
90
712
72
230
550
873
139
696
710
664
693
483
702
482
146
329
131
119
909
927
429
969
20
525
630
279
366
178
501
359
924
3
264
380
987
942
695
464
378
948
622
947
268
803
414
971
676
328
743
63
185
835
946
286
901
572
225
100
119
208
381
982
176
563
809
183
393
704
763
649
686
120
555
270
459
656
208
992
392
306
937
765
353
609
663
717
799
517
82
344
560
420
470
973
807
349
330
26
916
775
768
54
126
963
56
289
11
775
116
674
366
628
888
147
901
824
651
314
225
656
656
475
704
142
873
948
974
942
412
531
595
98
505
86
161
739
941
53
465
35
6
335
64
152
389
229
131
841
602
621
788
654
81
895
148
251
694
135
769
869
222
420
916
486
20
300
895
634
136
456
434
638
937
554
458
603
371
533
155
759
721
809
668
693
336
894
997
85
633
55
889
237
952
640
137
509
802
248
147
51
423
777
823
297
766
526
27
511
587
127
558
702
33
343
149
595
583
296
694
921
754
589
626
48
42
453
749
535
199
9
289
986
294
540
991
83
171
66
817
940
330
470
30
360
753
518
381
235
10
35
548
398
144
555
498
591
227
358
53
109
740
939
171
652
704
724
232
664
474
54
536
342
847
174
447
264
629
341
785
918
10
417
830
680
938
431
454
708
891
481
9
284
252
996
480
744
32
560
998
49
18
216
731
717
586
59
404
802
865
403
834
275
906
903
52
588
395
961
540
620
936
874
656
25
615
617
604
182
786
179
908
468
518
852
390
358
123
320
818
380
743
521
255
630
786
983
37
884
41
881
439
66
496
721
514
526
165
913
100
386
13
522
722
965
112
760
312
111
668
997
783
333
332
267
111
869
83
980
252
829
580
732
810
959
894
305
562
430
631
423
490
469
585
689
570
651
742
881
743
114
316
162
813
849
970
264
14
553
394
808
124
423
13
776
735
943
715
853
129
712
898
576
580
933
974
846
61
283
466
55
372
892
292
189
873
131
727
369
162
40
636
891
142
354
767
168
623
228
166
665
2
500
467
615
863
209
248
457
153
264
393
885
480
31
144
426
575
903
570
640
922
259
953
41
722
809
220
402
727
609
581
63
611
832
160
85
878
596
304
455
384
242
581
863
861
583
406
160
837
344
885
54
449
954
709
548
562
376
596
57
34
164
728
482
4
210
75
623
25
560
692
476
354
253
397
591
363
387
63
33
572
410
633
329
971
862
344
91
357
183
683
267
306
464
340
670
548
547
310
712
75
662
601
290
788
176
880
416
973
685
522
321
829
123
317
669
726
466
903
134
870
793
540
924
607
210
468
993
603
241
686
824
58
242
124
155
74
334
333
99
863
40
888
716
651
500
997
439
278
571
974
105
462
750
252
88
519
861
59
706
432
156
201
463
736
744
211
181
705
247
838
780
885
154
259
892
82
332
116
434
31
391
108
197
276
331
770
993
223
760
394
470
119
276
939
705
451
506
501
744
947
973
359
131
21
677
173
10
98
975
945
653
823
546
81
479
775
963
143
201
985
437
534
931
662
917
255
826
802
61
446
790
396
914
732
150
615
456
146
527
696
422
279
928
78
860
784
182
651
549
549
988
420
255
908
446
264
547
182
224
503
520
601
58
834
543
993
726
558
227
558
586
579
426
114
719
316
713
474
650
490
202
520
803
644
706
181
789
958
739
857
517
506
55
221
804
274
180
993
99
351
244
28
849
346
247
886
728
929
90
3
23
226
198
46
396
16
728
716
337
513
295
611
49
346
20
324
140
888
608
312
186
857
375
917
689
875
972
342
168
353
270
351
190
277
760
183
943
736
930
73
386
17
893
889
583
6
244
18
850
772
211
947
282
602
65
405
125
871
453
876
540
455
349
733
32
662
729
493
927
13
954
930
193
435
321
699
437
990
742
889
193
374
744
201
677
141
960
188
812
210
183
353
33
464
739
777
486
175
335
421
913
235
972
365
98
508
396
778
387
987
296
160
974
48
655
786
235
288
921
729
118
946
307
502
107
860
895
825
825
251
257
865
84
23
669
873
230
689
576
422
515
625
570
319
896
879
51
824
459
885
640
982
183
877
958
752
953
522
572
786
255
216
822
33
251
824
695
903
879
875
985
750
619
773
689
97
180
352
794
846
120
485
253
962
757
178
924
835
903
527
314
823
621
452
22
639
904
835
282
322
849
422
458
573
771
147
807
342
737
547
783
481
396
126
535
315
804
307
420
605
654
315
159
326
443
590
690
44
317
488
664
148
829
595
512
768
748
696
921
315
593
387
408
711
850
17
216
893
571
549
9
902
348
38
392
891
169
227
977
636
703
644
734
298
437
868
214
72
832
821
797
159
259
867
777
768
778
424
560
329
449
337
485
526
15
800
881
991
753
610
800
791
771
105
787
910
481
467
956
960
286
854
489
549
280
417
911
681
249
949
641
763
842
924
774
964
822
640
872
162
52
917
746
243
700
613
81
763
580
235
432
116
344
325
222
534
917
673
10
724
172
726
903
932
428
690
839
496
810
495
263
280
282
60
648
186
126
653
159
523
798
538
60
741
534
28
423
479
620
694
259
907
351
60
718
547
296
232
879
676
373
570
798
527
162
848
552
544
723
138
695
230
441
860
72
686
109
169
957
966
145
970
958
286
319
57
600
807
92
994
545
186
93
15
3
179
142
286
936
659
926
607
158
913
666
859
235
908
4
900
963
876
502
221
913
315
847
833
134
860
984
458
1
572
482
773
768
11
202
601
721
575
517
512
556
336
391
53
438
201
718
130
281
614
848
606
390
649
897
208
715
924
853
669
434
895
131
627
70
315
97
360
996
91
734
310
506
978
967
872
940
894
709
857
403
556
985
634
453
598
410
892
607
675
630
844
66
545
182
408
312
367
611
648
220
708
703
465
243
507
895
318
517
768
374
981
142
651
612
642
291
366
343
218
262
641
687
756
404
986
865
863
970
667
179
693
930
479
221
770
204
952
580
606
576
618
190
501
569
803
446
812
158
624
577
434
74
833
373
215
195
375
37
257
692
60
458
651
145
381
102
57
138
274
779
545
960
115
599
228
164
92
730
52
945
51
337
854
489
762
918
21
476
50
693
489
161
974
435
192
340
473
423
485
116
510
828
78
131
842
79
814
742
147
640
281
64
885
30
50
795
838
872
176
635
58
861
431
981
254
638
679
600
771
407
486
907
499
133
117
390
234
515
114
308
991
246
106
372
785
398
839
563
690
414
783
18
608
210
966
971
807
271
191
161
350
235
535
496
179
848
582
955
255
284
354
406
216
530
852
47
862
131
488
688
366
970
774
976
610
585
794
318
332
993
748
559
412
743
40
810
15
162
386
281
884
911
71
858
798
793
621
16
122
716
52
676
332
325
507
44
825
513
657
308
487
445
216
196
18
40
700
807
607
21
338
839
807
905
1
8
892
429
161
491
816
940
204
625
586
313
471
245
574
911
60
71
481
432
671
196
198
295
316
709
961
435
792
841
136
549
340
494
19
542
880
430
899
312
635
975
936
277
402
161
915
70
975
58
451
271
571
316
222
866
619
539
50
599
450
995
419
716
265
887
451
953
730
895
926
557
907
565
584
272
985
44
451
990
873
360
108
938
372
57
373
975
852
347
614
951
140
531
466
358
576
821
974
618
688
18
996
254
305
975
930
194
878
225
903
494
534
312
195
785
205
564
936
700
33
245
434
544
50
543
586
576
895
113
915
254
681
338
890
817
377
201
474
732
824
585
793
694
82
1
592
48
288
368
956
422
646
68
77
702
77
115
930
376
679
847
833
691
386
706
653
307
613
502
929
150
546
420
381
513
878
12
981
94
704
394
20
343
489
32
297
95
952
227
460
493
38
353
864
635
186
748
839
29
466
41
543
298
319
875
85
874
118
321
758
476
259
637
721
313
905
459
675
651
279
998
955
275
9
254
423
736
687
793
528
704
853
158
316
672
267
20
233
90
377
10
662
29
258
874
81
158
445
342
274
494
472
312
728
938
715
401
455
587
778
708
989
427
233
286
400
49
542
509
929
44
753
467
631
618
648
862
287
260
908
742
717
165
308
733
476
120
209
689
652
147
500
78
391
581
836
476
85
585
238
894
519
427
276
705
364
657
192
299
748
491
137
226
350
655
632
870
917
780
814
377
103
839
212
917
481
162
125
271
754
242
637
919
705
860
658
787
955
750
517
14
24
387
785
54
432
987
458
807
853
295
61
344
89
7
586
290
457
896
586
248
572
298
314
590
716
796
575
288
504
710
396
94
540
432
266
916
693
282
102
348
280
80
495
29
160
618
508
233
708
298
863
103
697
673
378
45
552
855
392
13
60
815
644
180
558
486
287
247
125
947
275
850
370
488
703
267
625
620
437
439
949
268
294
729
652
523
909
925
423
616
525
78
663
739
591
971
613
881
632
853
241
197
628
788
145
112
687
120
549
475
837
162
64
76
857
435
309
606
173
535
489
943
646
328
61
599
202
901
444
128
869
770
140
355
924
575
521
1
12
515
196
395
341
555
23
832
5
425
341
370
74
41
66
997
148
301
142
684
609
199
176
624
522
76
8
83
25
621
782
499
821
917
371
398
390
71
721
511
158
161
951
248
938
28
580
650
695
269
751
657
447
490
292
364
724
95
355
170
823
397
101
120
834
6
507
511
735
998
136
937
622
747
486
302
596
402
870
341
371
5
829
344
134
574
307
845
805
186
914
914
652
158
994
328
364
32
625
16
105
261
140
75
449
637
848
732
93
212
990
754
845
235
964
157
288
209
99
416
407
252
628
162
195
627
247
98
328
66
97
104
265
849
302
812
65
915
270
391
261
870
617
538
998
425
86
608
73
593
879
235
900
295
568
350
777
290
874
967
293
966
128
239
798
353
407
719
70
498
949
408
522
481
23
360
841
102
525
344
195
102
256
279
356
926
504
297
439
362
845
707
603
908
91
535
105
934
61
441
486
936
606
505
849
622
10
393
281
343
695
441
578
290
943
879
90
986
256
9
898
535
488
133
130
106
912
805
375
338
306
800
882
783
249
565
521
757
362
806
728
813
18
274
341
826
798
796
127
10
220
183
92
985
313
767
712
23
190
804
300
529
609
294
253
615
315
949
514
243
294
434
186
303
216
898
635
379
5
907
90
866
135
69
410
617
116
531
933
157
532
425
211
95
468
403
440
454
198
448
91
375
985
141
693
225
674
301
144
7
873
464
584
328
396
151
472
938
401
148
503
756
608
492
238
863
447
62
386
572
824
628
125
853
995
878
514
777
893
877
338
28
22
6
325
556
858
304
999
26
522
728
985
449
863
44
24
51
315
985
143
688
778
669
267
580
40
24
856
947
300
922
701
532
936
151
900
699
265
274
837
552
765
293
311
148
832
370
411
465
40
868
250
528
804
212
532
642
218
902
454
357
961
606
342
782
398
440
830
951
170
113
813
875
70
597
666
64
156
463
434
250
575
347
913
51
185
786
892
720
134
142
589
469
940
530
405
339
469
132
551
534
288
649
616
398
596
47
100
575
570
352
939
743
414
825
71
440
573
675
198
171
389
431
691
949
912
686
510
402
882
308
166
843
409
189
2
20
862
632
606
300
840
288
41
425
775
862
630
533
945
235
776
449
601
683
822
184
89
464
559
732
221
30
798
939
742
256
213
97
124
417
679
774
403
227
31
44
830
646
587
970
252
841
448
543
690
994
128
263
900
386
427
815
548
307
712
186
294
698
107
365
477
238
278
881
701
746
741
71
274
784
809
931
983
919
7
371
143
265
869
382
750
37
157
203
62
422
361
794
932
969
933
698
322
638
866
664
8
414
561
676
124
439
377
820
367
877
85
212
163
280
504
410
335
839
841
287
161
163
339
45
820
978
109
226
160
273
884
653
865
398
180
298
970
164
444
923
189
23
163
859
489
105
12
970
499
393
117
502
419
110
358
233
602
691
32
22
821
991
843
448
254
376
386
908
210
309
364
100
536
873
632
344
837
600
555
612
236
33
131
511
850
693
327
84
850
964
368
720
985
659
691
406
993
519
921
86
706
703
596
413
691
956
139
412
656
332
547
988
65
57
361
982
451
255
936
429
720
780
114
677
928
300
59
265
788
745
486
63
736
932
482
502
637
953
400
923
559
772
239
607
319
438
185
761
848
81
728
350
624
664
882
361
881
135
556
49
650
770
104
770
841
905
728
975
943
93
74
743
539
205
319
297
30
376
301
522
554
761
12
313
444
248
659
672
114
158
349
624
900
476
526
611
338
777
149
324
890
394
772
12
976
39
935
696
713
506
377
563
955
545
918
254
329
484
179
597
940
950
765
996
301
294
234
559
182
609
988
119
491
616
143
837
237
112
89
801
90
531
959
618
666
441
607
575
615
580
718
37
884
27
285
322
778
11
323
559
609
372
950
930
940
443
204
442
986
336
424
176
288
771
721
709
908
335
424
531
911
343
982
664
801
206
592
352
55
733
826
461
671
985
543
710
218
635
903
505
117
13
251
609
324
367
5
33
531
3
95
907
307
774
14
577
952
7
153
804
352
697
670
884
248
921
833
226
634
636
605
254
39
841
58
764
115
619
196
529
507
916
20
788
550
835
17
475
395
609
503
7
847
56
660
1000
527
387
616
840
726
901
148
114
357
926
901
402
981
345
516
865
522
183
51
984
101
751
319
677
585
59
956
83
72
697
752
180
995
915
186
301
418
808
428
147
728
835
345
893
486
496
449
82
552
68
770
142
687
209
396
58
795
730
770
306
330
464
804
92
483
688
547
39
680
848
693
191
785
713
196
194
812
900
764
673
765
908
187
569
492
807
197
471
773
793
270
645
555
171
542
973
664
314
885
154
443
139
337
716
234
518
808
325
844
320
110
74
355
245
184
435
664
481
450
839
323
435
437
239
484
346
579
629
568
226
489
709
421
572
636
131
101
112
226
305
54
608
589
953
584
256
248
405
242
261
751
1
405
996
664
487
32
413
565
344
205
126
31
261
254
446
586
819
337
326
474
978
830
847
45
649
374
74
126
650
459
981
864
59
441
548
809
73
558
161
258
181
531
847
306
444
469
27
117
205
775
81
696
231
353
783
452
381
121
976
567
300
67
88
267
704
290
697
614
732
705
852
76
34
552
618
185
540
520
135
464
100
260
346
455
586
146
568
107
469
371
126
622
84
827
324
523
449
950
482
684
908
157
671
637
216
448
202
691
411
767
516
336
270
710
976
234
589
996
311
901
987
172
931
955
73
344
188
182
540
30
704
521
906
852
763
956
133
641
174
576
737
459
465
645
855
568
239
667
753
52
528
480
180
328
260
730
171
613
302
960
96
545
926
431
985
344
91
652
571
458
932
222
316
840
981
681
324
425
740
220
886
535
690
928
607
622
386
753
73
311
710
667
648
69
200
779
183
220
496
90
519
668
789
266
992
541
474
311
85
581
554
284
324
168
632
176
909
692
26
920
638
836
415
524
733
462
725
5
726
166
694
219
631
482
159
459
648
683
882
479
638
303
299
228
551
491
387
379
744
727
4
928
449
542
143
790
299
367
696
93
115
732
960
697
905
884
796
638
766
473
811
436
679
540
624
6
789
701
309
341
906
67
801
238
878
547
639
150
597
34
636
228
546
565
203
734
67
153
187
76
302
780
375
744
145
910
604
34
200
384
545
419
760
812
638
726
881
802
185
36
436
222
43
737
182
322
351
375
52
962
464
385
144
506
101
25
594
822
24
150
6
945
907
63
666
280
982
555
836
706
323
324
810
81
76
586
695
659
65
338
456
779
827
29
807
88
148
121
503
533
688
375
173
475
904
836
892
164
12
129
96
970
361
700
860
534
637
689
335
133
725
333
99
141
298
795
195
498
846
835
238
866
404
489
574
361
802
279
634
481
418
574
392
413
539
92
766
622
925
277
522
120
288
706
536
274
472
883
491
666
227
738
774
990
57
150
706
941
858
551
596
713
326
287
652
925
970
58
335
945
508
8
44
972
204
541
2
397
465
590
534
732
612
440
948
173
623
467
679
716
950
907
262
328
70
620
366
889
666
549
381
587
183
93
594
964
305
646
982
161
66
817
128
487
863
92
807
784
433
217
766
927
328
689
340
574
693
170
626
167
354
466
131
477
831
997
592
766
594
190
872
904
39
289
225
316
977
137
679
623
266
957
734
22
986
841
253
923
789
342
232
281
813
135
859
630
846
562
448
505
241
841
467
580
862
703
171
467
589
513
226
257
836
37
345
579
781
194
835
73
177
202
635
94
443
182
799
112
844
367
189
761
585
177
15
290
834
880
320
915
934
159
853
757
251
623
286
547
839
558
662
592
338
856
616
451
65
532
121
204
687
417
712
574
286
767
252
491
22
329
42
659
813
252
885
707
196
346
451
424
863
186
55
628
392
913
962
798
59
329
565
163
429
626
443
865
116
350
302
365
258
928
131
346
935
395
909
798
978
798
745
37
118
742
461
814
55
548
636
36
836
770
959
265
584
770
643
553
565
868
236
486
190
190
386
436
132
152
133
214
740
172
285
931
507
872
617
561
330
954
332
368
806
494
252
271
369
836
919
563
489
695
960
43
624
3
341
917
580
285
756
141
136
910
252
366
387
563
755
295
563
351
115
510
429
675
404
720
348
471
731
304
780
439
40
86
181
490
970
720
617
765
561
406
585
711
847
421
655
268
554
686
964
873
275
49
411
224
698
632
905
903
493
231
831
812
164
556
909
246
586
586
643
790
574
743
926
267
505
547
501
759
587
246
288
230
22
932
483
900
90
124
898
160
346
465
107
898
176
25
159
641
77
273
273
573
506
308
444
939
263
701
162
649
271
337
218
951
480
841
845
521
18
779
872
342
846
119
24
804
18
111
948
343
149
866
438
965
202
879
118
51
469
208
682
258
636
135
568
160
823
660
969
906
59
427
891
794
649
668
878
574
355
77
15
445
552
688
281
546
958
69
997
383
961
284
745
734
278
609
640
878
901
983
346
350
364
518
419
346
42
543
994
56
722
490
333
316
95
768
907
685
406
892
992
937
142
375
53
929
231
983
904
649
375
538
878
201
144
722
120
465
207
335
458
439
416
517
919
917
230
706
908
6
164
226
771
450
791
241
286
70
877
126
162
77
747
467
158
595
304
809
174
874
859
319
15
639
372
457
498
349
767
592
143
674
425
313
354
9
557
400
1000
698
15
350
896
923
496
511
274
677
367
982
615
32
922
180
561
142
7
698
580
699
254
386
396
167
315
12
598
618
533
843
248
168
516
45
54
568
827
201
558
594
372
247
329
825
456
30
782
658
162
670
495
336
369
301
888
672
227
583
504
470
655
930
643
179
480
931
218
811
527
317
4
399
787
143
984
426
831
533
546
191
413
203
45
720
958
240
653
881
889
665
950
19
180
212
360
439
646
648
713
739
192
517
888
518
178
699
7
691
748
457
475
948
683
266
44
394
339
611
745
660
817
520
125
170
93
291
386
311
152
330
778
386
931
917
771
133
403
308
388
719
796
121
705
468
798
946
545
361
579
106
216
31
236
939
369
329
376
620
180
394
596
180
45
822
677
853
445
25
208
153
43
381
276
329
29
641
775
215
336
866
214
95
147
969
466
330
310
996
381
130
934
930
339
739
81
476
665
579
949
143
336
494
587
146
357
302
173
729
182
760
668
989
464
319
261
579
558
961
519
503
769
411
458
757
672
79
908
430
519
382
340
121
207
800
910
949
526
790
162
515
367
596
283
251
577
64
182
652
552
530
607
549
61
606
57
538
977
149
46
898
752
480
386
194
678
975
96
118
506
968
320
751
971
345
558
122
174
25
853
900
124
899
654
524
180
684
200
763
391
589
328
807
700
173
545
857
818
683
766
373
498
225
415
642
739
279
261
589
295
190
753
868
161
212
840
920
120
130
627
111
40
187
554
945
463
354
43
772
226
158
500
543
200
187
438
240
53
120
127
392
55
333
908
239
369
695
318
819
348
316
737
517
700
541
795
237
751
154
125
91
789
734
580
441
282
970
703
757
565
901
435
919
877
141
135
690
34
791
346
709
881
138
456
737
734
273
218
57
682
735
93
728
142
704
646
65
326
408
768
389
344
395
436
934
68
699
286
536
125
643
794
238
342
157
15
454
655
639
592
89
955
620
566
977
266
525
43
533
876
260
568
832
151
453
402
812
818
878
364
648
219
697
144
938
702
6
60
558
768
102
764
698
292
674
78
128
349
192
19
486
675
263
11
115
584
690
313
898
11
219
22
804
838
779
244
500
781
813
212
871
56
462
890
872
177
523
93
184
107
232
514
529
427
724
882
798
710
225
953
775
889
26
793
436
220
158
520
100
708
369
859
196
316
769
399
444
296
449
76
432
45
689
533
628
103
588
956
604
358
298
513
288
86
569
93
173
546
193
471
2
206
671
534
133
632
350
304
408
658
413
554
691
498
717
553
834
66
395
481
813
577
787
910
564
795
988
675
443
487
629
714
990
508
840
202
584
932
696
831
680
597
148
262
648
774
635
910
931
64
970
290
48
733
352
870
444
759
429
423
391
498
457
890
638
860
931
640
191
464
346
831
499
115
618
957
110
187
723
781
408
238
742
253
445
32
816
863
68
759
919
11
690
741
567
400
230
861
894
35
870
848
831
12
516
68
216
740
914
678
843
872
76
310
27
579
726
914
175
504
255
503
761
720
304
90
700
331
227
361
202
963
976
765
291
670
886
691
753
152
253
804
137
519
831
868
528
162
901
234
133
923
41
82
201
294
688
464
256
468
407
134
1
743
218
470
713
227
519
304
113
890
394
512
206
38
57
860
846
902
886
659
171
320
576
328
288
383
421
798
634
837
748
446
570
227
282
397
460
10
225
622
567
992
41
889
634
301
686
495
555
988
268
854
955
875
456
371
121
516
362
15
98
603
639
721
425
733
510
626
354
377
850
590
786
603
654
547
153
454
148
912
437
912
585
875
804
59
404
687
594
952
661
774
500
863
940
382
244
951
881
407
482
556
280
136
875
349
32
822
66
171
764
621
565
960
606
660
485
493
7
97
690
180
394
30
172
292
685
469
972
373
265
529
903
41
395
327
416
184
290
634
846
922
380
361
28
122
250
265
734
204
769
520
117
584
947
820
748
955
196
859
123
473
70
270
281
980
93
498
41
72
675
34
592
853
684
820
857
719
876
433
363
811
333
408
873
694
685
655
877
235
613
877
26
70
975
854
958
552
258
453
623
490
487
734
849
47
439
385
161
93
244
805
955
703
328
980
320
618
426
214
739
533
694
602
497
409
695
954
74
92
171
529
566
386
948
458
959
745
617
584
828
863
231
359
296
145
747
963
887
134
117
457
103
223
937
456
225
593
634
229
890
937
218
624
122
829
591
511
176
35
80
889
312
576
956
720
585
391
4
489
247
398
616
905
519
404
498
151
279
168
860
672
106
653
764
285
509
311
636
14
994
253
656
470
224
6
342
936
502
447
870
955
27
889
822
849
82
946
498
336
75
431
875
191
414
663
588
27
343
10
435
871
831
790
322
790
516
667
63
960
117
763
763
736
188
116
466
137
583
693
137
768
107
823
775
258
850
635
985
923
315
783
632
749
257
3
187
901
72
260
988
936
372
400
599
445
432
211
766
133
743
944
482
246
7
575
357
521
88
664
269
508
966
449
819
356
991
90
444
911
622
157
849
955
60
178
386
397
158
882
989
5
612
696
278
650
333
950
787
28
604
210
163
118
542
839
480
510
982
530
99
783
550
314
841
697
600
523
133
159
655
839
472
322
897
792
618
564
474
660
325
915
62
193
350
643
110
976
866
795
738
255
4
40
605
640
785
782
19
590
919
567
6
270
987
809
869
75
543
766
402
621
920
990
6
930
842
271
944
77
447
311
674
666
603
487
757
116
159
190
740
142
341
202
503
894
571
266
865
381
358
210
718
219
51
443
812
75
320
476
848
12
641
529
415
201
986
631
351
751
868
13
776
614
170
730
101
865
801
722
726
731
722
375
758
939
231
954
70
421
23
930
872
445
430
208
183
861
764
69
822
155
581
133
735
757
696
297
558
439
650
814
995
464
700
873
643
232
470
365
736
680
683
690
871
528
783
391
983
316
666
648
699
605
719
611
94
624
487
734
738
265
550
710
536
167
476
300
863
472
532
978
550
456
44
21
620
42
193
566
885
702
246
20
987
981
753
962
684
397
144
179
303
352
862
116
309
732
624
920
103
538
522
425
837
665
821
815
583
906
824
80
936
372
203
674
774
855
685
1000
649
880
814
320
571
42
950
814
107
143
778
560
810
989
605
853
397
386
627
199
1
260
772
437
411
757
866
489
886
208
594
649
6
268
840
773
696
515
907
66
264
802
552
36
213
572
345
731
630
796
120
572
766
547
931
737
397
466
634
626
758
652
347
793
228
307
641
139
108
696
676
802
490
880
938
124
190
481
151
891
751
990
804
838
692
253
751
689
751
151
28
613
613
173
98
736
686
205
585
440
580
67
429
319
545
725
990
146
580
177
562
5
225
563
333
408
1000
647
375
719
545
28
545
318
635
460
957
868
108
562
697
432
199
567
795
397
981
45
40
27
516
907
606
673
581
179
256
480
622
927
731
476
941
805
843
320
810
940
533
348
443
977
433
447
25
17
988
378
189
929
170
555
491
657
452
171
898
836
823
26
115
105
531
192
594
181
126
948
941
552
76
266
614
354
706
408
693
935
396
554
652
390
89
623
582
321
833
774
73
927
81
5
993
354
580
479
464
223
930
643
256
98
818
931
461
340
712
846
948
122
614
947
937
980
380
947
494
647
449
607
547
808
10
6
468
978
458
856
462
90
595
890
378
178
736
215
907
339
404
364
587
598
468
771
961
848
313
744
816
890
834
42
1
265
550
658
116
631
492
156
23
56
704
621
351
75
879
253
711
781
936
230
204
175
925
765
80
318
130
235
818
650
904
880
937
420
928
105
353
649
844
853
233
39
161
300
523
917
126
584
446
385
51
666
891
93
857
102
422
303
302
772
887
250
385
402
310
428
952
572
105
525
753
965
511
338
926
796
13
278
162
347
780
378
506
319
687
298
970
466
699
428
372
301
525
392
83
684
423
656
61
193
249
809
383
313
377
325
206
235
683
638
438
707
802
662
541
198
768
502
288
186
569
793
797
60
653
501
679
516
733
452
3
596
522
285
998
181
692
209
135
535
578
140
203
606
450
96
670
201
612
504
982
273
248
299
20
541
888
261
926
980
1
782
373
1
823
201
432
787
517
177
454
924
746
329
288
513
917
437
341
369
13
924
382
294
70
108
396
577
609
240
692
973
288
869
811
61
44
133
323
524
419
448
822
804
487
89
885
922
828
653
368
311
192
556
203
733
510
152
918
341
111
20
193
162
433
553
946
321
506
777
227
757
621
124
737
537
214
86
173
937
382
324
354
616
107
332
318
124
356
584
641
247
339
777
23
952
508
781
851
895
71
112
436
889
510
84
46
712
379
220
6
602
574
858
311
891
323
661
610
911
678
485
167
621
159
610
379
347
974
498
800
465
264
551
161
736
73
941
982
664
270
523
793
565
888
717
506
254
255
33
724
878
428
232
261
471
584
574
392
162
871
491
963
111
334
918
653
876
118
923
371
701
204
468
550
390
349
423
372
808
783
685
155
857
506
395
899
985
236
292
938
704
72
916
936
773
413
518
611
340
425
634
234
679
778
105
625
224
971
957
662
821
708
224
911
366
351
910
610
396
963
809
250
3
134
292
874
375
769
147
768
301
372
821
241
572
339
329
471
529
476
596
756
486
20
964
487
11
315
364
316
740
387
935
194
238
792
451
599
989
777
825
284
125
123
101
802
85
259
186
630
573
249
490
64
27
835
900
193
589
682
975
322
783
63
485
498
571
77
16
62
165
576
767
188
541
780
942
693
223
719
755
55
280
758
693
273
794
650
292
74
866
145
3
324
510
660
846
807
164
976
46
836
627
816
927
525
169
283
683
598
576
378
889
558
344
368
930
129
39
716
590
176
481
238
47
539
459
993
561
961
145
735
823
430
573
39
517
943
60
846
54
183
885
660
685
869
960
256
425
408
557
984
141
331
582
173
314
649
283
507
117
409
700
870
551
300
953
610
176
380
554
71
494
29
931
161
591
95
401
440
76
745
952
878
586
423
343
511
579
410
852
287
584
424
513
578
366
858
293
708
19
391
836
112
90
257
829
51
542
86
49
803
460
333
718
933
229
957
724
498
907
164
788
896
563
148
933
975
996
121
660
230
69
821
437
45
274
695
266
603
106
738
3
669
528
862
616
575
845
137
576
295
182
245
950
110
538
577
332
735
490
107
903
739
665
32
262
48
524
822
434
617
289
297
554
987
764
984
771
497
124
732
474
254
877
604
903
145
889
433
706
179
223
608
372
125
562
972
414
548
862
203
709
764
254
579
382
215
318
181
938
699
888
479
473
429
134
102
152
129
617
270
459
971
771
595
305
656
228
711
695
764
514
826
547
420
69
105
420
58
19
964
720
994
792
336
568
461
738
844
239
976
967
676
286
825
357
694
255
910
438
300
244
412
932
108
243
534
108
469
299
877
165
411
66
84
623
642
437
491
402
229
43
937
64
895
346
587
776
710
121
271
264
341
638
405
461
261
630
905
83
604
491
176
940
836
854
934
84
703
423
511
434
69
893
906
937
577
473
328
706
487
895
78
281
30
641
13
888
364
889
668
463
650
892
350
719
210
550
317
635
202
4
878
968
229
928
20
75
953
636
816
646
242
340
579
51
801
592
409
367
859
370
492
488
880
818
56
926
30
429
479
76
682
640
930
894
999
458
833
208
186
579
770
118
542
737
437
565
418
567
559
157
377
115
624
565
814
251
369
145
928
854
421
627
106
171
666
251
963
535
571
519
978
942
636
134
434
286
80
898
514
671
253
82
122
742
472
643
494
37
665
644
569
179
357
484
935
510
839
321
468
820
802
455
456
884
540
75
71
697
244
105
880
825
737
238
436
193
566
449
471
810
806
508
81
193
184
638
791
330
616
841
188
805
746
903
947
932
335
464
125
736
533
829
80
802
652
628
447
823
322
389
971
419
268
52
127
928
648
152
727
679
598
645
833
209
281
339
585
478
132
59
193
655
143
780
809
626
921
18
8
524
909
11
230
797
522
788
404
180
537
294
393
291
568
133
610
501
248
12
777
372
380
144
869
673
35
668
452
420
618
497
741
665
637
280
693
27
273
224
827
534
772
98
682
867
494
65
986
220
124
489
162
393
399
175
873
469
15
947
499
647
627
467
803
36
946
951
152
418
837
509
847
259
807
994
674
927
932
464
222
611
453
461
380
167
221
760
600
596
65
995
97
20
104
724
794
333
500
17
724
973
368
87
551
332
520
532
971
612
529
562
877
503
93
874
909
521
776
485
339
954
324
184
573
689
772
472
70
282
496
485
927
508
422
799
194
813
666
434
274
758
765
241
773
453
630
566
734
452
39
5
929
754
436
739
772
816
121
101
388
771
340
37
905
400
385
781
431
504
424
942
535
231
824
34
774
590
595
14
419
339
426
153
869
887
478
777
151
88
717
592
291
270
32
505
614
782
596
853
298
582
543
681
971
411
427
364
973
141
764
390
417
721
230
447
202
733
356
513
47
228
786
993
872
184
23
378
249
288
495
693
245
905
649
821
604
102
897
731
776
737
825
312
878
610
864
861
892
482
65
485
479
793
453
289
45
364
83
203
668
939
487
548
508
449
608
826
991
341
261
242
653
924
748
469
951
695
222
416
741
183
797
633
668
271
789
221
860
689
252
604
864
123
507
890
409
297
818
625
54
824
122
238
102
466
896
518
933
474
424
171
384
821
871
848
547
545
62
756
116
910
510
699
662
376
584
740
806
228
851
472
532
716
446
