1000
311 739
514 1200
406 433
410 1098
547 748
408 1176
872 1161
616 694
510 1263
10 1094
417 632
550 774
1067 1099
70 943
62 1225
1142 1210
445 987
727 1295
294 579
229 1387
1045 1247
328 1370
32 194
28 1245
6 924
332 1370
980 995
428 951
448 1195
521 793
71 646
1083 1399
876 917
1071 1419
418 655
747 916
1135 1249
309 914
719 1002
117 635
1094 1283
720 1100
636 829
106 465
14 1406
85 352
460 796
1360 1372
81 1239
91 1320
1140 1229
158 937
365 728
395 690
42 631
182 1273
245 1408
929 1059
710 1131
473 575
253 982
883 897
308 919
859 919
526 787
960 1086
357 1332
363 469
447 1323
311 466
8 591
182 1063
193 785
110 924
426 788
114 471
294 1169
89 684
972 1382
406 806
389 1438
435 1346
455 1362
1184 1307
290 1248
481 643
339 733
1301 1352
727 1437
2 16
95 219
89 1107
561 816
958 983
572 1435
982 1177
509 627
827 936
753 1040
519 814
655 1108
1368 1374
209 1306
846 888
130 1273
284 1081
338 1324
294 352
294 892
78 885
374 693
720 1332
448 1344
194 1381
559 988
472 1262
147 744
513 1209
202 1399
642 681
143 1043
319 344
25 1037
45 227
114 322
240 311
175 1165
728 1428
466 1368
157 819
257 1059
494 497
61 629
158 748
317 1258
144 1413
41 1380
245 895
1016 1400
654 669
764 1369
736 1355
220 794
816 1281
852 1437
720 791
263 1168
510 634
645 1046
897 1224
487 1317
1382 1424
72 1267
618 1130
72 353
206 864
962 1055
97 1060
629 715
164 995
20 1293
208 457
163 1007
90 936
573 991
12 1123
266 451
905 950
941 970
672 1416
265 1098
635 1068
139 973
297 527
250 299
1170 1413
261 297
439 760
28 850
460 470
106 785
140 684
159 374
165 1160
241 1086
1290 1439
1143 1349
504 935
698 961
383 882
872 923
273 991
134 1366
535 651
436 739
1159 1224
2 387
585 1437
229 239
539 659
693 1241
951 1292
313 975
194 450
665 756
260 1271
812 1304
838 1151
422 1238
954 1018
314 515
1389 1394
846 1331
741 749
570 1112
380 397
47 362
1135 1384
620 1361
448 732
79 1233
47 1299
168 990
521 1014
131 1019
468 1180
146 813
741 840
564 1128
102 1435
20 785
182 1291
504 1185
324 1229
608 1254
128 914
40 564
291 513
285 699
346 783
125 936
903 1083
193 206
642 1075
503 778
1202 1382
111 564
387 746
1031 1210
429 1166
24 566
1002 1026
626 912
955 1055
127 1175
40 646
332 632
48 1352
1142 1427
945 1152
180 895
872 1267
593 944
320 685
469 1366
274 588
535 797
859 1125
208 1150
52 1212
540 1100
1222 1256
1229 1231
684 1134
972 1145
1271 1343
598 818
161 439
423 1331
826 1435
480 1278
1092 1356
576 1346
277 979
6 1081
413 1011
160 878
776 873
903 1404
496 1139
626 967
637 862
744 1384
226 1010
245 591
39 1311
1146 1170
298 1237
416 1050
504 976
915 1263
578 1353
117 805
313 911
990 1148
550 1030
493 634
103 427
558 918
62 958
788 1123
805 854
232 1377
777 914
176 264
286 413
140 982
656 992
18 1068
959 978
182 1129
589 1243
42 995
1078 1340
597 805
173 444
250 263
219 1355
630 671
825 1129
932 1073
97 568
772 1007
767 937
676 723
5 1071
654 1103
1141 1357
660 1044
485 882
407 520
323 490
154 933
326 580
1177 1349
353 824
609 734
809 1439
215 446
959 1413
479 1289
143 1121
571 1386
716 850
341 893
752 1263
951 1375
693 977
398 1217
947 1302
25 860
616 682
222 1340
89 1370
80 184
349 1163
381 951
786 1382
503 1201
209 623
311 1027
232 1213
476 1402
499 1440
1142 1407
958 1394
561 927
517 777
233 348
638 674
266 1006
520 723
721 1383
137 357
478 652
764 947
640 1242
193 1120
202 345
780 1134
233 605
183 476
625 642
527 1360
536 543
442 827
650 1334
1285 1380
99 1134
411 1310
543 1081
723 1355
100 197
449 1028
252 997
263 1390
135 515
363 1016
159 503
788 810
1232 1244
35 936
836 999
159 185
523 893
391 769
81 698
1 1416
211 974
20 640
567 1110
555 1072
19 1249
748 1209
369 1317
1187 1399
965 1421
772 1147
978 1411
1087 1157
619 1108
732 1013
672 843
657 1103
118 634
271 1376
37 553
107 397
487 851
192 362
17 739
378 1252
1091 1190
1000 1334
446 1258
186 1295
192 1362
535 687
278 431
1356 1400
528 1038
566 1254
907 923
121 647
130 512
757 1322
429 1149
313 529
245 1436
700 1341
243 669
522 1342
38 1129
310 601
173 1077
318 516
450 673
189 925
450 922
429 962
668 881
258 363
48 1039
317 452
785 1428
277 564
1011 1351
1078 1322
869 1427
1033 1245
960 1296
20 359
522 697
301 1303
960 1183
202 523
219 665
578 750
249 373
225 1115
758 873
828 1096
1240 1307
195 754
283 1411
470 1106
403 845
710 1238
747 843
477 1140
382 1434
230 284
124 1440
313 1360
332 557
581 1288
86 971
918 1384
822 1069
1238 1331
228 763
447 791
1134 1306
1074 1271
1094 1162
402 1047
119 1305
930 1153
863 925
1116 1344
226 907
228 1249
31 1108
106 778
302 710
53 1062
246 1279
139 1049
1002 1119
426 679
327 1398
75 483
735 1390
292 1077
1103 1207
611 1415
277 639
770 1295
466 743
35 73
690 1368
413 1440
866 1024
508 619
540 700
53 1038
20 259
1125 1192
126 1338
1225 1246
1225 1237
550 893
342 1002
260 1179
571 1054
1314 1391
317 914
1112 1334
835 1150
822 1115
72 495
552 1255
382 429
116 867
88 1416
65 474
153 1183
221 861
80 1211
39 941
444 956
1038 1374
620 1305
175 1243
919 1422
820 1206
611 634
632 1311
666 730
100 821
491 873
872 1009
449 1074
812 960
154 293
353 916
982 1416
298 1244
1251 1388
411 1228
380 425
790 1121
568 970
640 1112
785 1056
700 789
510 1188
725 800
577 617
7 891
651 1031
24 1280
643 1199
161 899
318 945
190 305
62 659
240 1185
56 1252
652 887
43 72
352 692
905 1416
87 981
610 795
77 658
86 184
133 253
171 252
166 1025
548 709
161 1108
510 965
721 1207
572 841
124 441
890 1406
55 343
257 1054
786 934
220 582
415 1259
682 1089
39 177
722 1031
62 102
234 1322
353 661
577 1338
700 1084
762 769
641 1021
43 960
29 1179
797 884
92 1220
578 607
8 349
454 1156
8 1301
790 1437
571 1351
1278 1286
514 837
1065 1250
45 560
312 589
501 1343
774 1159
270 1313
404 1242
601 1359
332 763
50 622
844 1060
423 1165
155 1221
42 824
245 346
9 926
91 1007
1314 1427
1139 1211
723 805
247 953
16 687
684 1187
764 1378
2 426
7 926
681 1246
235 326
828 834
1082 1096
883 1043
553 1363
857 1206
542 889
57 351
588 939
113 968
262 562
315 317
137 1070
233 573
701 1124
228 951
511 966
712 1102
251 1378
533 890
488 848
265 528
407 702
749 978
95 1099
921 1085
810 1351
350 480
267 303
510 1055
26 460
432 1292
799 1116
17 749
549 1071
423 703
238 570
120 408
580 1003
351 980
303 1158
81 1215
78 1200
50 879
930 1001
696 725
90 849
737 945
48 954
989 1004
136 929
200 771
41 1359
102 121
1110 1286
258 1371
809 1242
297 724
1109 1187
620 767
716 828
974 1129
146 250
409 895
1135 1376
116 903
837 1147
246 938
636 737
952 1026
425 1101
1144 1420
1131 1248
187 1356
406 460
363 718
167 730
1063 1065
898 905
332 418
194 803
698 1247
533 1184
822 911
1281 1385
709 823
1196 1421
439 903
243 299
371 1075
161 734
477 1214
1220 1432
58 197
42 975
222 795
220 472
710 1280
45 455
366 619
709 725
250 924
101 1265
201 744
631 730
1144 1406
708 869
930 937
32 769
248 1110
201 1159
197 380
756 967
528 1379
559 811
637 724
301 1131
650 844
427 1058
18 739
417 696
694 799
302 431
799 1196
1042 1378
113 854
732 857
29 299
639 1109
99 735
43 892
178 664
898 1038
564 1247
67 1402
110 810
866 869
414 1266
944 1353
425 776
247 375
815 1335
569 972
1161 1399
500 1282
362 475
797 830
192 1312
465 961
61 524
444 951
1143 1238
1323 1369
611 882
383 1335
673 710
1084 1385
857 1420
581 870
242 1325
496 1163
561 1300
335 1008
1064 1365
923 983
774 1081
87 617
243 524
202 312
49 1395
212 1279
199 958
209 601
174 1320
799 861
39 487
882 1225
99 1165
1124 1353
408 673
430 1003
585 786
71 1266
429 1011
99 165
138 987
643 1081
717 788
312 972
182 709
742 750
322 813
260 280
318 1091
41 987
331 656
132 1099
484 848
474 781
246 559
200 1309
161 819
675 982
621 777
587 1433
1342 1403
1 383
262 1000
558 1013
120 1114
114 224
67 268
11 354
137 386
380 481
441 748
16 238
710 907
751 1195
101 962
298 928
376 569
348 1200
126 1075
754 1110
786 838
1308 1435
749 1181
60 720
315 665
104 1355
290 1218
193 694
659 679
720 1044
317 1019
394 1145
119 361
617 1041
233 766
432 848
1296 1308
719 1342
1197 1229
428 1261
983 1420
1204 1432
128 1243
185 496
262 1280
264 1435
110 738
836 978
547 1389
891 1378
814 1170
545 692
42 1104
547 1013
483 1066
152 495
57 227
68 665
849 1063
527 1224
414 1081
634 663
266 1331
246 1116
575 742
113 1044
784 817
182 1010
83 1177
1142 1353
977 998
288 943
104 477
445 1267
195 841
593 763
587 734
639 1090
62 1295
612 879
545 1264
1037 1323
380 489
717 829
577 1180
294 1045
374 861
696 1303
321 359
47 1089
1002 1436
98 1139
806 1190
340 1122
1040 1223
748 1237
52 774
121 696
1153 1284
846 1133
55 344
318 1429
1139 1262
268 744
997 1018
253 895
163 1307
241 1421
474 1195
501 1325
262 831
263 892
471 1418
658 852
