7
1000
572 1372
981 1200
530 1171
357 1311
136 1345
508 1139
199 938
688 1383
63 88
811 1257
471 996
92 194
91 431
569 1167
471 959
875 987
71 1226
393 951
766 811
996 1029
636 1140
528 759
453 456
124 1158
586 1127
79 993
652 1151
288 375
631 1423
758 908
405 1096
626 1066
928 1328
400 1224
632 1299
33 548
583 622
789 1390
770 798
184 1274
633 800
710 890
273 1283
987 1161
161 1379
959 1134
875 1082
149 915
204 1119
250 636
469 1001
171 220
338 478
862 924
938 1255
201 762
869 1041
466 1356
553 1245
33 1015
183 560
601 1063
753 1312
804 1088
658 671
379 829
303 1044
523 769
19 739
84 482
106 839
906 1044
196 927
675 812
212 391
597 1362
952 1065
562 854
289 709
554 1057
76 1140
483 1135
320 453
933 1186
651 733
394 1221
564 932
220 1047
453 787
234 870
534 951
241 410
482 694
281 663
695 1133
331 1075
589 956
811 1298
61 851
475 761
873 1340
342 1290
680 696
983 1181
371 1345
599 1035
49 1015
2 1360
982 1024
964 1352
74 905
1261 1347
315 690
273 897
80 906
56 687
806 934
740 1404
163 682
375 678
337 1009
448 494
1030 1108
1109 1405
760 988
317 1429
347 1237
643 728
1042 1104
595 1398
369 773
1264 1360
1286 1301
192 588
743 976
1181 1213
253 1141
379 695
906 1197
753 1004
609 1350
731 1093
353 577
5 52
20 640
839 1148
637 1047
461 541
361 875
672 729
913 931
59 613
570 761
556 1056
662 999
1040 1232
309 369
724 913
785 1095
718 1069
1296 1305
333 1391
93 1268
87 1278
787 1190
355 1243
683 704
1074 1151
732 1403
269 1166
1097 1372
160 639
763 987
117 128
396 1181
660 825
1320 1413
297 905
36 359
437 701
494 1007
898 1133
927 1159
366 875
666 742
38 210
494 564
486 588
90 193
10 512
398 1058
28 1010
486 1008
241 298
69 285
522 1006
353 725
836 1344
331 585
139 516
574 818
48 810
37 494
65 555
101 826
154 730
432 1048
453 1020
47 1193
184 204
17 1373
314 1399
693 768
875 1295
480 1019
567 719
342 427
616 1054
1129 1370
1012 1234
46 913
846 1027
268 271
44 940
407 1278
375 400
1034 1058
151 1179
846 1337
408 1427
594 681
255 1282
867 1194
293 505
682 876
269 785
956 1353
361 368
24 148
710 997
449 1125
1081 1322
224 1413
218 959
109 1328
322 856
28 1052
103 461
461 540
445 871
215 618
47 1148
9 487
783 1083
443 917
1163 1432
41 247
53 1238
193 478
86 762
780 1110
74 424
562 970
764 874
614 1226
410 513
1047 1341
370 679
31 96
682 1290
498 645
1250 1286
540 1197
464 1305
467 1153
144 479
224 354
183 519
436 505
313 707
962 1221
352 510
603 900
750 805
658 975
17 523
245 1071
146 1137
507 561
1173 1247
762 1376
259 264
668 985
855 919
293 1383
192 545
582 886
1058 1149
1256 1311
499 594
317 904
236 663
509 675
327 598
148 579
66 573
309 1371
408 946
921 1191
811 1439
808 1343
189 798
166 649
247 382
173 1373
180 592
71 1251
721 815
819 1209
480 1201
1108 1382
478 1404
372 956
301 1139
302 760
753 1338
295 310
1119 1171
126 310
392 552
1024 1122
11 441
6 694
217 750
296 1059
300 387
1139 1253
508 1208
778 823
481 1373
35 784
626 639
328 586
969 1252
196 449
990 1286
941 1171
99 695
631 1255
234 481
447 600
144 648
264 468
723 927
826 1303
516 1324
239 370
779 1391
28 1201
846 1135
112 1343
172 1302
469 634
80 844
928 1110
328 1071
191 573
286 531
659 1421
975 1213
161 660
259 1220
98 984
60 659
160 254
718 1290
47 377
441 1043
233 1062
1248 1369
670 844
1060 1314
96 278
700 1379
126 526
8 1142
721 891
78 992
652 872
55 981
70 600
63 190
218 414
659 1128
738 1102
107 706
299 1353
309 417
291 345
454 470
1314 1400
806 911
36 172
292 855
624 865
506 1031
572 1143
262 407
480 660
729 795
35 1114
212 1156
757 811
132 384
66 1051
740 1296
1137 1307
371 1383
918 1111
310 908
56 835
625 1147
195 208
406 543
641 956
349 1433
660 937
516 905
226 909
91 1055
127 704
204 518
982 1056
44 1058
92 934
127 272
540 902
1049 1211
185 736
262 633
275 981
115 948
550 1081
40 253
339 1251
945 1431
327 604
815 903
1077 1120
266 465
938 1051
900 985
224 901
1152 1432
343 768
554 1232
696 1206
42 954
229 910
428 1189
159 543
762 1273
485 938
336 513
1148 1206
731 1145
248 1186
16 1276
694 1356
810 1051
525 620
736 838
577 589
1179 1185
914 924
286 468
932 1338
1214 1280
28 548
346 591
556 1023
1070 1306
468 740
333 970
44 1119
608 715
588 1176
308 1371
170 665
312 413
587 964
733 1304
619 1428
525 1123
205 1177
385 1153
377 742
40 598
2 148
363 570
194 1396
798 1002
1088 1414
257 404
409 722
392 1128
683 1077
507 585
616 1013
758 1034
499 831
743 1127
548 695
482 540
92 228
950 1116
166 984
627 1393
277 749
720 1106
220 678
193 615
988 1042
287 1408
19 101
404 1199
127 808
722 924
192 1191
407 1366
142 296
327 919
1196 1220
1173 1370
70 561
390 526
838 932
148 1074
351 528
9 104
809 831
903 1378
158 1114
15 1360
1244 1376
116 544
532 1270
660 779
414 769
363 1118
609 740
457 1435
15 1087
907 1323
537 1418
984 1357
389 605
399 921
384 1323
1287 1419
862 1409
437 733
645 1090
728 902
380 1298
228 1190
451 882
248 344
363 486
469 1023
62 621
780 1406
261 870
87 976
624 1330
349 998
93 768
116 724
293 664
359 591
200 659
568 938
686 1105
38 1201
204 360
563 636
624 879
1337 1349
518 1187
148 918
832 1053
44 1308
222 930
143 932
1023 1174
315 1209
202 461
847 1041
352 786
415 972
634 822
360 965
50 969
901 959
24 1293
700 1201
678 1124
8 235
7 984
399 1023
172 272
745 1051
776 837
62 1013
177 1165
247 1011
319 390
583 680
382 993
137 305
122 937
241 833
251 419
255 1190
701 958
58 994
644 1262
149 408
1312 1434
301 560
240 584
290 1201
697 1397
274 611
418 911
1053 1275
82 525
336 1383
507 1028
417 886
571 667
401 1287
1083 1176
134 190
555 977
307 603
154 1183
205 530
954 1090
366 928
144 953
88 212
438 685
86 776
824 859
348 685
464 1307
20 1394
480 893
921 938
752 1420
749 1030
631 994
109 351
85 860
36 303
516 1401
840 1284
761 1034
472 1339
83 1082
55 172
750 1304
600 1281
681 974
1 986
18 356
615 1087
571 951
677 1431
246 522
962 999
337 1304
660 796
132 781
305 535
122 702
281 822
628 1150
1146 1363
692 1214
74 829
1065 1161
81 1055
432 589
1428 1429
623 1308
47 219
1123 1233
246 345
181 794
669 1193
746 806
175 864
292 1440
1235 1393
946 1316
520 1240
49 592
773 1200
795 1287
671 967
329 1329
121 148
266 428
1110 1372
59 880
785 1237
415 950
573 961
513 838
799 946
524 1151
358 1349
651 1362
629 866
406 600
128 301
633 829
1237 1260
462 508
180 1231
171 323
921 1208
376 1313
384 638
10 268
747 1097
868 1128
366 725
781 1108
956 1216
248 883
50 479
246 1050
1091 1173
172 884
682 1053
879 1255
82 1270
1233 1351
1243 1325
147 266
793 986
221 553
68 1022
100 1051
642 878
120 772
935 1187
157 1112
343 762
355 1318
320 462
26 1364
119 331
72 378
368 1440
220 789
621 666
532 1134
934 1205
138 886
522 1302
1040 1248
650 1364
484 1236
816 853
925 1170
889 1296
307 677
663 1406
753 854
49 1060
246 326
139 821
166 468
746 1144
196 1261
624 878
142 450
345 744
774 1137
831 1089
401 1079
407 953
220 456
255 392
573 1180
295 1238
450 828
80 1182
614 935
41 192
500 1311
473 1081
61 1297
360 1248
37 853
1273 1288
851 1383
162 1052
468 513
363 877
133 508
363 470
241 1217
22 1423
398 978
632 720
497 1177
1008 1170
255 602
187 590
731 813
31 503
387 1099
796 1098
1101 1294
220 643
1035 1332
48 1120
406 956
344 555
760 1196
1011 1145
664 1381
60 638
235 1337
169 1276
241 1152
511 1369
178 364
827 1069
185 1343
28 1321
99 851
91 521
455 1222
167 169
362 446
275 1412
646 1219
937 1248
391 430
537 1076
736 1112
624 792
459 1383
1025 1197
496 725
927 1316
192 491
243 513
90 1244
483 1370
717 942
1285 1321
1276 1434
289 834
109 703
1071 1398
419 822
74 455
95 701
358 1179
32 1247
947 1404
958 1271
251 1367
347 1183
571 1281
392 1346
498 820
125 282
660 1346
235 1026
1129 1255
24 522
67 681
856 914
167 909
572 1234
855 900
1170 1232
113 1406
1109 1256
153 976
230 1342
117 286
831 1233
466 1312
7 252
259 1237
134 140
39 924
118 157
393 1055
159 979
46 908
328 727
3 82
400 757
336 817
539 1379
839 1439
181 718
159 1299
1058 1201
109 989
469 1387
891 1139
455 989
272 971
123 200
744 1208
25 430
1142 1284
79 623
170 198
175 217
803 829
1048 1328
239 697
1064 1158
179 542
467 665
523 1303
410 1118
176 376
86 1258
742 1402
267 511
279 535
724 936
414 587
471 1123
232 1234
411 595
411 1164
141 227
568 1007
406 1315
263 583
157 1199
705 1440
407 1091
301 1041
459 908
210 955
1127 1228
113 681
266 1360
667 1247
672 1157
596 1324
103 605
69 555
730 1433
340 893
385 982
43 933
469 908
181 1209
383 890
888 1167
229 1426
129 529
438 592
209 480
117 1385
239 781
1174 1253
609 1336
199 1303
573 1017
756 1241
71 178
753 1115
787 980
1317 1347
19 1084
169 1061
197 938
419 1417
296 827
300 577
99 895
1098 1211
120 687
