1000
348
157
520
660
484
766
518
506
342
810
438
607
945
32
828
996
152
48
699
172
734
881
446
570
358
540
633
825
933
784
613
443
86
749
235
379
519
190
134
68
731
477
338
871
476
119
365
253
767
663
292
729
442
312
393
414
455
304
267
365
267
415
677
954
20
578
548
141
813
10
773
676
983
786
909
653
977
654
193
797
779
771
504
834
807
447
322
529
313
142
659
268
172
41
884
978
650
168
380
272
954
832
579
919
676
642
194
423
950
410
907
885
65
50
589
723
380
133
18
347
721
808
797
504
704
645
582
976
477
40
788
94
518
767
467
365
812
478
66
146
225
535
796
465
668
569
352
56
148
585
935
159
885
292
411
353
990
285
472
645
921
114
775
52
803
968
932
257
380
761
750
945
246
818
407
814
60
39
775
654
491
571
464
700
356
41
534
636
565
547
790
230
119
873
588
787
415
764
907
374
141
560
801
490
938
463
744
566
652
548
133
793
40
550
154
202
169
802
648
257
126
140
226
801
179
536
667
992
303
752
710
931
346
390
828
264
74
798
592
664
5
788
227
587
916
272
760
317
319
225
764
415
314
263
390
56
204
736
7
811
529
681
144
717
504
531
400
803
749
994
500
953
270
830
382
208
53
57
337
843
319
165
775
94
284
334
180
353
743
36
53
450
212
890
166
639
597
715
963
212
277
695
770
336
111
517
799
739
618
818
434
151
425
858
92
508
382
172
584
103
451
925
277
898
788
372
677
337
20
733
990
696
569
71
432
607
122
477
608
509
635
536
91
527
418
708
342
894
132
193
915
430
189
438
730
306
833
4
553
707
944
448
900
964
910
114
123
509
327
515
16
743
597
716
282
586
48
661
305
810
69
787
570
463
437
882
968
580
60
264
834
493
982
312
660
847
748
931
822
522
658
927
811
986
636
541
656
573
130
955
523
122
738
12
729
983
333
331
420
387
791
186
288
195
49
113
389
436
466
72
723
844
467
926
175
86
367
134
899
559
674
331
907
860
491
169
382
790
46
259
369
223
203
272
466
474
71
893
775
950
581
83
789
468
24
512
483
13
674
936
429
469
936
733
677
417
442
389
98
535
229
686
401
921
937
801
350
135
473
354
26
166
875
561
367
414
543
64
198
882
438
969
838
945
11
67
881
896
610
355
177
873
440
353
412
654
525
281
604
846
284
401
29
800
683
842
30
533
216
928
256
282
290
396
610
473
990
638
244
631
774
995
146
249
632
960
330
186
625
33
323
770
680
514
843
299
59
377
904
507
418
254
72
874
325
762
356
728
493
830
93
284
693
696
963
313
400
526
73
649
457
184
198
538
911
57
10
601
134
274
664
327
175
589
695
445
210
43
325
246
117
657
139
190
847
467
985
132
2
324
27
900
278
468
763
734
893
147
802
21
494
137
87
323
601
596
5
632
229
511
555
206
430
183
84
181
313
87
246
754
237
714
134
275
132
757
603
320
549
291
40
896
741
803
410
505
773
911
536
334
56
864
400
366
679
520
436
953
295
854
929
792
843
530
812
320
270
197
693
939
684
300
966
785
229
599
831
284
68
567
584
595
785
837
679
106
998
936
950
624
379
112
369
287
781
376
243
691
989
929
764
138
80
352
53
44
552
843
952
800
558
354
192
814
612
593
433
632
500
943
686
95
70
595
162
540
965
541
272
346
244
300
415
908
412
115
62
96
811
503
99
740
492
840
748
477
831
330
976
660
435
846
706
738
31
928
278
486
900
284
575
811
809
361
957
533
552
910
677
47
974
96
298
576
732
284
548
817
456
588
538
978
594
447
581
35
441
707
632
453
1000
997
905
90
132
73
802
493
750
391
672
873
887
404
15
344
690
201
762
517
291
213
922
123
324
99
444
107
768
791
586
991
807
314
996
984
278
500
908
70
731
606
424
333
28
287
480
159
847
719
491
384
291
281
462
354
843
501
646
529
95
919
615
738
134
179
416
302
455
319
990
600
67
181
273
18
641
219
722
177
786
352
150
657
801
305
495
232
348
211
819
513
660
366
822
740
982
76
619
711
13
926
324
639
225
955
942
861
600
307
124
59
369
750
173
640
241
281
149
290
763
117
343
330
683
776
102
933
421
978
480
562
126
787
316
629
168
167
234
659
292
157
114
19
437
498
29
21
771
748
683
191
143
516
875
139
732
830
891
229
758
556
987
72
524
384
185
359
851
958
837
165
216
330
32
42
707
332
937
761
749
519
358
589
897
286
990
645
586
42
542
612
497
388
845
408
101
464
839
771
