1000
500 1086
945 312
743 850
916 628
486 1329
942 1149
1015 1250
580 141
557 558
496 583
929 174
548 841
1264 704
448 971
325 871
993 1095
185 789
494 421
1017 1345
1417 982
1199 848
1395 1060
307 382
1122 517
331 309
14 1291
99 61
314 508
944 1143
584 960
757 604
528 1119
551 1107
668 1176
917 1166
289 1116
1238 413
1016 455
1211 257
442 332
1078 1238
64 682
1204 916
254 603
453 1046
1436 605
812 427
26 1392
349 1429
121 1421
1156 1424
607 1292
744 510
921 346
170 555
544 144
423 711
607 165
444 815
796 880
1430 125
490 575
852 159
296 1332
251 724
317 673
169 726
88 298
1351 636
905 1065
949 1082
173 943
171 696
395 164
707 1357
1336 1074
838 394
650 403
757 305
395 466
152 989
737 493
780 945
524 183
131 1233
255 730
1322 677
637 574
951 238
1212 143
46 555
959 1358
591 828
1184 778
1349 712
1350 616
916 1004
195 525
1152 121
259 1374
161 1385
212 1361
465 453
770 737
1080 1289
372 1387
860 565
42 272
693 134
597 689
555 640
1036 237
929 339
1231 1104
899 1098
1291 80
662 1017
29 940
242 737
291 81
705 222
543 762
650 575
511 652
513 1040
415 256
1127 1151
229 988
278 1096
248 1152
95 124
670 860
647 1262
602 806
860 20
642 914
306 538
471 422
260 179
196 238
1388 63
228 1357
810 266
182 755
206 517
928 1235
990 231
787 1251
621 172
665 1350
682 652
1276 1242
1336 22
652 390
317 1142
274 951
1044 855
840 436
242 87
875 1309
1144 900
206 825
158 964
709 1157
634 110
961 859
624 840
281 5
1144 141
1002 1263
186 404
14 1434
843 780
414 908
601 1333
501 223
298 964
854 87
636 1170
701 135
980 171
919 1183
372 613
727 15
541 1273
905 472
504 1272
314 257
1098 264
304 880
1069 885
1003 1432
16 1081
438 680
730 1298
236 793
1418 350
1130 1158
166 1266
126 486
156 736
333 212
1113 1319
756 1397
1431 162
84 1386
124 20
1311 1027
846 298
764 50
672 679
1010 962
633 749
216 1323
1071 397
457 635
419 1016
1063 1143
926 390
742 896
1273 1279
987 1113
1181 515
735 432
782 962
638 1391
594 810
700 803
506 1081
677 604
546 229
1439 774
547 608
6 1186
909 486
47 140
1365 1274
121 1416
1432 806
158 532
423 180
76 873
1352 461
327 1207
665 724
1002 145
751 658
967 513
693 188
487 877
1096 369
1311 1224
791 632
688 53
404 1279
1078 545
12 1143
1397 803
1199 1423
276 602
382 1083
82 899
953 1231
1133 424
126 571
813 1351
1218 1150
915 998
250 542
573 292
173 953
170 147
834 846
266 1412
1415 510
1245 992
869 439
910 958
423 1157
748 803
499 856
1318 11
839 1155
694 255
596 1
846 1182
64 1338
732 973
1195 1190
239 616
896 623
458 950
200 1397
342 590
64 145
712 128
258 436
950 1368
1314 387
397 575
1263 603
461 1001
1362 797
449 1276
613 480
310 294
974 395
1423 1220
415 974
1127 378
1289 6
405 226
411 293
897 849
512 594
532 1391
504 50
87 817
331 1207
812 448
741 1033
1245 469
133 654
1126 202
644 759
510 700
371 824
1235 876
362 871
871 801
767 1334
133 1045
1036 868
1042 248
1071 512
590 100
1249 1085
851 605
207 934
130 938
952 1068
1174 134
280 135
1122 503
100 917
811 1013
705 89
1427 931
1327 307
233 366
947 678
580 381
555 968
1058 970
679 882
350 1376
179 599
1435 1297
173 1001
1217 1214
634 278
123 1186
640 862
1211 1401
473 478
97 386
1137 475
653 858
367 432
1094 668
102 146
712 1093
123 204
736 588
695 1089
315 655
1240 534
900 1111
470 689
53 280
97 595
872 1009
477 780
675 1253
866 824
1312 205
1081 1428
1129 1093
1257 1056
1143 140
1265 454
13 875
1157 715
77 1207
1059 861
713 1181
147 359
1065 736
916 903
1 1411
600 603
1185 762
759 1089
1185 809
698 1328
1135 1142
1438 751
178 1284
315 198
1303 1381
1218 420
1046 799
85 1285
1282 1285
1174 1033
90 121
1116 373
486 742
879 671
1006 273
843 627
722 164
57 450
520 888
114 902
40 665
1174 1311
169 1145
322 222
711 968
893 1345
1250 566
1365 294
930 785
537 809
507 879
857 1115
1350 1117
482 788
1359 1055
814 533
818 671
92 371
309 111
216 229
1231 996
1225 1259
1229 187
281 355
1005 1361
931 1141
1323 210
76 1407
608 95
365 296
1272 690
308 94
1381 955
735 1160
884 608
681 1204
77 350
525 740
503 723
1249 917
1181 940
1284 721
21 923
60 164
255 92
869 725
254 636
44 761
292 941
1076 453
361 876
1315 535
804 574
235 722
700 955
375 425
479 1056
755 1153
1168 681
675 937
393 708
327 1190
427 752
451 1328
832 1160
81 1158
807 443
169 598
20 526
1003 1148
772 32
1047 1156
148 470
609 783
854 1297
268 894
639 278
119 927
1198 419
969 1126
171 611
914 384
539 52
473 1175
14 1428
816 650
1167 1275
1254 1322
233 1285
136 134
181 192
216 798
905 1298
319 1097
92 446
1276 1014
607 5
258 450
922 878
348 892
361 841
1231 81
1374 1126
809 1350
301 1355
1397 563
602 734
1027 1207
816 1035
238 533
518 1254
561 1226
709 484
592 1377
1258 798
219 362
688 1250
1145 288
172 565
1201 544
151 920
169 1326
685 228
169 1233
511 414
1162 241
1305 1110
36 1439
344 502
1300 999
342 100
317 1343
865 221
1230 147
80 1333
1373 1249
186 925
642 704
1306 1188
422 1116
332 624
1360 502
1023 1417
1297 1101
908 1240
569 1103
1218 54
432 859
862 539
759 1321
361 236
1384 1301
480 827
150 398
994 897
706 1057
109 743
618 239
1392 1089
517 1205
610 1418
1027 239
839 977
1091 601
536 277
786 1009
1004 518
915 1168
554 577
71 1419
589 1362
1116 489
145 1157
597 938
213 528
487 944
110 1090
778 131
715 127
1240 1121
114 543
1213 265
997 1004
283 1146
1071 530
1188 281
807 287
10 776
1149 868
529 919
400 548
255 1093
887 357
715 648
141 1091
556 59
1194 461
111 944
542 1392
217 1124
850 1250
952 1275
437 890
88 1394
102 1081
142 1260
179 1148
352 780
142 1
1222 1248
216 1085
1062 84
1044 533
280 755
1332 3
818 125
217 103
571 874
938 69
868 44
694 661
367 38
304 1311
779 48
1245 290
966 1330
1267 257
89 147
52 731
977 446
881 189
1148 286
605 1017
1370 699
855 683
930 381
503 1268
1057 180
478 138
39 380
1226 562
288 573
1277 600
1324 1069
717 918
763 1424
198 1179
1290 1384
1177 550
162 486
46 1031
153 232
1031 355
905 151
1294 435
1103 251
1336 1212
343 202
1019 1217
322 736
1054 150
653 672
988 959
770 567
1261 141
1423 1135
1219 1082
218 126
1403 297
9 1241
41 829
396 1325
1033 24
252 957
853 298
324 24
1262 1233
991 1160
1080 1140
89 620
914 943
707 831
759 1011
1402 526
1142 946
166 619
891 32
1230 307
163 663
4 841
23 649
73 895
127 627
540 680
1386 134
1075 75
1024 402
582 9
98 254
602 67
1109 349
1035 1088
1006 1208
874 1025
1046 882
840 1353
1116 182
1357 953
1354 745
297 36
1178 118
1017 1275
211 1100
717 282
1232 699
784 921
434 835
879 719
1165 524
158 406
377 569
144 604
34 1123
636 638
483 210
1342 884
1114 691
514 492
803 975
844 19
103 778
913 1344
153 322
1051 1340
1006 1029
203 345
1285 395
191 418
1419 615
475 557
1312 836
525 580
75 44
262 175
400 1264
165 956
305 1258
461 578
1343 794
1406 855
734 1263
1263 383
783 1096
38 1113
240 1043
669 1328
481 143
1119 450
792 86
92 1207
335 1206
64 1006
925 1363
539 477
456 837
1028 668
1138 109
1130 499
1408 946
1289 746
67 96
1272 1117
22 63
184 665
1046 616
1085 852
1127 1405
1173 174
181 450
449 492
993 959
932 1173
936 1210
856 1196
274 216
1325 1209
1250 1336
605 518
448 1151
51 1160
853 650
221 144
1430 683
214 653
887 1206
1003 17
732 774
756 226
1253 127
215 1088
851 1034
810 69
206 1226
1041 442
6 772
352 1113
937 226
865 719
459 298
19 568
259 1343
515 658
1216 208
341 854
415 546
1096 1259
904 677
264 1256
635 540
255 1160
938 858
402 122
384 776
1362 144
1062 131
1259 71
705 786
534 718
491 3
1304 746
803 113
775 660
1056 730
442 33
1170 83
881 100
439 365
547 918
1300 425
1010 11
680 946
1130 238
1211 1069
1308 549
1281 746
1184 684
416 1034
431 868
813 1293
289 506
1061 204
355 704
435 809
30 986
971 1325
615 731
1184 1031
792 45
1257 998
1071 462
1251 1426
1262 397
1032 348
29 500
510 194
134 54
1038 515
239 831
150 960
1395 941
972 1387
694 483
953 1163
588 11
178 530
229 402
623 49
185 1206
477 465
555 1309
1197 643
425 329
1355 1035
1332 701
380 1008
364 503
1201 198
1042 28
1319 458
903 1298
970 743
1328 214
872 278
1207 447
22 1124
549 949
464 16
898 600
581 661
785 918
305 1116
427 1424
1038 969
334 1291
110 324
1371 843
1376 1186
544 1275
579 429
597 1018
946 1043
769 1300
744 1431
1255 1117
1254 132
474 941
1302 1058
1289 704
1251 586
282 150
368 1402
865 1394
1074 93
455 398
1200 1289
781 772
1333 663
186 993
40 487
1253 278
1415 102
1021 623
1329 474
761 890
823 370
42 449
206 1077
1417 1246
156 1202
509 818
1059 228
473 1335
544 365
103 380
1399 79
1240 740
867 162
1316 463
1132 1409
183 883
730 172
737 1135
1129 122
1019 1095
1088 373
489 1001
436 870
88 143
1148 1273
573 93
708 967
1008 975
74 356
1014 847
1179 507
352 904
1066 341
146 911
826 816
820 840
306 202
907 892
609 1310
316 446
990 87
